Date/Time,Electricity:Facility [kWh](Hourly),Gas:Facility [kWh](Hourly),Heating:Electricity [kWh](Hourly),Heating:Gas [kWh](Hourly),Cooling:Electricity [kWh](Hourly),HVACFan:Fans:Electricity [kWh](Hourly),Electricity:HVAC [kWh](Hourly),Fans:Electricity [kWh](Hourly),General:InteriorLights:Electricity [kWh](Hourly),General:ExteriorLights:Electricity [kWh](Hourly),Appl:InteriorEquipment:Electricity [kWh](Hourly),Misc:InteriorEquipment:Electricity [kWh](Hourly),Water Heater:WaterSystems:Gas [kWh](Hourly) 
 01/01  01:00:00,0.932736036358857,8.15612343340278,0.000000000000000E+000,7.69765959588528,0.000000000000000E+000,0.211941853787615,0.211941853787615,0.211941853787615,0.161612925425957,3.521133876479848E-002,9.294299910333617E-002,0.413914905587548,0.429954325124421 
 01/01  02:00:00,0.821133487080400,8.78711032389291,0.000000000000000E+000,8.42307192149678,0.000000000000000E+000,0.231914837931091,0.231914837931091,0.231914837931091,9.427424132885273E-002,2.053995520145101E-002,7.618584051012475E-002,0.381106598419282,0.337788651193513 
 01/01  03:00:00,0.773608735681713,8.89004723671518,0.000000000000000E+000,8.55227012648268,0.000000000000000E+000,0.235472088901942,0.235472088901942,0.235472088901942,6.733872589355760E-002,1.467139266972975E-002,6.232654333565033E-002,0.376687971191233,0.311831703971391 
 01/01  04:00:00,0.764387124174596,9.05706505361388,0.000000000000000E+000,8.71319574151241,0.000000000000000E+000,0.239902899688840,0.239902899688840,0.239902899688840,6.733872589355760E-002,1.467139266972975E-002,5.397647371529803E-002,0.371385618517571,0.318289119770106 
 01/01  05:00:00,0.765829896142432,9.26173256324654,0.000000000000000E+000,8.84487164559574,0.000000000000000E+000,0.243528369854538,0.243528369854538,0.243528369854538,6.733872589355760E-002,1.467139266972975E-002,6.582291696649339E-002,0.357356477068514,0.392247020508654 
 01/01  06:00:00,0.821532159730377,9.58331661611424,0.000000000000000E+000,8.84568177962490,0.000000000000000E+000,0.243550675505472,0.243550675505472,0.243550675505472,6.733872589355760E-002,1.467139266972975E-002,8.007824464053613E-002,0.398781107331481,0.710167705520788 
 01/01  07:00:00,1.04668320325845,10.0487383908794,0.000000000000000E+000,8.70988963836394,0.000000000000000E+000,0.239811871809343,0.239811871809343,0.239811871809343,0.154879098812700,3.374420951484601E-002,0.140383655227083,0.460752354204875,1.30711318374267 
 01/01  08:00:00,1.38792826502335,10.6739695982766,0.000000000000000E+000,9.16045063845712,0.000000000000000E+000,0.252217296135355,0.252217296135355,0.252217296135355,0.316492024238656,6.895554827964449E-002,0.228567473812190,0.489583896867899,1.47979754030352 
 01/01  09:00:00,1.33665528501484,10.0275510757212,0.000000000000000E+000,8.55163550612829,0.000000000000000E+000,0.235454615718998,0.235454615718998,0.235454615718998,0.303024287419236,6.602127156697500E-002,0.301128191032485,0.413914905587548,1.44740605719987 
 01/01  10:00:00,1.14531799132012,9.05270741104144,0.000000000000000E+000,7.70858838862447,0.000000000000000E+000,0.212242759350398,0.212242759350398,0.212242759350398,0.154879098812700,3.374420951484601E-002,0.375064854196324,0.352275055756258,1.31985512195749 
 01/01  11:00:00,1.13084953981164,8.50886052355703,0.000000000000000E+000,7.32078285077243,0.000000000000000E+000,0.201565199037728,0.201565199037728,0.201565199037728,0.127943541580951,2.787563787674246E-002,0.395793165817765,0.360559981808849,1.16324312555987 
 01/01  12:00:00,1.09527319946782,6.42255253006794,0.000000000000000E+000,5.37759093181705,0.000000000000000E+000,0.148062742552297,0.148062742552297,0.148062742552297,0.127943541580951,2.787563787674246E-002,0.413608816278677,0.360670447489552,1.02011944240260 
 01/01  13:00:00,1.04474902292659,5.20642906526645,0.000000000000000E+000,4.26996618654961,0.000000000000000E+000,0.117566195012249,0.117566195012249,0.117566195012249,0.127943541580951,2.787563787674246E-002,0.399656799716067,0.354594835050983,0.912039197163110 
 01/01  14:00:00,0.996173346246203,4.31874305267104,0.000000000000000E+000,3.44853596317040,0.000000000000000E+000,9.494952274562576E-002,9.494952274562576E-002,9.494952274562576E-002,0.127943541580951,2.787563787674246E-002,0.361436104744461,0.366856525608822,0.844938850734309 
 01/01  15:00:00,0.982799295251307,3.80043366033250,0.000000000000000E+000,2.99221210199057,0.000000000000000E+000,8.238542792417211E-002,8.238542792417211E-002,8.238542792417211E-002,0.134677451787115,2.934278533945949E-002,0.331768008611008,0.387513607899952,0.781530506974166 
 01/01  16:00:00,1.05260768081876,3.77643931874195,0.000000000000000E+000,2.95980191432028,0.000000000000000E+000,8.149306899729554E-002,8.149306899729554E-002,8.149306899729554E-002,0.168346835632121,3.667848622751551E-002,0.339922860635529,0.409054415636696,0.788462671464199 
 01/01  17:00:00,1.32585603489337,4.20330729829909,0.000000000000000E+000,3.29865754514362,0.000000000000000E+000,9.082287757982394E-002,9.082287757982394E-002,9.082287757982394E-002,0.282822640393651,6.161984739158848E-002,0.389638974367272,0.483839681471435,0.871323982063459 
 01/01  18:00:00,1.86471164178713,6.14894510319226,0.000000000000000E+000,5.07424214885264,0.000000000000000E+000,0.139710554123483,0.139710554123483,0.139710554123483,0.525242070329039,0.114436864645168,0.480422251988538,0.587787887011303,1.03421746849931 
 01/01  19:00:00,2.18908094767290,5.59072491641152,0.000000000000000E+000,4.35461702972823,0.000000000000000E+000,0.119896910784294,0.119896910784294,0.119896910784294,0.781129237083851,0.170188158611418,0.432594366092666,0.638160237411070,1.19215286851012 
 01/01  20:00:00,2.15485478584759,5.65562279027000,0.000000000000000E+000,4.38452929767266,0.000000000000000E+000,0.120720493776002,0.120720493776002,0.120720493776002,0.828266357748276,0.180458136212143,0.349590930400065,0.658706854021501,1.22572327044629 
 01/01  21:00:00,2.01501253079845,6.14410583200454,0.000000000000000E+000,4.95801147377442,0.000000000000000E+000,0.136510341846465,0.136510341846465,0.136510341846465,0.713790552986747,0.155516756835306,0.310730546875078,0.681352318565255,1.13916436825397 
 01/01  22:00:00,1.85289345813452,6.38896498508807,0.000000000000000E+000,5.32071451407632,0.000000000000000E+000,0.146496747945415,0.146496747945415,0.146496747945415,0.599314664632309,0.130575395671233,0.293949375651685,0.665445260544277,1.02241612282491 
 01/01  23:00:00,1.54195950321767,6.88691036463616,0.000000000000000E+000,6.00537975403968,0.000000000000000E+000,0.165347830975813,0.165347830975813,0.165347830975813,0.451169476025773,9.829833361910398E-002,0.234174255411816,0.575857593495570,0.841866856098160 
 01/01  24:00:00,1.22843557879648,7.29314472750023,0.000000000000000E+000,6.61787250901633,0.000000000000000E+000,0.182211768423843,0.182211768423843,0.182211768423843,0.309758114032493,6.748840081692746E-002,0.151455748256992,0.500409533576620,0.640805153861335 
 01/02  01:00:00,0.910493165730039,7.57025925496295,0.000000000000000E+000,7.12855996179982,0.000000000000000E+000,0.196272671494546,0.196272671494546,0.196272671494546,0.161612925425957,3.521133876479848E-002,8.636931076758889E-002,0.413914905587548,0.413189780770016 
 01/02  02:00:00,0.791066444819716,7.83010795864986,0.000000000000000E+000,7.47440142187799,0.000000000000000E+000,0.205794822903367,0.205794822903367,0.205794822903367,9.427424132885273E-002,2.053995520145101E-002,7.223881327716383E-002,0.381106598419282,0.329456785569229 
 01/02  03:00:00,0.754164223145593,8.27273700087717,0.000000000000000E+000,7.94089112993977,0.000000000000000E+000,0.218638816882044,0.218638816882044,0.218638816882044,6.733872589355760E-002,1.467139266972975E-002,5.971530281942931E-002,0.376687971191233,0.305900464676259 
 01/02  04:00:00,0.744666852515747,8.38453939981665,0.000000000000000E+000,8.04655292930608,0.000000000000000E+000,0.221548033294290,0.221548033294290,0.221548033294290,6.733872589355760E-002,1.467139266972975E-002,5.261106845099969E-002,0.371385618517571,0.312406278179217 
 01/02  05:00:00,0.745241513150439,8.59781557086604,0.000000000000000E+000,8.19412381862142,0.000000000000000E+000,0.225611144614944,0.225611144614944,0.225611144614944,6.733872589355760E-002,1.467139266972975E-002,6.315175921409334E-002,0.357356477068514,0.379077855102441 
 01/02  06:00:00,0.799561779292217,8.89542121050344,0.000000000000000E+000,8.19651533603113,0.000000000000000E+000,0.225676990944840,0.225676990944840,0.225676990944840,6.733872589355760E-002,1.467139266972975E-002,7.598154876300982E-002,0.398781107331481,0.671438743503779 
 01/02  07:00:00,1.03650017120171,9.97597787885100,0.000000000000000E+000,8.72596068345427,0.000000000000000E+000,0.240254360470516,0.240254360470516,0.240254360470516,0.154879098812700,3.374420951484601E-002,0.129758134509170,0.460752354204875,1.21828162662395 
 01/02  08:00:00,1.33901067920350,9.55683213494515,0.000000000000000E+000,8.15235417653223,0.000000000000000E+000,0.224461089164172,0.224461089164172,0.224461089164172,0.316492024238656,6.895554827964449E-002,0.207406094963531,0.489583896867899,1.37075653889697 
 01/02  09:00:00,1.28739225708568,9.30203962214319,0.000000000000000E+000,7.94053148341533,0.000000000000000E+000,0.218628914631867,0.218628914631867,0.218628914631867,0.303024287419236,6.602127156697500E-002,0.268690864190452,0.413914905587548,1.33299862633475 
 01/02  10:00:00,1.08594750269162,8.42608778353014,0.000000000000000E+000,7.18778623033797,0.000000000000000E+000,0.197903365212622,0.197903365212622,0.197903365212622,0.154879098812700,3.374420951484601E-002,0.330033759705594,0.352275055756258,1.21403765273271 
 01/02  11:00:00,1.07299743465317,8.16597056436592,0.000000000000000E+000,7.06887556140309,0.000000000000000E+000,0.194629363901541,0.194629363901541,0.194629363901541,0.127943541580951,2.787563787674246E-002,0.344876895795482,0.360559981808849,1.07226045573811 
 01/02  12:00:00,1.03039075635341,5.89657858969276,0.000000000000000E+000,4.92745787636318,0.000000000000000E+000,0.135669100947909,0.135669100947909,0.135669100947909,0.127943541580951,2.787563787674246E-002,0.361120014768658,0.360670447489552,0.944278557481311 
 01/02  13:00:00,0.987507102729109,4.79830131480976,0.000000000000000E+000,3.92742166512443,0.000000000000000E+000,0.108134819154261,0.108134819154261,0.108134819154261,0.127943541580951,2.787563787674246E-002,0.351846255376571,0.354594835050983,0.846455968131597 
 01/02  14:00:00,0.945689917833312,4.01143635211215,0.000000000000000E+000,3.19809868033193,0.000000000000000E+000,8.805416171788052E-002,8.805416171788052E-002,8.805416171788052E-002,0.127943541580951,2.787563787674246E-002,0.317848037359318,0.366856525608822,0.788069433013881 
 01/02  15:00:00,0.939548224997270,3.59882727749438,0.000000000000000E+000,2.84237648261414,0.000000000000000E+000,7.825996114579854E-002,7.825996114579854E-002,7.825996114579854E-002,0.134677451787115,2.934278533945949E-002,0.292642405135342,0.387513607899952,0.729759743512481 
 01/02  16:00:00,1.01190502541093,3.59312569227723,0.000000000000000E+000,2.82746561901099,0.000000000000000E+000,7.784941609190721E-002,7.784941609190721E-002,7.784941609190721E-002,0.168346835632121,3.667848622751551E-002,0.302863858133087,0.409054415636696,0.737485340308770 
 01/02  17:00:00,1.28598790313771,3.99708286382484,0.000000000000000E+000,3.15518814782064,0.000000000000000E+000,8.687269380621583E-002,8.687269380621583E-002,8.687269380621583E-002,0.282822640393651,6.161984739158848E-002,0.353721026385214,0.483839681471435,0.808568944912186 
 01/02  18:00:00,1.81903468740920,5.69857871571233,0.000000000000000E+000,4.69924163714569,0.000000000000000E+000,0.129385558242273,0.129385558242273,0.129385558242273,0.525242070329039,0.114436864645168,0.445070293491817,0.587787887011303,0.958851592726310 
 01/02  19:00:00,2.14564641611770,5.16206810732151,0.000000000000000E+000,4.02322945136504,0.000000000000000E+000,0.110772722216898,0.110772722216898,0.110772722216898,0.781129237083851,0.170188158611418,0.398284023104866,0.638160237411070,1.09488363778328 
 01/02  20:00:00,2.12070454404126,5.55053648491291,0.000000000000000E+000,4.38796295202139,0.000000000000000E+000,0.120815033559020,0.120815033559020,0.120815033559020,0.828266357748276,0.180458136212143,0.315346148810717,0.658706854021501,1.11720331074044 
 01/02  21:00:00,1.97509719098373,5.85642377209391,0.000000000000000E+000,4.77423603094594,0.000000000000000E+000,0.131450400243626,0.131450400243626,0.131450400243626,0.713790552986747,0.155516756835306,0.275875148663200,0.681352318565255,1.03525775117184 
 01/02  22:00:00,1.81506985820664,6.22126353144754,0.000000000000000E+000,5.24020417933557,0.000000000000000E+000,0.144280033971321,0.144280033971321,0.144280033971321,0.599314664632309,0.130575395671233,0.258342489697899,0.665445260544277,0.935225003925121 
 01/02  23:00:00,1.50695601297341,6.57510796070713,0.000000000000000E+000,5.76166543737855,0.000000000000000E+000,0.158637575290390,0.158637575290390,0.158637575290390,0.451169476025773,9.829833361910398E-002,0.205881020852975,0.575857593495570,0.773778768830253 
 01/02  24:00:00,1.20831433145806,7.08440099215356,0.000000000000000E+000,6.45129632271890,0.000000000000000E+000,0.177625378849066,0.177625378849066,0.177625378849066,0.309758114032493,6.748840081692746E-002,0.135920890493347,0.500409533576620,0.598637604812101 
 01/03  01:00:00,0.906685996910595,7.43295771805228,0.000000000000000E+000,6.99028482136663,0.000000000000000E+000,0.192465502675102,0.192465502675102,0.192465502675102,0.161612925425957,3.521133876479848E-002,8.636931076758889E-002,0.413914905587548,0.414163384292528 
 01/03  02:00:00,0.785723013688033,7.63648071884022,0.000000000000000E+000,7.28032973103129,0.000000000000000E+000,0.200451391771685,0.200451391771685,0.200451391771685,9.427424132885273E-002,2.053995520145101E-002,7.223881327716383E-002,0.381106598419282,0.329901236606300 
 01/03  03:00:00,0.748258911573423,8.05852866460638,0.000000000000000E+000,7.72641212318470,0.000000000000000E+000,0.212733505309875,0.212733505309875,0.212733505309875,6.733872589355760E-002,1.467139266972975E-002,5.971530281942931E-002,0.376687971191233,0.306171135160554 
 01/03  04:00:00,0.739608802391674,8.20098547148840,0.000000000000000E+000,7.86284618437472,0.000000000000000E+000,0.216489983170217,0.216489983170217,0.216489983170217,6.733872589355760E-002,1.467139266972975E-002,5.261106845099969E-002,0.371385618517571,0.312559094782317 
 01/03  05:00:00,0.740049974547575,8.40962220882136,0.000000000000000E+000,8.00556881530532,0.000000000000000E+000,0.220419606012080,0.220419606012080,0.220419606012080,6.733872589355760E-002,1.467139266972975E-002,6.315175921409334E-002,0.357356477068514,0.379439496373876 
 01/03  06:00:00,0.794914979644256,8.72769138767266,0.000000000000000E+000,8.02774507540984,0.000000000000000E+000,0.221030191296877,0.221030191296877,0.221030191296877,6.733872589355760E-002,1.467139266972975E-002,7.598154876300982E-002,0.398781107331481,0.672479181294284 
 01/03  07:00:00,1.02905206434654,9.70748204900870,0.000000000000000E+000,8.45544785090001,0.000000000000000E+000,0.232806253615344,0.232806253615344,0.232806253615344,0.154879098812700,3.374420951484601E-002,0.129758134509170,0.460752354204875,1.22029862933591 
 01/03  08:00:00,1.33884792556231,9.55350783321368,0.000000000000000E+000,8.14644301691209,0.000000000000000E+000,0.224298335522975,0.224298335522975,0.224298335522975,0.316492024238656,6.895554827964449E-002,0.207406094963531,0.489583896867899,1.37334339678567 
 01/03  09:00:00,1.27687423193105,8.92226983148102,0.000000000000000E+000,7.55852021091605,0.000000000000000E+000,0.208110889477242,0.208110889477242,0.208110889477242,0.303024287419236,6.602127156697500E-002,0.268690864190452,0.413914905587548,1.33524010817186 
 01/03  10:00:00,1.07299127599215,7.95765440852046,0.000000000000000E+000,6.71722026614886,0.000000000000000E+000,0.184947138513158,0.184947138513158,0.184947138513158,0.154879098812700,3.374420951484601E-002,0.330033759705594,0.352275055756258,1.21617024191215 
 01/03  11:00:00,1.05832215854604,7.63490443532733,0.000000000000000E+000,6.53587427860082,0.000000000000000E+000,0.179954087794415,0.179954087794415,0.179954087794415,0.127943541580951,2.787563787674246E-002,0.344876895795482,0.360559981808849,1.07419560950178 
 01/03  12:00:00,1.02682959901748,5.76917938052848,0.000000000000000E+000,4.79811779346077,0.000000000000000E+000,0.132107943611979,0.132107943611979,0.132107943611979,0.127943541580951,2.787563787674246E-002,0.361120014768658,0.360670447489552,0.946219431219456 
 01/03  13:00:00,0.980943327933901,4.56139162922827,0.000000000000000E+000,3.68902748702968,0.000000000000000E+000,0.101571044359052,0.101571044359052,0.101571044359052,0.127943541580951,2.787563787674246E-002,0.351846255376571,0.354594835050983,0.847940460644840 
 01/03  14:00:00,0.941896755864588,3.87502250849328,0.000000000000000E+000,3.06033226418760,0.000000000000000E+000,8.426099974915559E-002,8.426099974915559E-002,8.426099974915559E-002,0.127943541580951,2.787563787674246E-002,0.317848037359318,0.366856525608822,0.789422005539324 
 01/03  15:00:00,0.936285923757923,3.48133562226108,0.000000000000000E+000,2.72389075650135,0.000000000000000E+000,7.499765990645270E-002,7.499765990645270E-002,7.499765990645270E-002,0.134677451787115,2.934278533945949E-002,0.292642405135342,0.387513607899952,0.730753814391956 
 01/03  16:00:00,1.00912129450502,3.49312236948916,0.000000000000000E+000,2.72636141265791,0.000000000000000E+000,7.506568518600315E-002,7.506568518600315E-002,7.506568518600315E-002,0.168346835632121,3.667848622751551E-002,0.302863858133087,0.409054415636696,0.738586223873784 
 01/03  17:00:00,1.28175576284344,3.84457439918664,0.000000000000000E+000,3.00147818084107,0.000000000000000E+000,8.264055351195075E-002,8.264055351195075E-002,8.264055351195075E-002,0.282822640393651,6.161984739158848E-002,0.353721026385214,0.483839681471435,0.809770447253548 
 01/03  18:00:00,1.81000566795803,5.37205631029064,0.000000000000000E+000,4.37131057030999,0.000000000000000E+000,0.120356538791106,0.120356538791106,0.120356538791106,0.525242070329039,0.114436864645168,0.445070293491817,0.587787887011303,0.960260254140311 
 01/03  19:00:00,2.14147500937690,5.01255250295891,0.000000000000000E+000,3.87172530740835,0.000000000000000E+000,0.106601315476094,0.106601315476094,0.106601315476094,0.781129237083851,0.170188158611418,0.398284023104866,0.638160237411070,1.09687217737736 
 01/03  20:00:00,2.10925517881983,5.13642916167182,0.000000000000000E+000,3.97212570945455,0.000000000000000E+000,0.109365668337589,0.109365668337589,0.109365668337589,0.828266357748276,0.180458136212143,0.315346148810717,0.658706854021501,1.11893323006619 
 01/03  21:00:00,1.96263563853728,5.40568675138525,0.000000000000000E+000,4.32163647566797,0.000000000000000E+000,0.118988847797174,0.118988847797174,0.118988847797174,0.713790552986747,0.155516756835306,0.275875148663200,0.681352318565255,1.03712028574114 
 01/03  22:00:00,1.79958340800771,5.66032361080618,0.000000000000000E+000,4.67774131582114,0.000000000000000E+000,0.128793583772398,0.128793583772398,0.128793583772398,0.599314664632309,0.130575395671233,0.258342489697899,0.665445260544277,0.936747946798238 
 01/03  23:00:00,1.48758792058555,5.87299820745667,0.000000000000000E+000,5.05822258473277,0.000000000000000E+000,0.139269482902531,0.139269482902531,0.139269482902531,0.451169476025773,9.829833361910398E-002,0.205881020852975,0.575857593495570,0.775111868225565 
 01/03  24:00:00,1.18294866500172,6.16420594042164,0.000000000000000E+000,5.53002351928630,0.000000000000000E+000,0.152259712392733,0.152259712392733,0.152259712392733,0.309758114032493,6.748840081692746E-002,0.135920890493347,0.500409533576620,0.599715356512768 
 01/04  01:00:00,0.886094000576828,6.68595619037676,0.000000000000000E+000,6.24239017316795,0.000000000000000E+000,0.171873506341333,0.171873506341333,0.171873506341333,0.161612925425957,3.521133876479848E-002,8.636931076758889E-002,0.413914905587548,0.415056504815683 
 01/04  02:00:00,0.778079353047434,7.35977104448010,0.000000000000000E+000,7.00271444822477,0.000000000000000E+000,0.192807731131087,0.192807731131087,0.192807731131087,9.427424132885273E-002,2.053995520145101E-002,7.223881327716383E-002,0.381106598419282,0.330806845052717 
 01/04  03:00:00,0.745771608829343,7.96874465899779,0.000000000000000E+000,7.63607409181580,0.000000000000000E+000,0.210246202565794,0.210246202565794,0.210246202565794,6.733872589355760E-002,1.467139266972975E-002,5.971530281942931E-002,0.376687971191233,0.306725160920855 
 01/04  04:00:00,0.738866321943176,8.17437734516842,0.000000000000000E+000,7.83587953457428,0.000000000000000E+000,0.215747502721717,0.215747502721717,0.215747502721717,6.733872589355760E-002,1.467139266972975E-002,5.261106845099969E-002,0.371385618517571,0.312917618262778 
 01/04  05:00:00,0.747852260109446,8.69364408440204,0.000000000000000E+000,8.28894530395941,0.000000000000000E+000,0.228221891573951,0.228221891573951,0.228221891573951,6.733872589355760E-002,1.467139266972975E-002,6.315175921409334E-002,0.357356477068514,0.380084883300466 
 01/04  06:00:00,0.801701932120808,8.97562415098399,0.000000000000000E+000,8.27424499472403,0.000000000000000E+000,0.227817143773429,0.227817143773429,0.227817143773429,6.733872589355760E-002,1.467139266972975E-002,7.598154876300982E-002,0.398781107331481,0.673912025291433 
 01/04  07:00:00,1.02879128701887,9.69976849872334,0.000000000000000E+000,8.44597650268446,0.000000000000000E+000,0.232545476287682,0.232545476287682,0.232545476287682,0.154879098812700,3.374420951484601E-002,0.129758134509170,0.460752354204875,1.22205642726610 
 01/04  08:00:00,1.32733137936417,9.13703613269164,0.000000000000000E+000,7.72816578299501,0.000000000000000E+000,0.212781789324839,0.212781789324839,0.212781789324839,0.316492024238656,6.895554827964449E-002,0.207406094963531,0.489583896867899,1.37514893018070 
 01/04  09:00:00,1.27780076850995,8.95824541036782,0.000000000000000E+000,7.59217171985599,0.000000000000000E+000,0.209037426056138,0.209037426056138,0.209037426056138,0.303024287419236,6.602127156697500E-002,0.268690864190452,0.413914905587548,1.33756417811873 
 01/04  10:00:00,1.09175996068313,8.64140932799718,0.000000000000000E+000,7.39889282506855,0.000000000000000E+000,0.203715823204128,0.203715823204128,0.203715823204128,0.154879098812700,3.374420951484601E-002,0.330033759705594,0.352275055756258,1.21825260246915 
 01/04  11:00:00,1.10137900150794,9.20012235895144,0.000000000000000E+000,8.09968489208315,0.000000000000000E+000,0.223010930756314,0.223010930756314,0.223010930756314,0.127943541580951,2.787563787674246E-002,0.344876895795482,0.360559981808849,1.07560291964357 
 01/04  12:00:00,1.08563322778043,7.90537664874751,0.000000000000000E+000,6.93384657534429,0.000000000000000E+000,0.190911572374924,0.190911572374924,0.190911572374924,0.127943541580951,2.787563787674246E-002,0.361120014768658,0.360670447489552,0.946687917554945 
 01/04  13:00:00,1.04872312328620,7.02249288492256,0.000000000000000E+000,6.15076773689834,0.000000000000000E+000,0.169350839711349,0.169350839711349,0.169350839711349,0.127943541580951,2.787563787674246E-002,0.351846255376571,0.354594835050983,0.847301466470498 
 01/04  14:00:00,1.00303643375450,6.09400002649707,0.000000000000000E+000,5.28090559497601,0.000000000000000E+000,0.145400677639070,0.145400677639070,0.145400677639070,0.127943541580951,2.787563787674246E-002,0.317848037359318,0.366856525608822,0.787826192754714 
 01/04  15:00:00,1.00946284636890,6.13752669515184,0.000000000000000E+000,5.38165292318598,0.000000000000000E+000,0.148174582517428,0.148174582517428,0.148174582517428,0.134677451787115,2.934278533945949E-002,0.292642405135342,0.387513607899952,0.729182720598118 
 01/04  16:00:00,1.09749553285730,6.70118278200033,0.000000000000000E+000,5.93608517285087,0.000000000000000E+000,0.163439923538279,0.163439923538279,0.163439923538279,0.168346835632121,3.667848622751551E-002,0.302863858133087,0.409054415636696,0.736922876192004 
 01/04  17:00:00,1.37570071395405,7.25467550570851,0.000000000000000E+000,6.41352842706700,0.000000000000000E+000,0.176585504622567,0.176585504622567,0.176585504622567,0.282822640393651,6.161984739158848E-002,0.353721026385214,0.483839681471435,0.807821307549504 
 01/04  18:00:00,1.89697600527085,8.52884204957021,0.000000000000000E+000,7.53004509871623,0.000000000000000E+000,0.207326876103921,0.207326876103921,0.207326876103921,0.525242070329039,0.114436864645168,0.445070293491817,0.587787887011303,0.958311465013661 
 01/04  19:00:00,2.24132903296717,8.63792131960361,0.000000000000000E+000,7.49839115533310,0.000000000000000E+000,0.206455339066365,0.206455339066365,0.206455339066365,0.781129237083851,0.170188158611418,0.398284023104866,0.638160237411070,1.09557514609733 
 01/04  20:00:00,2.20265131502437,8.52697647791589,0.000000000000000E+000,7.36424317575722,0.000000000000000E+000,0.202761804542135,0.202761804542135,0.202761804542135,0.828266357748276,0.180458136212143,0.315346148810717,0.658706854021501,1.11736308000760 
 01/04  21:00:00,2.07614773663306,9.52683109314714,0.000000000000000E+000,8.44435917314738,0.000000000000000E+000,0.232500945892956,0.232500945892956,0.232500945892956,0.713790552986747,0.155516756835306,0.275875148663200,0.681352318565255,1.03554193002361 
 01/04  22:00:00,1.90857376563922,9.61685007901666,0.000000000000000E+000,8.63623586179155,0.000000000000000E+000,0.237783941403905,0.237783941403905,0.237783941403905,0.599314664632309,0.130575395671233,0.258342489697899,0.665445260544277,0.934779869038286 
 01/04  23:00:00,1.60352180216735,10.0811837245684,0.000000000000000E+000,9.26890367531448,0.000000000000000E+000,0.255203364484328,0.255203364484328,0.255203364484328,0.451169476025773,9.829833361910398E-002,0.205881020852975,0.575857593495570,0.772616294755602 
 01/04  24:00:00,1.30620191696829,10.6378622658424,0.000000000000000E+000,10.0065417754455,0.000000000000000E+000,0.275512964359296,0.275512964359296,0.275512964359296,0.309758114032493,6.748840081692746E-002,0.135920890493347,0.500409533576620,0.596853425774364 
 01/05  01:00:00,1.02489555212407,11.7236444425547,0.000000000000000E+000,11.2836176423874,0.000000000000000E+000,0.310675057888578,0.310675057888578,0.310675057888578,0.161612925425957,3.521133876479848E-002,8.636931076758889E-002,0.413914905587548,0.411517287774208 
 01/05  02:00:00,0.909597048473890,12.1329630237874,0.000000000000000E+000,11.7793946184503,0.000000000000000E+000,0.324325426557539,0.324325426557539,0.324325426557539,9.427424132885273E-002,2.053995520145101E-002,7.223881327716383E-002,0.381106598419282,0.327318654134422 
 01/05  03:00:00,0.870706676101767,12.5025762240198,0.000000000000000E+000,12.1736753360508,0.000000000000000E+000,0.335181269838218,0.335181269838218,0.335181269838218,6.733872589355760E-002,1.467139266972975E-002,5.971530281942931E-002,0.376687971191233,0.302955481707903 
 01/05  04:00:00,0.867351825349494,12.8370288156603,0.000000000000000E+000,12.5024314711205,0.000000000000000E+000,0.344233006128035,0.344233006128035,0.344233006128035,6.733872589355760E-002,1.467139266972975E-002,5.261106845099969E-002,0.371385618517571,0.309017152208443 
 01/05  05:00:00,0.851351674081772,12.4491291726022,0.000000000000000E+000,12.0480105517842,0.000000000000000E+000,0.331721305546279,0.331721305546279,0.331721305546279,6.733872589355760E-002,1.467139266972975E-002,6.315175921409334E-002,0.357356477068514,0.376504723675813 
 01/05  06:00:00,0.916078955526617,13.1269773017733,0.000000000000000E+000,12.4283814997808,0.000000000000000E+000,0.342194167179240,0.342194167179240,0.342194167179240,6.733872589355760E-002,1.467139266972975E-002,7.598154876300982E-002,0.398781107331481,0.671128671023988 
 01/05  07:00:00,1.16004970092755,14.4659428486737,0.000000000000000E+000,13.2132396520260,0.000000000000000E+000,0.363803890196363,0.363803890196363,0.363803890196363,0.154879098812700,3.374420951484601E-002,0.129758134509170,0.460752354204875,1.22096762787483 
 01/05  08:00:00,1.45521935629262,13.7807655650972,0.000000000000000E+000,12.3730157510817,0.000000000000000E+000,0.340669766253287,0.340669766253287,0.340669766253287,0.316492024238656,6.895554827964449E-002,0.207406094963531,0.489583896867899,1.37402839449958 
 01/05  09:00:00,1.40174796288731,13.4581261861550,0.000000000000000E+000,12.0938937399814,0.000000000000000E+000,0.332984620433494,0.332984620433494,0.332984620433494,0.303024287419236,6.602127156697500E-002,0.268690864190452,0.413914905587548,1.33572293378050 
 01/05  10:00:00,1.20600375029541,12.7892699826607,0.000000000000000E+000,11.5481903218270,0.000000000000000E+000,0.317959612816412,0.317959612816412,0.317959612816412,0.154879098812700,3.374420951484601E-002,0.330033759705594,0.352275055756258,1.21681576037427 
 01/05  11:00:00,1.20808412626888,13.0741160727553,0.000000000000000E+000,11.9751805191491,0.000000000000000E+000,0.329716055517250,0.329716055517250,0.329716055517250,0.127943541580951,2.787563787674246E-002,0.344876895795482,0.360559981808849,1.07410100638142 
 01/05  12:00:00,1.17021893139509,10.9758111809971,0.000000000000000E+000,10.0059719789304,0.000000000000000E+000,0.275497275989581,0.275497275989581,0.275497275989581,0.127943541580951,2.787563787674246E-002,0.361120014768658,0.360670447489552,0.944997046218379 
 01/05  13:00:00,1.11726282439699,9.51056715841622,0.000000000000000E+000,8.64010751819176,0.000000000000000E+000,0.237890540822139,0.237890540822139,0.237890540822139,0.127943541580951,2.787563787674246E-002,0.351846255376571,0.354594835050983,0.846035958670720 
 01/05  14:00:00,1.07617651454599,8.74927101575543,0.000000000000000E+000,7.93732967868989,0.000000000000000E+000,0.218540758430553,0.218540758430553,0.218540758430553,0.127943541580951,2.787563787674246E-002,0.317848037359318,0.366856525608822,0.786673098299225 
 01/05  15:00:00,1.06691203455544,8.22298114376521,0.000000000000000E+000,7.46818886130728,0.000000000000000E+000,0.205623770703965,0.205623770703965,0.205623770703965,0.134677451787115,2.934278533945949E-002,0.292642405135342,0.387513607899952,0.728101231090161 
 01/05  16:00:00,1.14011241017364,8.24786688116436,0.000000000000000E+000,7.48391637635428,0.000000000000000E+000,0.206056800854624,0.206056800854624,0.206056800854624,0.168346835632121,3.667848622751551E-002,0.302863858133087,0.409054415636696,0.735775771852605 
 01/05  17:00:00,1.41416288666092,8.65117997162511,0.000000000000000E+000,7.81046210262260,0.000000000000000E+000,0.215047677329433,0.215047677329433,0.215047677329433,0.282822640393651,6.161984739158848E-002,0.353721026385214,0.483839681471435,0.807392097910498 
 01/05  18:00:00,1.96855751797895,11.1289966208064,0.000000000000000E+000,10.1298624936215,0.000000000000000E+000,0.278908388812024,0.278908388812024,0.278908388812024,0.525242070329039,0.114436864645168,0.445070293491817,0.587787887011303,0.958648641344569 
 01/05  19:00:00,2.28352754060820,10.1696948250774,0.000000000000000E+000,9.03102730751345,0.000000000000000E+000,0.248653846707397,0.248653846707397,0.248653846707397,0.781129237083851,0.170188158611418,0.398284023104866,0.638160237411070,1.09471249939076 
 01/05  20:00:00,2.26352010810477,10.7378678159750,0.000000000000000E+000,9.57497805785735,0.000000000000000E+000,0.263630597622529,0.263630597622529,0.263630597622529,0.828266357748276,0.180458136212143,0.315346148810717,0.658706854021501,1.11751953596663 
 01/05  21:00:00,2.11428946245465,10.9117322011097,0.000000000000000E+000,9.82965432144975,0.000000000000000E+000,0.270642671714547,0.270642671714547,0.270642671714547,0.713790552986747,0.155516756835306,0.275875148663200,0.681352318565255,1.03514788968376 
 01/05  22:00:00,1.95972093134870,11.4746130701056,0.000000000000000E+000,10.4938843813731,0.000000000000000E+000,0.288931107113387,0.288931107113387,0.288931107113387,0.599314664632309,0.130575395671233,0.258342489697899,0.665445260544277,0.934894340545682 
 01/05  23:00:00,1.65324926133639,11.8870372427734,0.000000000000000E+000,11.0749889124247,0.000000000000000E+000,0.304930823653372,0.304930823653372,0.304930823653372,0.451169476025773,9.829833361910398E-002,0.205881020852975,0.575857593495570,0.772384575850447 
 01/05  24:00:00,1.34976781103798,12.2196860413548,0.000000000000000E+000,11.5888409605559,0.000000000000000E+000,0.319078858428996,0.319078858428996,0.319078858428996,0.309758114032493,6.748840081692746E-002,0.135920890493347,0.500409533576620,0.596378016176278 
 01/06  01:00:00,1.05706697874270,12.8916286028919,0.000000000000000E+000,12.4520734541988,0.000000000000000E+000,0.342846484507210,0.342846484507210,0.342846484507210,0.161612925425957,3.521133876479848E-002,8.636931076758889E-002,0.413914905587548,0.411045636300007 
 01/06  02:00:00,0.945763504801001,13.4455269628526,0.000000000000000E+000,13.0929486174380,0.000000000000000E+000,0.360491882884653,0.360491882884653,0.360491882884653,9.427424132885273E-002,2.053995520145101E-002,7.223881327716383E-002,0.381106598419282,0.326328594212072 
 01/06  03:00:00,0.902442604904523,13.6547935243328,0.000000000000000E+000,13.3263140080125,0.000000000000000E+000,0.366917198640974,0.366917198640974,0.366917198640974,6.733872589355760E-002,1.467139266972975E-002,5.971530281942931E-002,0.376687971191233,0.302534110059192 
 01/06  04:00:00,0.897138662481328,13.9186239140562,0.000000000000000E+000,13.5842797638541,0.000000000000000E+000,0.374019843259869,0.374019843259869,0.374019843259869,6.733872589355760E-002,1.467139266972975E-002,5.261106845099969E-002,0.371385618517571,0.308763957870680 
 01/06  05:00:00,0.900668959441363,14.2401370614323,0.000000000000000E+000,13.8391984087692,0.000000000000000E+000,0.381038590905868,0.381038590905868,0.381038590905868,6.733872589355760E-002,1.467139266972975E-002,6.315175921409334E-002,0.357356477068514,0.376324755521005 
 01/06  06:00:00,0.953460862279846,14.4846049590717,0.000000000000000E+000,13.7860802652159,0.000000000000000E+000,0.379576073932469,0.379576073932469,0.379576073932469,6.733872589355760E-002,1.467139266972975E-002,7.598154876300982E-002,0.398781107331481,0.671057562887285 
 01/06  07:00:00,1.17368153510400,14.9618810560259,0.000000000000000E+000,13.7083434613140,0.000000000000000E+000,0.377435724372805,0.377435724372805,0.377435724372805,0.154879098812700,3.374420951484601E-002,0.129758134509170,0.460752354204875,1.22180202593910 
 01/06  08:00:00,1.47402634582962,14.4655747906990,0.000000000000000E+000,13.0560795296230,0.000000000000000E+000,0.359476755790291,0.359476755790291,0.359476755790291,0.316492024238656,6.895554827964449E-002,0.207406094963531,0.489583896867899,1.37577384156003 
 01/06  09:00:00,1.41678375355373,14.0061554471648,0.000000000000000E+000,12.6399887950012,0.000000000000000E+000,0.348020411099923,0.348020411099923,0.348020411099923,0.303024287419236,6.602127156697500E-002,0.268690864190452,0.413914905587548,1.33765713977051 
 01/06  10:00:00,1.22412608783346,13.4485612838264,0.000000000000000E+000,12.2063877611559,0.000000000000000E+000,0.336081950354462,0.336081950354462,0.336081950354462,0.154879098812700,3.374420951484601E-002,0.330033759705594,0.352275055756258,1.21790962221101 
 01/06  11:00:00,1.24501258895494,14.4160877469189,0.000000000000000E+000,13.3164103426907,0.000000000000000E+000,0.366644518203310,0.366644518203310,0.366644518203310,0.127943541580951,2.787563787674246E-002,0.344876895795482,0.360559981808849,1.07484285700345 
 01/06  12:00:00,1.20957471934625,12.4051756304254,0.000000000000000E+000,11.4353614711987,0.000000000000000E+000,0.314853063940741,0.314853063940741,0.314853063940741,0.127943541580951,2.787563787674246E-002,0.361120014768658,0.360670447489552,0.944972003378409 
 01/06  13:00:00,1.16762886316779,11.3395312655072,0.000000000000000E+000,10.4693857599461,0.000000000000000E+000,0.288256579592938,0.288256579592938,0.288256579592938,0.127943541580951,2.787563787674246E-002,0.351846255376571,0.354594835050983,0.845721824007357 
 01/06  14:00:00,1.12816934798366,10.6371346892926,0.000000000000000E+000,9.82569257670366,0.000000000000000E+000,0.270533591868230,0.270533591868230,0.270533591868230,0.127943541580951,2.787563787674246E-002,0.317848037359318,0.366856525608822,0.786173873822610 
 01/06  15:00:00,1.11399426408093,9.93209401355755,0.000000000000000E+000,9.17820021312730,0.000000000000000E+000,0.252706000229460,0.252706000229460,0.252706000229460,0.134677451787115,2.934278533945949E-002,0.292642405135342,0.387513607899952,0.727202749062495 
 01/06  16:00:00,1.16833766206268,9.27199713105594,0.000000000000000E+000,8.50904839802472,0.000000000000000E+000,0.234282052743656,0.234282052743656,0.234282052743656,0.168346835632121,3.667848622751551E-002,0.302863858133087,0.409054415636696,0.734774000073733 
 01/06  17:00:00,1.42089975539267,8.89477665161874,0.000000000000000E+000,8.05514299652052,0.000000000000000E+000,0.221784546061179,0.221784546061179,0.221784546061179,0.282822640393651,6.161984739158848E-002,0.353721026385214,0.483839681471435,0.806307884006191 
 01/06  18:00:00,1.92314519544953,9.47888461481435,0.000000000000000E+000,8.48050162391656,0.000000000000000E+000,0.233496066282606,0.233496066282606,0.233496066282606,0.525242070329039,0.114436864645168,0.445070293491817,0.587787887011303,0.957897505057466 
 01/06  19:00:00,2.23134377380834,8.27571050360447,0.000000000000000E+000,7.13572977152561,0.000000000000000E+000,0.196470079907539,0.196470079907539,0.196470079907539,0.781129237083851,0.170188158611418,0.398284023104866,0.638160237411070,1.09602571390566 
 01/06  20:00:00,2.18306016472431,7.81618545473083,0.000000000000000E+000,6.65269893186850,0.000000000000000E+000,0.183170654242076,0.183170654242076,0.183170654242076,0.828266357748276,0.180458136212143,0.315346148810717,0.658706854021501,1.11811630071126 
 01/06  21:00:00,2.03323731786275,7.97014200618575,0.000000000000000E+000,6.88586663895579,0.000000000000000E+000,0.189590527122647,0.189590527122647,0.189590527122647,0.713790552986747,0.155516756835306,0.275875148663200,0.681352318565255,1.03734537725382 
 01/06  22:00:00,1.86391060581339,7.99660628735544,0.000000000000000E+000,7.01408433923126,0.000000000000000E+000,0.193120781578078,0.193120781578078,0.193120781578078,0.599314664632309,0.130575395671233,0.258342489697899,0.665445260544277,0.936687599937356 
 01/06  23:00:00,1.54962476301401,8.12513755451784,0.000000000000000E+000,7.31138064145339,0.000000000000000E+000,0.201306325330993,0.201306325330993,0.201306325330993,0.451169476025773,9.829833361910398E-002,0.205881020852975,0.575857593495570,0.774093158566137 
 01/06  24:00:00,1.24737542122559,8.50258291376961,0.000000000000000E+000,7.86998247225164,0.000000000000000E+000,0.216686468616598,0.216686468616598,0.216686468616598,0.309758114032493,6.748840081692746E-002,0.135920890493347,0.500409533576620,0.598133376895416 
 01/07  01:00:00,0.946571032403656,8.65744611551719,0.000000000000000E+000,8.20014217853747,0.000000000000000E+000,0.225776849832416,0.225776849832416,0.225776849832416,0.161612925425957,3.521133876479848E-002,9.294299910333617E-002,0.413914905587548,0.428794424586621 
 01/07  02:00:00,0.834240006778908,9.26198970011400,0.000000000000000E+000,8.89909647881224,0.000000000000000E+000,0.245021357629597,0.245021357629597,0.245021357629597,9.427424132885273E-002,2.053995520145101E-002,7.618584051012475E-002,0.381106598419282,0.336643470099163 
 01/07  03:00:00,0.796217137092825,9.70977088389246,0.000000000000000E+000,9.37339995506427,0.000000000000000E+000,0.258080490313057,0.258080490313057,0.258080490313057,6.733872589355760E-002,1.467139266972975E-002,6.232654333565033E-002,0.376687971191233,0.310425522567061 
 01/07  04:00:00,0.802385631488264,10.4361044365371,0.000000000000000E+000,10.0932892399182,0.000000000000000E+000,0.277901407002506,0.277901407002506,0.277901407002506,6.733872589355760E-002,1.467139266972975E-002,5.397647371529803E-002,0.371385618517571,0.317235004287498 
 01/07  05:00:00,0.805760487259955,10.7116243793961,0.000000000000000E+000,10.2951378029974,0.000000000000000E+000,0.283458960972060,0.283458960972060,0.283458960972060,6.733872589355760E-002,1.467139266972975E-002,6.582291696649339E-002,0.357356477068514,0.391872679256540 
 01/07  06:00:00,0.856103699103439,10.8417045386187,0.000000000000000E+000,10.1013089105750,0.000000000000000E+000,0.278122214878536,0.278122214878536,0.278122214878536,6.733872589355760E-002,1.467139266972975E-002,8.007824464053613E-002,0.398781107331481,0.712928497075239 
 01/07  07:00:00,1.09094213565544,11.6657386544327,0.000000000000000E+000,10.3173597514200,0.000000000000000E+000,0.284070804206328,0.284070804206328,0.284070804206328,0.154879098812700,3.374420951484601E-002,0.140383655227083,0.460752354204875,1.31664333423987 
 01/07  08:00:00,1.40384359154247,11.2638956664363,0.000000000000000E+000,9.73849015123947,0.000000000000000E+000,0.268132622654479,0.268132622654479,0.268132622654479,0.316492024238656,6.895554827964449E-002,0.228567473812190,0.489583896867899,1.49168409568084 
 01/07  09:00:00,1.34075377300590,10.1878984635728,0.000000000000000E+000,8.70049126467339,0.000000000000000E+000,0.239553103710059,0.239553103710059,0.239553103710059,0.303024287419236,6.602127156697500E-002,0.301128191032485,0.413914905587548,1.45889768650634 
 01/07  10:00:00,1.16500705301652,9.77853051651693,0.000000000000000E+000,8.42368874276744,0.000000000000000E+000,0.231931821046794,0.231931821046794,0.231931821046794,0.154879098812700,3.374420951484601E-002,0.375064854196324,0.352275055756258,1.33057787329006 
 01/07  11:00:00,1.18117838710193,10.3461324897101,0.000000000000000E+000,9.14871030998089,0.000000000000000E+000,0.251894046328016,0.251894046328016,0.251894046328016,0.127943541580951,2.787563787674246E-002,0.395793165817765,0.360559981808849,1.17258763250452 
 01/07  12:00:00,1.17653739290729,9.38122026108145,0.000000000000000E+000,8.32908015988641,0.000000000000000E+000,0.229326935991765,0.229326935991765,0.229326935991765,0.127943541580951,2.787563787674246E-002,0.413608816278677,0.360670447489552,1.02729794534678 
 01/07  13:00:00,1.13800942350795,8.59828993612450,0.000000000000000E+000,7.65715377890943,0.000000000000000E+000,0.210826595593602,0.210826595593602,0.210826595593602,0.127943541580951,2.787563787674246E-002,0.399656799716067,0.354594835050983,0.916712475661324 
 01/07  14:00:00,1.10079570103001,8.12166472317894,0.000000000000000E+000,7.24838605815332,0.000000000000000E+000,0.199571877529438,0.199571877529438,0.199571877529438,0.127943541580951,2.787563787674246E-002,0.361436104744461,0.366856525608822,0.848010426259279 
 01/07  15:00:00,1.10041721081336,8.07371650598201,0.000000000000000E+000,7.26405676218473,0.000000000000000E+000,0.200003343486228,0.200003343486228,0.200003343486228,0.134677451787115,2.934278533945949E-002,0.331768008611008,0.387513607899952,0.782968692429525 
 01/07  16:00:00,1.16927844913594,8.01556038059417,0.000000000000000E+000,7.19724649285089,0.000000000000000E+000,0.198163837314477,0.198163837314477,0.198163837314477,0.168346835632121,3.667848622751551E-002,0.339922860635529,0.409054415636696,0.790139154785796 
 01/07  17:00:00,1.42985318126277,7.98237654748004,0.000000000000000E+000,7.07580027268297,0.000000000000000E+000,0.194820023949224,0.194820023949224,0.194820023949224,0.282822640393651,6.161984739158848E-002,0.389638974367272,0.483839681471435,0.873250503705069 
 01/07  18:00:00,1.93811926443159,8.81872443646488,0.000000000000000E+000,7.74038326615410,0.000000000000000E+000,0.213118176767944,0.213118176767944,0.213118176767944,0.525242070329039,0.114436864645168,0.480422251988538,0.587787887011303,1.03785568447047 
 01/07  19:00:00,2.24711074948692,7.70534560283072,0.000000000000000E+000,6.46224066705229,0.000000000000000E+000,0.177926712598320,0.177926712598320,0.177926712598320,0.781129237083851,0.170188158611418,0.432594366092666,0.638160237411070,1.19914991760527 
 01/07  20:00:00,2.20239928888099,7.38984198377305,0.000000000000000E+000,6.11133027381864,0.000000000000000E+000,0.168264996809402,0.168264996809402,0.168264996809402,0.828266357748276,0.180458136212143,0.349590930400065,0.658706854021501,1.23314148780333 
 01/07  21:00:00,2.05177068194165,7.48641208379238,0.000000000000000E+000,6.29305563715159,0.000000000000000E+000,0.173268492989670,0.173268492989670,0.173268492989670,0.713790552986747,0.155516756835306,0.310730546875078,0.681352318565255,1.14642645666464 
 01/07  22:00:00,1.89059480692682,7.76449471168388,0.000000000000000E+000,6.69001531107561,0.000000000000000E+000,0.184198096737718,0.184198096737718,0.184198096737718,0.599314664632309,0.130575395671233,0.293949375651685,0.665445260544277,1.02864505242145 
 01/07  23:00:00,1.56681658855240,7.79424093893960,0.000000000000000E+000,6.90818105559059,0.000000000000000E+000,0.190204916310536,0.190204916310536,0.190204916310536,0.451169476025773,9.829833361910398E-002,0.234174255411816,0.575857593495570,0.846396128850681 
 01/07  24:00:00,1.24580006732673,7.92615649366498,0.000000000000000E+000,7.24854511744054,0.000000000000000E+000,0.199576256954090,0.199576256954090,0.199576256954090,0.309758114032493,6.748840081692746E-002,0.151455748256992,0.500409533576620,0.643144311601890 
 01/08  01:00:00,0.943581505842401,8.55006562959500,0.000000000000000E+000,8.09156354052826,0.000000000000000E+000,0.222787323271161,0.222787323271161,0.222787323271161,0.161612925425957,3.521133876479848E-002,9.294299910333617E-002,0.413914905587548,0.429992576673625 
 01/08  02:00:00,0.825918381241912,8.96045205218255,0.000000000000000E+000,8.59685773019582,0.000000000000000E+000,0.236699732092603,0.236699732092603,0.236699732092603,9.427424132885273E-002,2.053995520145101E-002,7.618584051012475E-002,0.381106598419282,0.337344570784107 
 01/08  03:00:00,0.780545217679880,9.14131629024146,0.000000000000000E+000,8.80420090967001,0.000000000000000E+000,0.242408570900111,0.242408570900111,0.242408570900111,6.733872589355760E-002,1.467139266972975E-002,6.232654333565033E-002,0.376687971191233,0.311169974310316 
 01/08  04:00:00,0.783848307423028,9.76380207231041,0.000000000000000E+000,9.42001962411225,0.000000000000000E+000,0.259364082937271,0.259364082937271,0.259364082937271,6.733872589355760E-002,1.467139266972975E-002,5.397647371529803E-002,0.371385618517571,0.318202255866804 
 01/08  05:00:00,0.795984494600767,10.3578840060856,0.000000000000000E+000,9.94007691078825,0.000000000000000E+000,0.273682968312871,0.273682968312871,0.273682968312871,6.733872589355760E-002,1.467139266972975E-002,6.582291696649339E-002,0.357356477068514,0.393193198155201 
 01/08  06:00:00,0.863783469686176,11.1227111258921,0.000000000000000E+000,10.3802356948035,0.000000000000000E+000,0.285801985461272,0.285801985461272,0.285801985461272,6.733872589355760E-002,1.467139266972975E-002,8.007824464053613E-002,0.398781107331481,0.715008300120160 
 01/08  07:00:00,1.11823278378341,12.6601446228007,0.000000000000000E+000,11.3085472667033,0.000000000000000E+000,0.311361452334310,0.311361452334310,0.311361452334310,0.154879098812700,3.374420951484601E-002,0.140383655227083,0.460752354204875,1.31986178732455 
 01/08  08:00:00,1.43463187603947,12.3849493539358,0.000000000000000E+000,10.8567106884473,0.000000000000000E+000,0.298920907151482,0.298920907151482,0.298920907151482,0.316492024238656,6.895554827964449E-002,0.228567473812190,0.489583896867899,1.49451724597253 
 01/08  09:00:00,1.43004885483176,13.4339660631796,0.000000000000000E+000,11.9436597620621,0.000000000000000E+000,0.328848185535916,0.328848185535916,0.328848185535916,0.303024287419236,6.602127156697500E-002,0.301128191032485,0.413914905587548,1.46179678872440 
 01/08  10:00:00,1.27113898517651,13.6356066561851,0.000000000000000E+000,12.2783661999150,0.000000000000000E+000,0.338063753206783,0.338063753206783,0.338063753206783,0.154879098812700,3.374420951484601E-002,0.375064854196324,0.352275055756258,1.33297655581064 
 01/08  11:00:00,1.27648632919435,13.8078348914514,0.000000000000000E+000,12.6102639479281,0.000000000000000E+000,0.347201988420435,0.347201988420435,0.347201988420435,0.127943541580951,2.787563787674246E-002,0.395793165817765,0.360559981808849,1.17273639629853 
 01/08  12:00:00,1.22779908862374,11.2426863840044,0.000000000000000E+000,10.1908883722864,0.000000000000000E+000,0.280588631708212,0.280588631708212,0.280588631708212,0.127943541580951,2.787563787674246E-002,0.413608816278677,0.360670447489552,1.02695585586980 
 01/08  13:00:00,1.18553934070600,10.3248396295889,0.000000000000000E+000,9.38342500223211,0.000000000000000E+000,0.258356512791654,0.258356512791654,0.258356512791654,0.127943541580951,2.787563787674246E-002,0.399656799716067,0.354594835050983,0.916990945803017 
 01/08  14:00:00,1.14816576072668,9.84235342416886,0.000000000000000E+000,8.96885130871714,0.000000000000000E+000,0.246941937226101,0.246941937226101,0.246941937226101,0.127943541580951,2.787563787674246E-002,0.361436104744461,0.366856525608822,0.848233876685370 
 01/08  15:00:00,1.17860908830930,10.9141174119363,0.000000000000000E+000,10.1039604686516,0.000000000000000E+000,0.278195220982168,0.278195220982168,0.278195220982168,0.134677451787115,2.934278533945949E-002,0.331768008611008,0.387513607899952,0.783465891916896 
 01/08  16:00:00,1.23453100917403,10.3851548430132,0.000000000000000E+000,9.56719837331641,0.000000000000000E+000,0.263416397352570,0.263416397352570,0.263416397352570,0.168346835632121,3.667848622751551E-002,0.339922860635529,0.409054415636696,0.789781736739314 
 01/08  17:00:00,1.51340018376608,11.0170871298402,0.000000000000000E+000,10.1102003877801,0.000000000000000E+000,0.278367026452532,0.278367026452532,0.278367026452532,0.282822640393651,6.161984739158848E-002,0.389638974367272,0.483839681471435,0.873560970968048 
 01/08  18:00:00,2.06894554909846,13.5706360542116,0.000000000000000E+000,12.4919516211667,0.000000000000000E+000,0.343944461434813,0.343944461434813,0.343944461434813,0.525242070329039,0.114436864645168,0.480422251988538,0.587787887011303,1.03819894720461 
 01/08  19:00:00,2.39109014953139,12.9333748210906,0.000000000000000E+000,11.6915259193778,0.000000000000000E+000,0.321906112642790,0.321906112642790,0.321906112642790,0.781129237083851,0.170188158611418,0.432594366092666,0.638160237411070,1.19789388353956 
 01/08  20:00:00,2.35899060931768,13.0760532098659,0.000000000000000E+000,11.7986763965895,0.000000000000000E+000,0.324856317246096,0.324856317246096,0.324856317246096,0.828266357748276,0.180458136212143,0.349590930400065,0.658706854021501,1.23200659112542 
 01/08  21:00:00,2.22015494813188,13.5998616948558,0.000000000000000E+000,12.4087177363149,0.000000000000000E+000,0.341652759179900,0.341652759179900,0.341652759179900,0.713790552986747,0.155516756835306,0.310730546875078,0.681352318565255,1.14421396856478 
 01/08  22:00:00,2.06069102171045,13.9395575094041,0.000000000000000E+000,12.8678548295744,0.000000000000000E+000,0.354294311521353,0.354294311521353,0.354294311521353,0.599314664632309,0.130575395671233,0.293949375651685,0.665445260544277,1.02586833164284 
 01/08  23:00:00,1.73007518246422,13.7207066317409,0.000000000000000E+000,12.8376803950435,0.000000000000000E+000,0.353463510222362,0.353463510222362,0.353463510222362,0.451169476025773,9.829833361910398E-002,0.234174255411816,0.575857593495570,0.843362482198990 
 01/08  24:00:00,1.42351905489845,14.3776294176612,0.000000000000000E+000,13.7032412786971,0.000000000000000E+000,0.377295244525818,0.377295244525818,0.377295244525818,0.309758114032493,6.748840081692746E-002,0.151455748256992,0.500409533576620,0.639921074341605 
 01/09  01:00:00,1.10980205173643,14.8054600775175,0.000000000000000E+000,14.3673942528772,0.000000000000000E+000,0.395581557500937,0.395581557500937,0.395581557500937,0.161612925425957,3.521133876479848E-002,8.636931076758889E-002,0.413914905587548,0.409556312247152 
 01/09  02:00:00,0.990391070919126,15.0646966165588,0.000000000000000E+000,14.7138073880441,0.000000000000000E+000,0.405119449002778,0.405119449002778,0.405119449002778,9.427424132885273E-002,2.053995520145101E-002,7.223881327716383E-002,0.381106598419282,0.324639477312105 
 01/09  03:00:00,0.943749045854899,15.1532793177710,0.000000000000000E+000,14.8265505864476,0.000000000000000E+000,0.408223639591350,0.408223639591350,0.408223639591350,6.733872589355760E-002,1.467139266972975E-002,5.971530281942931E-002,0.376687971191233,0.300783325062270 
 01/09  04:00:00,0.934284322590649,15.2661611816696,0.000000000000000E+000,14.9333981275755,0.000000000000000E+000,0.411165503369192,0.411165503369192,0.411165503369192,6.733872589355760E-002,1.467139266972975E-002,5.261106845099969E-002,0.371385618517571,0.307182861762721 
 01/09  05:00:00,0.932609929564872,15.3990836277670,0.000000000000000E+000,14.9992841151983,0.000000000000000E+000,0.412979561029376,0.412979561029376,0.412979561029376,6.733872589355760E-002,1.467139266972975E-002,6.315175921409334E-002,0.357356477068514,0.375185615426558 
 01/09  06:00:00,0.992010990454138,15.8852274065000,0.000000000000000E+000,15.1862084549071,0.000000000000000E+000,0.418126202106761,0.418126202106761,0.418126202106761,6.733872589355760E-002,1.467139266972975E-002,7.598154876300982E-002,0.398781107331481,0.671551820624363 
 01/09  07:00:00,1.19736828138110,15.8257656636240,0.000000000000000E+000,14.5686384267338,0.000000000000000E+000,0.401122470649906,0.401122470649906,0.401122470649906,0.154879098812700,3.374420951484601E-002,0.129758134509170,0.460752354204875,1.22539166811740 
 01/09  08:00:00,1.54287944670354,16.9706426359300,0.000000000000000E+000,15.5568018889721,0.000000000000000E+000,0.428329856664211,0.428329856664211,0.428329856664211,0.316492024238656,6.895554827964449E-002,0.207406094963531,0.489583896867899,1.38011932744194 
 01/09  09:00:00,1.47701881027751,16.1984554646747,0.000000000000000E+000,14.8277065775544,0.000000000000000E+000,0.408255467823696,0.408255467823696,0.408255467823696,0.303024287419236,6.602127156697500E-002,0.268690864190452,0.413914905587548,1.34223937472712 
 01/09  10:00:00,1.30430266617266,16.3639454271283,0.000000000000000E+000,15.1183751604756,0.000000000000000E+000,0.416258528693659,0.416258528693659,0.416258528693659,0.154879098812700,3.374420951484601E-002,0.330033759705594,0.352275055756258,1.22130636619329 
 01/09  11:00:00,1.32263890038808,17.2378722693598,0.000000000000000E+000,16.1357728726386,0.000000000000000E+000,0.444270829636452,0.444270829636452,0.444270829636452,0.127943541580951,2.787563787674246E-002,0.344876895795482,0.360559981808849,1.07726484949647 
 01/09  12:00:00,1.32014319285883,16.4234179215742,0.000000000000000E+000,15.4511726756691,0.000000000000000E+000,0.425421537453327,0.425421537453327,0.425421537453327,0.127943541580951,2.787563787674246E-002,0.361120014768658,0.360670447489552,0.947403090056766 
 01/09  13:00:00,1.26601729164641,14.9133982839316,0.000000000000000E+000,14.0428216673318,0.000000000000000E+000,0.386645008071562,0.386645008071562,0.386645008071562,0.127943541580951,2.787563787674246E-002,0.351846255376571,0.354594835050983,0.846152935046040 
 01/09  14:00:00,1.23390610091545,14.4772624409529,0.000000000000000E+000,13.6660172520685,0.000000000000000E+000,0.376270344800021,0.376270344800021,0.376270344800021,0.127943541580951,2.787563787674246E-002,0.317848037359318,0.366856525608822,0.785976950118063 
 01/09  15:00:00,1.23268663120938,14.2428953187006,0.000000000000000E+000,13.4890686067776,0.000000000000000E+000,0.371398367357915,0.371398367357915,0.371398367357915,0.134677451787115,2.934278533945949E-002,0.292642405135342,0.387513607899952,0.727135660555241 
 01/09  16:00:00,1.31053018454947,14.4358881204624,0.000000000000000E+000,13.6734348352618,0.000000000000000E+000,0.376474575230453,0.376474575230453,0.376474575230453,0.168346835632121,3.667848622751551E-002,0.302863858133087,0.409054415636696,0.734278552243213 
 01/09  17:00:00,1.56918685216270,14.2801337675787,0.000000000000000E+000,13.4408824009784,0.000000000000000E+000,0.370071642831211,0.370071642831211,0.370071642831211,0.282822640393651,6.161984739158848E-002,0.353721026385214,0.483839681471435,0.805925595508305 
 01/09  18:00:00,2.11351613667088,16.3933740641974,0.000000000000000E+000,15.3947126505820,0.000000000000000E+000,0.423867007503957,0.423867007503957,0.423867007503957,0.525242070329039,0.114436864645168,0.445070293491817,0.587787887011303,0.958175927775040 
 01/09  19:00:00,2.42568975486483,15.3344601131928,0.000000000000000E+000,14.1943129596313,0.000000000000000E+000,0.390816060964029,0.390816060964029,0.390816060964029,0.781129237083851,0.170188158611418,0.398284023104866,0.638160237411070,1.09619213538830 
 01/09  20:00:00,2.39650091826218,15.5685232541180,0.000000000000000E+000,14.4047980819974,0.000000000000000E+000,0.396611407779939,0.396611407779939,0.396611407779939,0.828266357748276,0.180458136212143,0.315346148810717,0.658706854021501,1.11835494996953 
 01/09  21:00:00,2.25271193079834,15.9402522422607,0.000000000000000E+000,14.8571136112966,0.000000000000000E+000,0.409065140058234,0.409065140058234,0.409065140058234,0.713790552986747,0.155516756835306,0.275875148663200,0.681352318565255,1.03620864098796 
 01/09  22:00:00,2.08809512731076,16.1370583431386,0.000000000000000E+000,15.1563936675363,0.000000000000000E+000,0.417305303075445,0.417305303075445,0.417305303075445,0.599314664632309,0.130575395671233,0.258342489697899,0.665445260544277,0.934830327415519 
 01/09  23:00:00,1.75648513804673,15.6353584929192,0.000000000000000E+000,14.8244825721115,0.000000000000000E+000,0.408166700363707,0.408166700363707,0.408166700363707,0.451169476025773,9.829833361910398E-002,0.205881020852975,0.575857593495570,0.771212166309417 
 01/09  24:00:00,1.45951773156135,16.2036276881050,0.000000000000000E+000,15.5749225851458,0.000000000000000E+000,0.428828778952363,0.428828778952363,0.428828778952363,0.309758114032493,6.748840081692746E-002,0.135920890493347,0.500409533576620,0.594238038336642 
 01/10  01:00:00,1.15429937849288,16.4202151306924,0.000000000000000E+000,15.9835227719814,0.000000000000000E+000,0.440078884257381,0.440078884257381,0.440078884257381,0.161612925425957,3.521133876479848E-002,8.636931076758889E-002,0.413914905587548,0.408182846317863 
 01/10  02:00:00,1.03370736806042,16.6360052882429,0.000000000000000E+000,16.2870412934246,0.000000000000000E+000,0.448435746144068,0.448435746144068,0.448435746144068,9.427424132885273E-002,2.053995520145101E-002,7.223881327716383E-002,0.381106598419282,0.322714243615674 
 01/10  03:00:00,0.975637035485021,16.3094909201851,0.000000000000000E+000,15.9847120584887,0.000000000000000E+000,0.440111629221472,0.440111629221472,0.440111629221472,6.733872589355760E-002,1.467139266972975E-002,5.971530281942931E-002,0.376687971191233,0.298833455435179 
 01/10  04:00:00,0.964821734815551,16.3736443456026,0.000000000000000E+000,16.0425070649827,0.000000000000000E+000,0.441702915594091,0.441702915594091,0.441702915594091,6.733872589355760E-002,1.467139266972975E-002,5.261106845099969E-002,0.371385618517571,0.305557088288447 
 01/10  05:00:00,0.969287269432617,16.7299706130281,0.000000000000000E+000,16.3313932391820,0.000000000000000E+000,0.449656900897122,0.449656900897122,0.449656900897122,6.733872589355760E-002,1.467139266972975E-002,6.315175921409334E-002,0.357356477068514,0.373963476703948 
 01/10  06:00:00,1.02381877058235,17.0398213874023,0.000000000000000E+000,16.3414567437755,0.000000000000000E+000,0.449933982234973,0.449933982234973,0.449933982234973,6.733872589355760E-002,1.467139266972975E-002,7.598154876300982E-002,0.398781107331481,0.670897512658267 
 01/10  07:00:00,1.25822840562265,18.0363211025875,0.000000000000000E+000,16.7790584594103,0.000000000000000E+000,0.461982594891455,0.461982594891455,0.461982594891455,0.154879098812700,3.374420951484601E-002,0.129758134509170,0.460752354204875,1.22552707440444 
 01/10  08:00:00,1.57495852310942,18.1363611367619,0.000000000000000E+000,16.7219035709185,0.000000000000000E+000,0.460408933070082,0.460408933070082,0.460408933070082,0.316492024238656,6.895554827964449E-002,0.207406094963531,0.489583896867899,1.38073614632735 
 01/10  09:00:00,1.49337753174689,16.7923407578775,0.000000000000000E+000,15.4218500515537,0.000000000000000E+000,0.424614189293082,0.424614189293082,0.424614189293082,0.303024287419236,6.602127156697500E-002,0.268690864190452,0.413914905587548,1.34198119393071 
 01/10  10:00:00,1.28839611647076,15.7867475335670,0.000000000000000E+000,14.5406544188569,0.000000000000000E+000,0.400351978991766,0.400351978991766,0.400351978991766,0.154879098812700,3.374420951484601E-002,0.330033759705594,0.352275055756258,1.22182921425063 
 01/10  11:00:00,1.29534464754494,16.2473017575388,0.000000000000000E+000,15.1444544352666,0.000000000000000E+000,0.416976576793317,0.416976576793317,0.416976576793317,0.127943541580951,2.787563787674246E-002,0.344876895795482,0.360559981808849,1.07801277504754 
 01/10  12:00:00,1.23419022894987,13.3019167327383,0.000000000000000E+000,12.3293888203122,0.000000000000000E+000,0.339468573544367,0.339468573544367,0.339468573544367,0.127943541580951,2.787563787674246E-002,0.361120014768658,0.360670447489552,0.947685756577799 
 01/10  13:00:00,1.17392260295868,11.5707778931480,0.000000000000000E+000,10.6979723540029,0.000000000000000E+000,0.294550319383834,0.294550319383834,0.294550319383834,0.127943541580951,2.787563787674246E-002,0.351846255376571,0.354594835050983,0.848381857591307 
 01/10  14:00:00,1.13556055222376,10.9083279148827,0.000000000000000E+000,10.0941387246786,0.000000000000000E+000,0.277924796108328,0.277924796108328,0.277924796108328,0.127943541580951,2.787563787674246E-002,0.317848037359318,0.366856525608822,0.788920951437795 
 01/10  15:00:00,1.11756187708609,10.0639181313321,0.000000000000000E+000,9.30777476384874,0.000000000000000E+000,0.256273613234623,0.256273613234623,0.256273613234623,0.134677451787115,2.934278533945949E-002,0.292642405135342,0.387513607899952,0.729452316115539 
 01/10  16:00:00,1.18363012735390,9.82970591619769,0.000000000000000E+000,9.06446579241858,0.000000000000000E+000,0.249574518034878,0.249574518034878,0.249574518034878,0.168346835632121,3.667848622751551E-002,0.302863858133087,0.409054415636696,0.737065390821621 
 01/10  17:00:00,1.45392070095077,10.0971065376822,0.000000000000000E+000,9.25445306151239,0.000000000000000E+000,0.254805491619279,0.254805491619279,0.254805491619279,0.282822640393651,6.161984739158848E-002,0.353721026385214,0.483839681471435,0.809327705077832 
 01/10  18:00:00,2.01301633717343,12.7471172883665,0.000000000000000E+000,11.7445924305270,0.000000000000000E+000,0.323367208006504,0.323367208006504,0.323367208006504,0.525242070329039,0.114436864645168,0.445070293491817,0.587787887011303,0.962039371999179 
 01/10  19:00:00,2.32936494253267,11.8395207626734,0.000000000000000E+000,10.6958269233925,0.000000000000000E+000,0.294491248631863,0.294491248631863,0.294491248631863,0.781129237083851,0.170188158611418,0.398284023104866,0.638160237411070,1.09973882110777 
 01/10  20:00:00,2.30515141984113,12.2549921688724,0.000000000000000E+000,11.0870138381892,0.000000000000000E+000,0.305261909358896,0.305261909358896,0.305261909358896,0.828266357748276,0.180458136212143,0.315346148810717,0.658706854021501,1.12260810853210 
 01/10  21:00:00,2.16115497883779,12.6182563613547,0.000000000000000E+000,11.5317947220159,0.000000000000000E+000,0.317508188097686,0.317508188097686,0.317508188097686,0.713790552986747,0.155516756835306,0.275875148663200,0.681352318565255,1.03953164936262 
 01/10  22:00:00,1.99591206719686,12.7922670426410,0.000000000000000E+000,11.8083347325846,0.000000000000000E+000,0.325122242961542,0.325122242961542,0.325122242961542,0.599314664632309,0.130575395671233,0.258342489697899,0.665445260544277,0.938097961869602 
 01/10  23:00:00,1.68081709559928,12.8898196090625,0.000000000000000E+000,12.0762437384969,0.000000000000000E+000,0.332498657916266,0.332498657916266,0.332498657916266,0.451169476025773,9.829833361910398E-002,0.205881020852975,0.575857593495570,0.773912116067350 
 01/10  24:00:00,1.37663301105066,13.1956518238488,0.000000000000000E+000,12.5645763378646,0.000000000000000E+000,0.345944058441673,0.345944058441673,0.345944058441673,0.309758114032493,6.748840081692746E-002,0.135920890493347,0.500409533576620,0.596608421361658 
 01/11  01:00:00,1.07112241546265,13.4009241180802,0.000000000000000E+000,12.9625623708903,0.000000000000000E+000,0.356901921227153,0.356901921227153,0.356901921227153,0.161612925425957,3.521133876479848E-002,8.636931076758889E-002,0.413914905587548,0.409852234796737 
 01/11  02:00:00,0.951910039713445,13.6670403779692,0.000000000000000E+000,13.3161887779097,0.000000000000000E+000,0.366638417797097,0.366638417797097,0.366638417797097,9.427424132885273E-002,2.053995520145101E-002,7.223881327716383E-002,0.381106598419282,0.324601848856880 
 01/11  03:00:00,0.907715442110323,13.8444716734867,0.000000000000000E+000,13.5178217502984,0.000000000000000E+000,0.372190035846774,0.372190035846774,0.372190035846774,6.733872589355760E-002,1.467139266972975E-002,5.971530281942931E-002,0.376687971191233,0.300704516927118 
 01/11  04:00:00,0.893659934030725,13.7906784743965,0.000000000000000E+000,13.4579334714126,0.000000000000000E+000,0.370541114809266,0.370541114809266,0.370541114809266,6.733872589355760E-002,1.467139266972975E-002,5.261106845099969E-002,0.371385618517571,0.307164810652635 
 01/11  05:00:00,0.896551579366926,14.0895922386409,0.000000000000000E+000,13.6896564958647,0.000000000000000E+000,0.376921210831430,0.376921210831430,0.376921210831430,6.733872589355760E-002,1.467139266972975E-002,6.315175921409334E-002,0.357356477068514,0.375321845633984 
 01/11  06:00:00,0.944607065100672,14.1647719632061,0.000000000000000E+000,13.4645132146390,0.000000000000000E+000,0.370722276753295,0.370722276753295,0.370722276753295,6.733872589355760E-002,1.467139266972975E-002,7.598154876300982E-002,0.398781107331481,0.672791617598611 
 01/11  07:00:00,1.18867190498884,15.5129976382570,0.000000000000000E+000,14.2527888482340,0.000000000000000E+000,0.392426094257649,0.392426094257649,0.392426094257649,0.154879098812700,3.374420951484601E-002,0.129758134509170,0.460752354204875,1.22847322125030 
 01/11  08:00:00,1.50250455581344,15.5083213592215,0.000000000000000E+000,14.0903989074992,0.000000000000000E+000,0.387954965774102,0.387954965774102,0.387954965774102,0.316492024238656,6.895554827964449E-002,0.207406094963531,0.489583896867899,1.38420103220644 
 01/11  09:00:00,1.42894625769966,14.4551674615629,0.000000000000000E+000,13.0817270127043,0.000000000000000E+000,0.360182915245841,0.360182915245841,0.360182915245841,0.303024287419236,6.602127156697500E-002,0.268690864190452,0.413914905587548,1.34493093646545 
 01/11  10:00:00,1.20826170246869,12.8787860885786,0.000000000000000E+000,11.6301984146273,0.000000000000000E+000,0.320217564989692,0.320217564989692,0.320217564989692,0.154879098812700,3.374420951484601E-002,0.330033759705594,0.352275055756258,1.22432377349181 
 01/11  11:00:00,1.23073658559314,13.9035395338132,0.000000000000000E+000,12.7979105168898,0.000000000000000E+000,0.352368514841517,0.352368514841517,0.352368514841517,0.127943541580951,2.787563787674246E-002,0.344876895795482,0.360559981808849,1.08079446969870 
 01/11  12:00:00,1.18247615594783,11.4257623613314,0.000000000000000E+000,10.4511504111805,0.000000000000000E+000,0.287754500542325,0.287754500542325,0.287754500542325,0.127943541580951,2.787563787674246E-002,0.361120014768658,0.360670447489552,0.949769794302594 
 01/11  13:00:00,1.14718408660915,10.6011753820519,0.000000000000000E+000,9.72683808637505,0.000000000000000E+000,0.267811803034300,0.267811803034300,0.267811803034300,0.127943541580951,2.787563787674246E-002,0.351846255376571,0.354594835050983,0.849913614123108 
 01/11  14:00:00,1.10355836184993,9.74664919105925,0.000000000000000E+000,8.93182951855395,0.000000000000000E+000,0.245922605734498,0.245922605734498,0.245922605734498,0.127943541580951,2.787563787674246E-002,0.317848037359318,0.366856525608822,0.789551433738969 
 01/11  15:00:00,1.10044195308411,9.44280055082831,0.000000000000000E+000,8.68598466000828,0.000000000000000E+000,0.239153689232634,0.239153689232634,0.239153689232634,0.134677451787115,2.934278533945949E-002,0.292642405135342,0.387513607899952,0.730124839452265 
 01/11  16:00:00,1.16430975776952,9.12859835754379,0.000000000000000E+000,8.36275621656345,0.000000000000000E+000,0.230254148450498,0.230254148450498,0.230254148450498,0.168346835632121,3.667848622751551E-002,0.302863858133087,0.409054415636696,0.737667408022849 
 01/11  17:00:00,1.41537448879890,8.69747856527365,0.000000000000000E+000,7.85446710048926,0.000000000000000E+000,0.216259279467409,0.216259279467409,0.216259279467409,0.282822640393651,6.161984739158848E-002,0.353721026385214,0.483839681471435,0.809685693692373 
 01/11  18:00:00,1.94010445931144,10.0998609314828,0.000000000000000E+000,9.09645660342054,0.000000000000000E+000,0.250455330144516,0.250455330144516,0.250455330144516,0.525242070329039,0.114436864645168,0.445070293491817,0.587787887011303,0.962918842221938 
 01/11  19:00:00,2.24901600324130,8.92377843882579,0.000000000000000E+000,7.77757943002515,0.000000000000000E+000,0.214142309340503,0.214142309340503,0.214142309340503,0.781129237083851,0.170188158611418,0.398284023104866,0.638160237411070,1.10224399062746 
 01/11  20:00:00,2.20348712489345,8.56424232269929,0.000000000000000E+000,7.39459951993402,0.000000000000000E+000,0.203597614411214,0.203597614411214,0.203597614411214,0.828266357748276,0.180458136212143,0.315346148810717,0.658706854021501,1.12427258061419 
 01/11  21:00:00,2.04761251396608,8.49754237320246,0.000000000000000E+000,7.40796911305435,0.000000000000000E+000,0.203965723225980,0.203965723225980,0.203965723225980,0.713790552986747,0.155516756835306,0.275875148663200,0.681352318565255,1.04264327017194 
 01/11  22:00:00,1.88239725118190,8.67259923516464,0.000000000000000E+000,7.68551332115957,0.000000000000000E+000,0.211607426946585,0.211607426946585,0.211607426946585,0.599314664632309,0.130575395671233,0.258342489697899,0.665445260544277,0.941251565818259 
 01/11  23:00:00,1.56784447998786,8.79014279671500,0.000000000000000E+000,7.97311487040193,0.000000000000000E+000,0.219526042304843,0.219526042304843,0.219526042304843,0.451169476025773,9.829833361910398E-002,0.205881020852975,0.575857593495570,0.777364171814734 
 01/11  24:00:00,1.25766139478287,8.87769710027114,0.000000000000000E+000,8.24356570577201,0.000000000000000E+000,0.226972442173887,0.226972442173887,0.226972442173887,0.309758114032493,6.748840081692746E-002,0.135920890493347,0.500409533576620,0.599664329876566 
 01/12  01:00:00,0.950709591160034,9.03015154994207,0.000000000000000E+000,8.58920752900294,0.000000000000000E+000,0.236489096924540,0.236489096924540,0.236489096924540,0.161612925425957,3.521133876479848E-002,8.636931076758889E-002,0.413914905587548,0.412434508546021 
 01/12  02:00:00,0.831670295338829,9.30249565435296,0.000000000000000E+000,8.94912014303978,0.000000000000000E+000,0.246398673422479,0.246398673422479,0.246398673422479,9.427424132885273E-002,2.053995520145101E-002,7.223881327716383E-002,0.381106598419282,0.327125760110549 
 01/12  03:00:00,0.790556917489392,9.59182051985328,0.000000000000000E+000,9.26266202053691,0.000000000000000E+000,0.255031511225843,0.255031511225843,0.255031511225843,6.733872589355760E-002,1.467139266972975E-002,5.971530281942931E-002,0.376687971191233,0.303213093055244 
 01/12  04:00:00,0.772239319404917,9.38312979215186,0.000000000000000E+000,9.04797601086660,0.000000000000000E+000,0.249120500183459,0.249120500183459,0.249120500183459,6.733872589355760E-002,1.467139266972975E-002,5.261106845099969E-002,0.371385618517571,0.309573588953887 
 01/12  05:00:00,0.767339920695859,9.39931485783668,0.000000000000000E+000,8.99673083491299,0.000000000000000E+000,0.247709552160363,0.247709552160363,0.247709552160363,6.733872589355760E-002,1.467139266972975E-002,6.315175921409334E-002,0.357356477068514,0.377970125781523 
 01/12  06:00:00,0.827695018493213,9.92200521260318,0.000000000000000E+000,9.21830548662538,0.000000000000000E+000,0.253810230145835,0.253810230145835,0.253810230145835,6.733872589355760E-002,1.467139266972975E-002,7.598154876300982E-002,0.398781107331481,0.676232595009251 
 01/12  07:00:00,1.07466123053197,11.3766315041337,0.000000000000000E+000,10.1119580185401,0.000000000000000E+000,0.278415419800783,0.278415419800783,0.278415419800783,0.154879098812700,3.374420951484601E-002,0.129758134509170,0.460752354204875,1.23293791682084 
 01/12  08:00:00,1.37728851240853,10.9644962515514,0.000000000000000E+000,9.54259270098914,0.000000000000000E+000,0.262738922369197,0.262738922369197,0.262738922369197,0.316492024238656,6.895554827964449E-002,0.207406094963531,0.489583896867899,1.38818213104630 
 01/12  09:00:00,1.31968012563107,10.4913377253490,0.000000000000000E+000,9.11321642835375,0.000000000000000E+000,0.250916783177253,0.250916783177253,0.250916783177253,0.303024287419236,6.602127156697500E-002,0.268690864190452,0.413914905587548,1.34961178460217 
 01/12  10:00:00,1.10514529485153,9.13795393165916,0.000000000000000E+000,7.88504383377296,0.000000000000000E+000,0.217101157372529,0.217101157372529,0.217101157372529,0.154879098812700,3.374420951484601E-002,0.330033759705594,0.352275055756258,1.22864619742675 
 01/12  11:00:00,1.09029266231442,8.80648877536819,0.000000000000000E+000,7.69703263746152,0.000000000000000E+000,0.211924591562790,0.211924591562790,0.211924591562790,0.127943541580951,2.787563787674246E-002,0.344876895795482,0.360559981808849,1.08462159068193 
 01/12  12:00:00,1.04647525570402,6.49095396262196,0.000000000000000E+000,5.51164169168099,0.000000000000000E+000,0.151753600298512,0.151753600298512,0.151753600298512,0.127943541580951,2.787563787674246E-002,0.361120014768658,0.360670447489552,0.954470115092695 
 01/12  13:00:00,0.997258730515091,5.16075649725512,0.000000000000000E+000,4.28159763301734,0.000000000000000E+000,0.117886446940241,0.117886446940241,0.117886446940241,0.127943541580951,2.787563787674246E-002,0.351846255376571,0.354594835050983,0.854735182684035 
 01/12  14:00:00,0.953865049222401,4.31577469423169,0.000000000000000E+000,3.49501680886682,0.000000000000000E+000,9.622929310696818E-002,9.622929310696818E-002,9.622929310696818E-002,0.127943541580951,2.787563787674246E-002,0.317848037359318,0.366856525608822,0.795489646598530 
 01/12  15:00:00,0.945292355012598,3.81382523652530,0.000000000000000E+000,3.05100142734463,0.000000000000000E+000,8.400409116112832E-002,8.400409116112832E-002,8.400409116112832E-002,0.134677451787115,2.934278533945949E-002,0.292642405135342,0.387513607899952,0.736132757812927 
 01/12  16:00:00,1.01769632478954,3.80996998042235,0.000000000000000E+000,3.03780373976321,0.000000000000000E+000,8.364071547052133E-002,8.364071547052133E-002,8.364071547052133E-002,0.168346835632121,3.667848622751551E-002,0.302863858133087,0.409054415636696,0.743991507701647 
 01/12  17:00:00,1.29194078490018,4.22140057777515,0.000000000000000E+000,3.37139488850553,0.000000000000000E+000,9.282557556869687E-002,9.282557556869687E-002,9.282557556869687E-002,0.282822640393651,6.161984739158848E-002,0.353721026385214,0.483839681471435,0.816679918177620 
 01/12  18:00:00,1.83837568764230,6.41199468409223,0.000000000000000E+000,5.40170051149120,0.000000000000000E+000,0.148726558475374,0.148726558475374,0.148726558475374,0.525242070329039,0.114436864645168,0.445070293491817,0.587787887011303,0.969808686760704 
 01/12  19:00:00,2.16765685796982,5.97431594591974,0.000000000000000E+000,4.82264158212062,0.000000000000000E+000,0.132783164069018,0.132783164069018,0.132783164069018,0.781129237083851,0.170188158611418,0.398284023104866,0.638160237411070,1.10771934562593 
 01/12  20:00:00,2.13805325025553,6.19362589485270,0.000000000000000E+000,5.01806235183270,0.000000000000000E+000,0.138163739773291,0.138163739773291,0.138163739773291,0.828266357748276,0.180458136212143,0.315346148810717,0.658706854021501,1.13019332086893 
 01/12  21:00:00,2.00015568471687,6.77836965337063,0.000000000000000E+000,5.68435242039980,0.000000000000000E+000,0.156508893976767,0.156508893976767,0.156508893976767,0.713790552986747,0.155516756835306,0.275875148663200,0.681352318565255,1.04708724299468 
 01/12  22:00:00,1.84056751610741,7.15723001081101,0.000000000000000E+000,6.16627086934928,0.000000000000000E+000,0.169777691872091,0.169777691872091,0.169777691872091,0.599314664632309,0.130575395671233,0.258342489697899,0.665445260544277,0.945124793274919 
 01/12  23:00:00,1.53605221788136,7.63860312083472,0.000000000000000E+000,6.81843019106420,0.000000000000000E+000,0.187733780198343,0.187733780198343,0.187733780198343,0.451169476025773,9.829833361910398E-002,0.205881020852975,0.575857593495570,0.780509175272188 
 01/12  24:00:00,1.23252797632047,7.96737883443980,0.000000000000000E+000,7.33072807437880,0.000000000000000E+000,0.201839023711476,0.201839023711476,0.201839023711476,0.309758114032493,6.748840081692746E-002,0.135920890493347,0.500409533576620,0.602183695438429 
 01/13  01:00:00,0.927591507129148,8.19232347580590,0.000000000000000E+000,7.74956619248263,0.000000000000000E+000,0.213371012893655,0.213371012893655,0.213371012893655,0.161612925425957,3.521133876479848E-002,8.636931076758889E-002,0.413914905587548,0.414247770930157 
 01/13  02:00:00,0.812244574078681,8.59814043983004,0.000000000000000E+000,8.24358422838747,0.000000000000000E+000,0.226972952162333,0.226972952162333,0.226972952162333,9.427424132885273E-002,2.053995520145101E-002,7.223881327716383E-002,0.381106598419282,0.328306460239961 
 01/13  03:00:00,0.765674258119316,8.68882420681094,0.000000000000000E+000,8.35893187829165,0.000000000000000E+000,0.230148851855768,0.230148851855768,0.230148851855768,6.733872589355760E-002,1.467139266972975E-002,5.971530281942931E-002,0.376687971191233,0.303946922258154 
 01/13  04:00:00,0.756374146164213,8.80792550745505,0.000000000000000E+000,8.47175804893880,0.000000000000000E+000,0.233255326942753,0.233255326942753,0.233255326942753,6.733872589355760E-002,1.467139266972975E-002,5.261106845099969E-002,0.371385618517571,0.310587266184897 
 01/13  05:00:00,0.758699737396501,9.08674394603662,0.000000000000000E+000,8.68292217137662,0.000000000000000E+000,0.239069368861005,0.239069368861005,0.239069368861005,6.733872589355760E-002,1.467139266972975E-002,6.315175921409334E-002,0.357356477068514,0.379207877517812 
 01/13  06:00:00,0.810642036378321,9.30378945065124,0.000000000000000E+000,8.59894669047802,0.000000000000000E+000,0.236757248030945,0.236757248030945,0.236757248030945,6.733872589355760E-002,1.467139266972975E-002,7.598154876300982E-002,0.398781107331481,0.677375629204711 
 01/13  07:00:00,1.02747595031931,9.66477234814303,0.000000000000000E+000,8.39820389908477,0.000000000000000E+000,0.231230139588123,0.231230139588123,0.231230139588123,0.154879098812700,3.374420951484601E-002,0.129758134509170,0.460752354204875,1.23483288028548 
 01/13  08:00:00,1.34299255307604,9.72170230898515,0.000000000000000E+000,8.29697454800094,0.000000000000000E+000,0.228442963036708,0.228442963036708,0.228442963036708,0.316492024238656,6.895554827964449E-002,0.207406094963531,0.489583896867899,1.39100634146829 
 01/13  09:00:00,1.29663864926631,9.65759712723258,0.000000000000000E+000,8.27635745749542,0.000000000000000E+000,0.227875306812499,0.227875306812499,0.227875306812499,0.303024287419236,6.602127156697500E-002,0.268690864190452,0.413914905587548,1.35273015734405 
 01/13  10:00:00,1.09699040150340,8.84451894643780,0.000000000000000E+000,7.58886074434160,0.000000000000000E+000,0.208946264024403,0.208946264024403,0.208946264024403,0.154879098812700,3.374420951484601E-002,0.330033759705594,0.352275055756258,1.23139430163676 
 01/13  11:00:00,1.08899461604614,8.76148985867697,0.000000000000000E+000,7.64988801673482,0.000000000000000E+000,0.210626545294509,0.210626545294509,0.210626545294509,0.127943541580951,2.787563787674246E-002,0.344876895795482,0.360559981808849,1.08676729471743 
 01/13  12:00:00,1.06798975237019,7.27414450770045,0.000000000000000E+000,6.29304125365228,0.000000000000000E+000,0.173268096964687,0.173268096964687,0.173268096964687,0.127943541580951,2.787563787674246E-002,0.361120014768658,0.360670447489552,0.956261098199905 
 01/13  13:00:00,1.02930802869617,6.32568888076664,0.000000000000000E+000,5.44561777946863,0.000000000000000E+000,0.149935745121325,0.149935745121325,0.149935745121325,0.127943541580951,2.787563787674246E-002,0.351846255376571,0.354594835050983,0.855647419744277 
 01/13  14:00:00,0.999475677873797,5.97224161721317,0.000000000000000E+000,5.15158009279756,0.000000000000000E+000,0.141839921758365,0.141839921758365,0.141839921758365,0.127943541580951,2.787563787674246E-002,0.317848037359318,0.366856525608822,0.795393285649255 
 01/13  15:00:00,1.02224689964927,6.60928830849700,0.000000000000000E+000,5.84596560446755,0.000000000000000E+000,0.160958635797794,0.160958635797794,0.160958635797794,0.134677451787115,2.934278533945949E-002,0.292642405135342,0.387513607899952,0.736631652661701 
 01/13  16:00:00,1.10253739108313,6.89078245469380,0.000000000000000E+000,6.11920383327398,0.000000000000000E+000,0.168481781764113,0.168481781764113,0.168481781764113,0.168346835632121,3.667848622751551E-002,0.302863858133087,0.409054415636696,0.743403888462335 
 01/13  17:00:00,1.37378664975602,7.19240470576799,0.000000000000000E+000,6.34401023432765,0.000000000000000E+000,0.174671440424533,0.174671440424533,0.174671440424533,0.282822640393651,6.161984739158848E-002,0.353721026385214,0.483839681471435,0.815068700348336 
 01/13  18:00:00,1.89885689084251,8.60686488197548,0.000000000000000E+000,7.59835825447419,0.000000000000000E+000,0.209207761675578,0.209207761675578,0.209207761675578,0.525242070329039,0.114436864645168,0.445070293491817,0.587787887011303,0.968021141660966 
 01/13  19:00:00,2.22272666864577,7.97359261520582,0.000000000000000E+000,6.82275929845463,0.000000000000000E+000,0.187852974744964,0.187852974744964,0.187852974744964,0.781129237083851,0.170188158611418,0.398284023104866,0.638160237411070,1.10687829857802 
 01/13  20:00:00,2.18232764669022,7.80080009573703,0.000000000000000E+000,6.62609411373797,0.000000000000000E+000,0.182438136207987,0.182438136207987,0.182438136207987,0.828266357748276,0.180458136212143,0.315346148810717,0.658706854021501,1.12933575984800 
 01/13  21:00:00,2.04099163207381,8.26111521650177,0.000000000000000E+000,7.16750082366052,0.000000000000000E+000,0.197344841333708,0.197344841333708,0.197344841333708,0.713790552986747,0.155516756835306,0.275875148663200,0.681352318565255,1.04668440286512 
 01/13  22:00:00,1.87605755049267,8.44595991253016,0.000000000000000E+000,7.45525744213713,0.000000000000000E+000,0.205267726257352,0.205267726257352,0.205267726257352,0.599314664632309,0.130575395671233,0.258342489697899,0.665445260544277,0.944868122206226 
 01/13  23:00:00,1.57050621689190,8.88967787104739,0.000000000000000E+000,8.06978829405544,0.000000000000000E+000,0.222187779208884,0.222187779208884,0.222187779208884,0.451169476025773,9.829833361910398E-002,0.205881020852975,0.575857593495570,0.780225822493631 
 01/13  24:00:00,1.26730792025251,9.22993448319149,0.000000000000000E+000,8.59392439152112,0.000000000000000E+000,0.236618967643518,0.236618967643518,0.236618967643518,0.309758114032493,6.748840081692746E-002,0.135920890493347,0.500409533576620,0.601543027047781 
 01/14  01:00:00,0.970444514151310,9.52583526425267,0.000000000000000E+000,9.06721931586476,0.000000000000000E+000,0.249650331580069,0.249650331580069,0.249650331580069,0.161612925425957,3.521133876479848E-002,9.294299910333617E-002,0.413914905587548,0.430106435994796 
 01/14  02:00:00,0.852661607587782,9.93129720654082,0.000000000000000E+000,9.56816306336752,0.000000000000000E+000,0.263442958438472,0.263442958438472,0.263442958438472,9.427424132885273E-002,2.053995520145101E-002,7.618584051012475E-002,0.381106598419282,0.336884391970678 
 01/14  03:00:00,0.808234195607434,10.1463629652406,0.000000000000000E+000,9.80985563446956,0.000000000000000E+000,0.270097548827665,0.270097548827665,0.270097548827665,6.733872589355760E-002,1.467139266972975E-002,6.232654333565033E-002,0.376687971191233,0.310561924509894 
 01/14  04:00:00,0.798540137664213,10.2966030135152,0.000000000000000E+000,9.95362214771057,0.000000000000000E+000,0.274055913178456,0.274055913178456,0.274055913178456,6.733872589355760E-002,1.467139266972975E-002,5.397647371529803E-002,0.371385618517571,0.317400673473219 
 01/14  05:00:00,0.806778166191608,10.7499039386295,0.000000000000000E+000,10.3320995727177,0.000000000000000E+000,0.284476639903713,0.284476639903713,0.284476639903713,6.733872589355760E-002,1.467139266972975E-002,6.582291696649339E-002,0.357356477068514,0.393190468769682 
 01/14  06:00:00,0.866981119868994,11.2420410804698,0.000000000000000E+000,10.4963733154487,0.000000000000000E+000,0.288999635644090,0.288999635644090,0.288999635644090,6.733872589355760E-002,1.467139266972975E-002,8.007824464053613E-002,0.398781107331481,0.718200634052473 
 01/14  07:00:00,1.11281826215378,12.4726674789685,0.000000000000000E+000,11.1118935919586,0.000000000000000E+000,0.305946930704668,0.305946930704668,0.305946930704668,0.154879098812700,3.374420951484601E-002,0.140383655227083,0.460752354204875,1.32903831823709 
 01/14  08:00:00,1.43896245828434,12.5538039103031,0.000000000000000E+000,11.0139960352405,0.000000000000000E+000,0.303251489396350,0.303251489396350,0.303251489396350,0.316492024238656,6.895554827964449E-002,0.228567473812190,0.489583896867899,1.50608645554674 
 01/14  09:00:00,1.37620223612403,11.4890884793944,0.000000000000000E+000,9.98796798248124,0.000000000000000E+000,0.275001566828180,0.275001566828180,0.275001566828180,0.303024287419236,6.602127156697500E-002,0.301128191032485,0.413914905587548,1.47261098452008 
 01/14  10:00:00,1.20926945842616,11.3982535803664,0.000000000000000E+000,10.0312849945201,0.000000000000000E+000,0.276194226456433,0.276194226456433,0.276194226456433,0.154879098812700,3.374420951484601E-002,0.375064854196324,0.352275055756258,1.34270468538688 
 01/14  11:00:00,1.24278213333210,12.5935988669481,0.000000000000000E+000,11.3861384528261,0.000000000000000E+000,0.313497792558192,0.313497792558192,0.313497792558192,0.127943541580951,2.787563787674246E-002,0.395793165817765,0.360559981808849,1.18262586689726 
 01/14  12:00:00,1.22814055943977,11.2630566918627,0.000000000000000E+000,10.2032904819065,0.000000000000000E+000,0.280930102524247,0.280930102524247,0.280930102524247,0.127943541580951,2.787563787674246E-002,0.413608816278677,0.360670447489552,1.03492405410796 
 01/14  13:00:00,1.20321813040364,10.9721243244661,0.000000000000000E+000,10.0255129274235,0.000000000000000E+000,0.276035302489297,0.276035302489297,0.276035302489297,0.127943541580951,2.787563787674246E-002,0.399656799716067,0.354594835050983,0.922187715488913 
 01/14  14:00:00,1.16133789621946,10.3256764940626,0.000000000000000E+000,9.44725901046308,0.000000000000000E+000,0.260114072718882,0.260114072718882,0.260114072718882,0.127943541580951,2.787563787674246E-002,0.361436104744461,0.366856525608822,0.853149244833164 
 01/14  15:00:00,1.15263161887849,9.97504448505182,0.000000000000000E+000,9.16046717901891,0.000000000000000E+000,0.252217751551353,0.252217751551353,0.252217751551353,0.134677451787115,2.934278533945949E-002,0.331768008611008,0.387513607899952,0.787886254665138 
 01/14  16:00:00,1.20258348162707,9.23015267802374,0.000000000000000E+000,8.40687450338794,0.000000000000000E+000,0.231468869805611,0.231468869805611,0.231468869805611,0.168346835632121,3.667848622751551E-002,0.339922860635529,0.409054415636696,0.795103441678308 
 01/14  17:00:00,1.46841134880893,9.38942164851925,0.000000000000000E+000,8.47622044976085,0.000000000000000E+000,0.233378191495387,0.233378191495387,0.233378191495387,0.282822640393651,6.161984739158848E-002,0.389638974367272,0.483839681471435,0.879875427666387 
 01/14  18:00:00,2.00940964677741,11.4164925000349,0.000000000000000E+000,10.3296269004413,0.000000000000000E+000,0.284408559113763,0.284408559113763,0.284408559113763,0.525242070329039,0.114436864645168,0.480422251988538,0.587787887011303,1.04638011375328 
 01/14  19:00:00,2.32160287783511,10.4198465646236,0.000000000000000E+000,9.16777068082659,0.000000000000000E+000,0.252418840946510,0.252418840946510,0.252418840946510,0.781129237083851,0.170188158611418,0.432594366092666,0.638160237411070,1.20812086562377 
 01/14  20:00:00,2.29062213864595,10.6039600867931,0.000000000000000E+000,9.31555564947347,0.000000000000000E+000,0.256487846574364,0.256487846574364,0.256487846574364,0.828266357748276,0.180458136212143,0.349590930400065,0.658706854021501,1.24303421516855 
 01/14  21:00:00,2.14523354839467,10.8890656504570,0.000000000000000E+000,9.68759672450065,0.000000000000000E+000,0.266731359442684,0.266731359442684,0.266731359442684,0.713790552986747,0.155516756835306,0.310730546875078,0.681352318565255,1.15453893598023 
 01/14  22:00:00,1.99081967184834,11.4113338851240,0.000000000000000E+000,10.3301499962357,0.000000000000000E+000,0.284422961659235,0.284422961659235,0.284422961659235,0.599314664632309,0.130575395671233,0.293949375651685,0.665445260544277,1.03534954070150 
 01/14  23:00:00,1.67968719061056,11.8980999398562,0.000000000000000E+000,11.0076048244181,0.000000000000000E+000,0.303075518368693,0.303075518368693,0.303075518368693,0.451169476025773,9.829833361910398E-002,0.234174255411816,0.575857593495570,0.850831360939791 
 01/14  24:00:00,1.36457674447811,12.2420695247254,0.000000000000000E+000,11.5624756238613,0.000000000000000E+000,0.318352934105480,0.318352934105480,0.318352934105480,0.309758114032493,6.748840081692746E-002,0.151455748256992,0.500409533576620,0.645126836241592 
 01/15  01:00:00,1.05403866550087,12.5611171911494,0.000000000000000E+000,12.1033318618115,0.000000000000000E+000,0.333244482929626,0.333244482929626,0.333244482929626,0.161612925425957,3.521133876479848E-002,9.294299910333617E-002,0.413914905587548,0.429275816944718 
 01/15  02:00:00,0.928079081548057,12.6691537561657,0.000000000000000E+000,12.3073013305523,0.000000000000000E+000,0.338860432398746,0.338860432398746,0.338860432398746,9.427424132885273E-002,2.053995520145101E-002,7.618584051012475E-002,0.381106598419282,0.335602674410800 
 01/15  03:00:00,0.871390072465811,12.4383837930076,0.000000000000000E+000,12.1036566598328,0.000000000000000E+000,0.333253425686041,0.333253425686041,0.333253425686041,6.733872589355760E-002,1.467139266972975E-002,6.232654333565033E-002,0.376687971191233,0.308781726913614 
 01/15  04:00:00,0.862616748390172,12.6224294350195,0.000000000000000E+000,12.2808639294152,0.000000000000000E+000,0.338132523904414,0.338132523904414,0.338132523904414,6.733872589355760E-002,1.467139266972975E-002,5.397647371529803E-002,0.371385618517571,0.315985313272946 
 01/15  05:00:00,0.862808568444028,12.7839393679683,0.000000000000000E+000,12.3671056644915,0.000000000000000E+000,0.340507042156130,0.340507042156130,0.340507042156130,6.733872589355760E-002,1.467139266972975E-002,6.582291696649339E-002,0.357356477068514,0.392219806334677 
 01/15  06:00:00,0.919432834403912,13.1467231525147,0.000000000000000E+000,12.4014026265303,0.000000000000000E+000,0.341451350179009,0.341451350179009,0.341451350179009,6.733872589355760E-002,1.467139266972975E-002,8.007824464053613E-002,0.398781107331481,0.717853395015912 
 01/15  07:00:00,1.14596728530368,13.6772367063385,0.000000000000000E+000,12.3158553936696,0.000000000000000E+000,0.339095953854574,0.339095953854574,0.339095953854574,0.154879098812700,3.374420951484601E-002,0.140383655227083,0.460752354204875,1.32964574389613 
 01/15  08:00:00,1.49286577397239,14.5124631406255,0.000000000000000E+000,12.9717470308127,0.000000000000000E+000,0.357154805084396,0.357154805084396,0.357154805084396,0.316492024238656,6.895554827964449E-002,0.228567473812190,0.489583896867899,1.50699469029693 
 01/15  09:00:00,1.42462384096086,13.2486977272267,0.000000000000000E+000,11.7466250125077,0.000000000000000E+000,0.323423171665016,0.323423171665016,0.323423171665016,0.303024287419236,6.602127156697500E-002,0.301128191032485,0.413914905587548,1.47356320232587 
 01/15  10:00:00,1.21589563435001,11.6395530183924,0.000000000000000E+000,10.2719455614289,0.000000000000000E+000,0.282820402380283,0.282820402380283,0.282820402380283,0.154879098812700,3.374420951484601E-002,0.375064854196324,0.352275055756258,1.34334355650400 
 01/15  11:00:00,1.19801607849531,10.9683896169176,0.000000000000000E+000,9.76024981673983,0.000000000000000E+000,0.268731737721402,0.268731737721402,0.268731737721402,0.127943541580951,2.787563787674246E-002,0.395793165817765,0.360559981808849,1.18330525295303 
 01/15  12:00:00,1.14416937835495,8.21485480755901,0.000000000000000E+000,7.15348433789172,0.000000000000000E+000,0.196958921439431,0.196958921439431,0.196958921439431,0.127943541580951,2.787563787674246E-002,0.413608816278677,0.360670447489552,1.03652831381902 
 01/15  13:00:00,1.09377936633595,7.00120652538924,0.000000000000000E+000,6.05073240468788,0.000000000000000E+000,0.166596538421606,0.166596538421606,0.166596538421606,0.127943541580951,2.787563787674246E-002,0.399656799716067,0.354594835050983,0.926050439147636 
 01/15  14:00:00,1.03954107345019,5.90576175074415,0.000000000000000E+000,5.02363779179760,0.000000000000000E+000,0.138317249949614,0.138317249949614,0.138317249949614,0.127943541580951,2.787563787674246E-002,0.361436104744461,0.366856525608822,0.856855720180219 
 01/15  15:00:00,1.05195367639687,6.32218230765422,0.000000000000000E+000,5.50387686338361,0.000000000000000E+000,0.151539809069738,0.151539809069738,0.151539809069738,0.134677451787115,2.934278533945949E-002,0.331768008611008,0.387513607899952,0.791614392902835 
 01/15  16:00:00,1.12154696025682,6.29059102637743,0.000000000000000E+000,5.46365425125229,0.000000000000000E+000,0.150432348435359,0.150432348435359,0.150432348435359,0.168346835632121,3.667848622751551E-002,0.339922860635529,0.409054415636696,0.798762042167672 
 01/15  17:00:00,1.38507036896610,6.36569110843290,0.000000000000000E+000,5.44930301107242,0.000000000000000E+000,0.150037211652550,0.150037211652550,0.150037211652550,0.282822640393651,6.161984739158848E-002,0.389638974367272,0.483839681471435,0.883062326268465 
 01/15  18:00:00,1.92967074942672,8.52416990892022,0.000000000000000E+000,7.43353593309554,0.000000000000000E+000,0.204669661763075,0.204669661763075,0.204669661763075,0.525242070329039,0.114436864645168,0.480422251988538,0.587787887011303,1.05014848998434 
 01/15  19:00:00,2.25402610262454,7.96930074460749,0.000000000000000E+000,6.71340405685686,0.000000000000000E+000,0.184842065735944,0.184842065735944,0.184842065735944,0.781129237083851,0.170188158611418,0.432594366092666,0.638160237411070,1.21194166957745 
 01/15  20:00:00,2.25857164754229,9.44333267337609,0.000000000000000E+000,8.15149217646013,0.000000000000000E+000,0.224437355470708,0.224437355470708,0.224437355470708,0.828266357748276,0.180458136212143,0.349590930400065,0.658706854021501,1.24647027476488 
 01/15  21:00:00,2.11529887896875,9.80419609361049,0.000000000000000E+000,8.60037921064897,0.000000000000000E+000,0.236796690016764,0.236796690016764,0.236796690016764,0.713790552986747,0.155516756835306,0.310730546875078,0.681352318565255,1.15688689298535 
 01/15  22:00:00,1.96513698098814,10.4804278997703,0.000000000000000E+000,9.39736296896814,0.000000000000000E+000,0.258740270799042,0.258740270799042,0.258740270799042,0.599314664632309,0.130575395671233,0.293949375651685,0.665445260544277,1.03723058261532 
 01/15  23:00:00,1.65568317483735,11.0278215747774,0.000000000000000E+000,10.1357867334922,0.000000000000000E+000,0.279071502595485,0.279071502595485,0.279071502595485,0.451169476025773,9.829833361910398E-002,0.234174255411816,0.575857593495570,0.852371086786879 
 01/15  24:00:00,1.33935733825681,11.3268883992952,0.000000000000000E+000,10.6465149448701,0.000000000000000E+000,0.293133527884174,0.293133527884174,0.293133527884174,0.309758114032493,6.748840081692746E-002,0.151455748256992,0.500409533576620,0.645906389802601 
 01/16  01:00:00,1.02552083496345,11.7478710264963,0.000000000000000E+000,11.3063277129217,0.000000000000000E+000,0.311300340727957,0.311300340727957,0.311300340727957,0.161612925425957,3.521133876479848E-002,8.636931076758889E-002,0.413914905587548,0.413033801181532 
 01/16  02:00:00,0.920034758746932,12.5119296369842,0.000000000000000E+000,12.1584888804213,0.000000000000000E+000,0.334763136830584,0.334763136830584,0.334763136830584,9.427424132885273E-002,2.053995520145101E-002,7.223881327716383E-002,0.381106598419282,0.327191005360339 
 01/16  03:00:00,0.879356832452495,12.8165529346201,0.000000000000000E+000,12.4878462175880,0.000000000000000E+000,0.343831426188946,0.343831426188946,0.343831426188946,6.733872589355760E-002,1.467139266972975E-002,5.971530281942931E-002,0.376687971191233,0.302761310770994 
 01/16  04:00:00,0.876381481669936,13.1653351369990,0.000000000000000E+000,12.8303856688424,0.000000000000000E+000,0.353262662448479,0.353262662448479,0.353262662448479,6.733872589355760E-002,1.467139266972975E-002,5.261106845099969E-002,0.371385618517571,0.309369275825337 
 01/16  05:00:00,0.875690463313638,13.3346643699518,0.000000000000000E+000,12.9319875064759,0.000000000000000E+000,0.356060094778142,0.356060094778142,0.356060094778142,6.733872589355760E-002,1.467139266972975E-002,6.315175921409334E-002,0.357356477068514,0.378062966333739 
 01/16  06:00:00,0.936260261480477,13.8664164881856,0.000000000000000E+000,13.1613600061824,0.000000000000000E+000,0.362375473133099,0.362375473133099,0.362375473133099,6.733872589355760E-002,1.467139266972975E-002,7.598154876300982E-002,0.398781107331481,0.677589351034711 
 01/16  07:00:00,1.18136344129604,15.2565193282581,0.000000000000000E+000,13.9873478101821,0.000000000000000E+000,0.385117630564852,0.385117630564852,0.385117630564852,0.154879098812700,3.374420951484601E-002,0.129758134509170,0.460752354204875,1.23743594930323 
 01/16  08:00:00,1.47793035256169,14.6252617028644,0.000000000000000E+000,13.1978717917290,0.000000000000000E+000,0.363380762522358,0.363380762522358,0.363380762522358,0.316492024238656,6.895554827964449E-002,0.207406094963531,0.489583896867899,1.39366849161948 
 01/16  09:00:00,1.41609939369773,13.9986075302434,0.000000000000000E+000,12.6151330663264,0.000000000000000E+000,0.347336051243921,0.347336051243921,0.347336051243921,0.303024287419236,6.602127156697500E-002,0.268690864190452,0.413914905587548,1.35496495152392 
 01/16  10:00:00,1.20829250635199,12.8889055658815,0.000000000000000E+000,11.6313172017082,0.000000000000000E+000,0.320248368872996,0.320248368872996,0.320248368872996,0.154879098812700,3.374420951484601E-002,0.330033759705594,0.352275055756258,1.23332446371381 
 01/16  11:00:00,1.20817263446571,13.0914362409758,0.000000000000000E+000,11.9783951082380,0.000000000000000E+000,0.329804563714084,0.329804563714084,0.329804563714084,0.127943541580951,2.787563787674246E-002,0.344876895795482,0.360559981808849,1.08820658551304 
 01/16  12:00:00,1.13869433120731,9.84229759074605,0.000000000000000E+000,8.86100869392928,0.000000000000000E+000,0.243972675801803,0.243972675801803,0.243972675801803,0.127943541580951,2.787563787674246E-002,0.361120014768658,0.360670447489552,0.956446740968500 
 01/16  13:00:00,1.08106318874661,8.20620362663787,0.000000000000000E+000,7.32534845691230,0.000000000000000E+000,0.201690905171767,0.201690905171767,0.201690905171767,0.127943541580951,2.787563787674246E-002,0.351846255376571,0.354594835050983,0.856431488171845 
 01/16  14:00:00,1.03010950992730,7.08595649808583,0.000000000000000E+000,6.26419096720140,0.000000000000000E+000,0.172473753811871,0.172473753811871,0.172473753811871,0.127943541580951,2.787563787674246E-002,0.317848037359318,0.366856525608822,0.796497292118085 
 01/16  15:00:00,1.01336603220047,6.28731839305975,0.000000000000000E+000,5.52341537045154,0.000000000000000E+000,0.152077768349001,0.152077768349001,0.152077768349001,0.134677451787115,2.934278533945949E-002,0.292642405135342,0.387513607899952,0.737211971240458 
 01/16  16:00:00,1.07546170443985,5.90903916644177,0.000000000000000E+000,5.13582364960472,0.000000000000000E+000,0.141406095120827,0.141406095120827,0.141406095120827,0.168346835632121,3.667848622751551E-002,0.302863858133087,0.409054415636696,0.745040783879589 
 01/16  17:00:00,1.33878564411058,5.92386282980342,0.000000000000000E+000,5.07278502723741,0.000000000000000E+000,0.139670434779094,0.139670434779094,0.139670434779094,0.282822640393651,6.161984739158848E-002,0.353721026385214,0.483839681471435,0.817752031473985 
 01/16  18:00:00,1.89630290812317,8.51877698376975,0.000000000000000E+000,7.50559842796561,0.000000000000000E+000,0.206653778956239,0.206653778956239,0.206653778956239,0.525242070329039,0.114436864645168,0.445070293491817,0.587787887011303,0.972693069963808 
 01/16  19:00:00,2.22444177282106,8.04071564732226,0.000000000000000E+000,6.88505132750396,0.000000000000000E+000,0.189568078920260,0.189568078920260,0.189568078920260,0.781129237083851,0.170188158611418,0.398284023104866,0.638160237411070,1.11170930164510 
 01/16  20:00:00,2.20213767289054,8.52505360990382,0.000000000000000E+000,7.34558785954809,0.000000000000000E+000,0.202248162408302,0.202248162408302,0.202248162408302,0.828266357748276,0.180458136212143,0.315346148810717,0.658706854021501,1.13409552820467 
 01/16  21:00:00,2.06621802133808,9.18135467073019,0.000000000000000E+000,8.08371512451412,0.000000000000000E+000,0.222571230597976,0.222571230597976,0.222571230597976,0.713790552986747,0.155516756835306,0.275875148663200,0.681352318565255,1.05070955623992 
 01/16  22:00:00,1.90468235134355,9.48861433760129,0.000000000000000E+000,8.49490095290355,0.000000000000000E+000,0.233892527108234,0.233892527108234,0.233892527108234,0.599314664632309,0.130575395671233,0.258342489697899,0.665445260544277,0.947879036510936 
 01/16  23:00:00,1.59767168908733,9.87835727977995,0.000000000000000E+000,9.05642945994516,0.000000000000000E+000,0.249353251404306,0.249353251404306,0.249353251404306,0.451169476025773,9.829833361910398E-002,0.205881020852975,0.575857593495570,0.782264065336479 
 01/16  24:00:00,1.30359892975888,10.5495083197299,0.000000000000000E+000,9.91200212170366,0.000000000000000E+000,0.272909977149887,0.272909977149887,0.272909977149887,0.309758114032493,6.748840081692746E-002,0.135920890493347,0.500409533576620,0.603039133403685 
 01/17  01:00:00,1.00325117530081,10.9399933937495,0.000000000000000E+000,10.4975008751088,0.000000000000000E+000,0.289030681065315,0.289030681065315,0.289030681065315,0.161612925425957,3.521133876479848E-002,8.636931076758889E-002,0.413914905587548,0.413983006247637 
 01/17  02:00:00,0.892370774828279,11.5079114242037,0.000000000000000E+000,11.1537419299429,0.000000000000000E+000,0.307099152911931,0.307099152911931,0.307099152911931,9.427424132885273E-002,2.053995520145101E-002,7.223881327716383E-002,0.381106598419282,0.327919743058118 
 01/17  03:00:00,0.852382484966065,11.8379148429932,0.000000000000000E+000,11.5081466393266,0.000000000000000E+000,0.316857078702516,0.316857078702516,0.316857078702516,6.733872589355760E-002,1.467139266972975E-002,5.971530281942931E-002,0.376687971191233,0.303822797405496 
 01/17  04:00:00,0.865031523678882,12.7538886850478,0.000000000000000E+000,12.4181588647384,0.000000000000000E+000,0.341912704457423,0.341912704457423,0.341912704457423,6.733872589355760E-002,1.467139266972975E-002,5.261106845099969E-002,0.371385618517571,0.310149627978068 
 01/17  05:00:00,0.878803570747603,13.4482655258605,0.000000000000000E+000,13.0450545618207,0.000000000000000E+000,0.359173202212107,0.359173202212107,0.359173202212107,6.733872589355760E-002,1.467139266972975E-002,6.315175921409334E-002,0.357356477068514,0.378597066897664 
 01/17  06:00:00,0.930920228913943,13.6727344930024,0.000000000000000E+000,12.9674117501229,0.000000000000000E+000,0.357035440566566,0.357035440566566,0.357035440566566,6.733872589355760E-002,1.467139266972975E-002,7.598154876300982E-002,0.398781107331481,0.677855611910989 
 01/17  07:00:00,1.17710126100392,15.1029143591327,0.000000000000000E+000,13.8325468001940,0.000000000000000E+000,0.380855450272728,0.380855450272728,0.380855450272728,0.154879098812700,3.374420951484601E-002,0.129758134509170,0.460752354204875,1.23863199016595 
 01/17  08:00:00,1.48034726736309,14.7147291115864,0.000000000000000E+000,13.2856533557804,0.000000000000000E+000,0.365797677323755,0.365797677323755,0.365797677323755,0.316492024238656,6.895554827964449E-002,0.207406094963531,0.489583896867899,1.39535433629008 
 01/17  09:00:00,1.43517739939173,14.6925733923502,0.000000000000000E+000,13.3080400640539,0.000000000000000E+000,0.366414056937919,0.366414056937919,0.366414056937919,0.303024287419236,6.602127156697500E-002,0.268690864190452,0.413914905587548,1.35602381590326 
 01/17  10:00:00,1.25256737512119,14.4982481133409,0.000000000000000E+000,13.2393661186498,0.000000000000000E+000,0.364523237642190,0.364523237642190,0.364523237642190,0.154879098812700,3.374420951484601E-002,0.330033759705594,0.352275055756258,1.23461809423172 
 01/17  11:00:00,1.29010532532574,16.0679491017778,0.000000000000000E+000,14.9541639464564,0.000000000000000E+000,0.411737254574115,0.411737254574115,0.411737254574115,0.127943541580951,2.787563787674246E-002,0.344876895795482,0.360559981808849,1.08895060809668 
 01/17  12:00:00,1.31426506941233,16.2204506688926,0.000000000000000E+000,15.2376811328469,0.000000000000000E+000,0.419543414006832,0.419543414006832,0.419543414006832,0.127943541580951,2.787563787674246E-002,0.361120014768658,0.360670447489552,0.957927380197369 
 01/17  13:00:00,1.25853171674508,14.6497874887363,0.000000000000000E+000,13.7709480074568,0.000000000000000E+000,0.379159433170234,0.379159433170234,0.379159433170234,0.127943541580951,2.787563787674246E-002,0.351846255376571,0.354594835050983,0.854415799725793 
 01/17  14:00:00,1.22085080974071,14.0100605399019,0.000000000000000E+000,13.1918532981707,0.000000000000000E+000,0.363215053625274,0.363215053625274,0.363215053625274,0.127943541580951,2.787563787674246E-002,0.317848037359318,0.366856525608822,0.792939002964850 
 01/17  15:00:00,1.22201741923608,13.8617595842312,0.000000000000000E+000,13.1015662779116,0.000000000000000E+000,0.360729155384605,0.360729155384605,0.360729155384605,0.134677451787115,2.934278533945949E-002,0.292642405135342,0.387513607899952,0.733502254951843 
 01/17  16:00:00,1.29001336565594,13.6975611208099,0.000000000000000E+000,12.9282706073831,0.000000000000000E+000,0.355957756336924,0.355957756336924,0.355957756336924,0.168346835632121,3.667848622751551E-002,0.302863858133087,0.409054415636696,0.741115780469350 
 01/17  17:00:00,1.55199075474288,13.6632633853355,0.000000000000000E+000,12.8163257032340,0.000000000000000E+000,0.352875545411394,0.352875545411394,0.352875545411394,0.282822640393651,6.161984739158848E-002,0.353721026385214,0.483839681471435,0.813611911009483 
 01/17  18:00:00,2.08941265579615,15.5274238094463,0.000000000000000E+000,14.5192820193319,0.000000000000000E+000,0.399763526629227,0.399763526629227,0.399763526629227,0.525242070329039,0.114436864645168,0.445070293491817,0.587787887011303,0.967656304274060 
 01/17  19:00:00,2.38441558716517,13.8473497686790,0.000000000000000E+000,12.6952485352261,0.000000000000000E+000,0.349541893264363,0.349541893264363,0.349541893264363,0.781129237083851,0.170188158611418,0.398284023104866,0.638160237411070,1.10814621527964 
 01/17  20:00:00,2.34155753288574,13.5849095519208,0.000000000000000E+000,12.4092720916605,0.000000000000000E+000,0.341668022403499,0.341668022403499,0.341668022403499,0.828266357748276,0.180458136212143,0.315346148810717,0.658706854021501,1.13026723810929 
 01/17  21:00:00,2.19131293506797,13.7212427115570,0.000000000000000E+000,12.6271219403962,0.000000000000000E+000,0.347666144327868,0.347666144327868,0.347666144327868,0.713790552986747,0.155516756835306,0.275875148663200,0.681352318565255,1.04719078118465 
 01/17  22:00:00,2.02608035258741,13.8948668715303,0.000000000000000E+000,12.9040371027293,0.000000000000000E+000,0.355290528352090,0.355290528352090,0.355290528352090,0.599314664632309,0.130575395671233,0.258342489697899,0.665445260544277,0.944995420614193 
 01/17  23:00:00,1.71170218948172,14.0172711349030,0.000000000000000E+000,13.1979803612792,0.000000000000000E+000,0.363383751798699,0.363383751798699,0.363383751798699,0.451169476025773,9.829833361910398E-002,0.205881020852975,0.575857593495570,0.779627019125461 
 01/17  24:00:00,1.39966236363256,14.0358351568073,0.000000000000000E+000,13.4009949768500,0.000000000000000E+000,0.368973411023570,0.368973411023570,0.368973411023570,0.309758114032493,6.748840081692746E-002,0.135920890493347,0.500409533576620,0.600373115334733 
 01/18  01:00:00,1.10001409986742,14.4518252268752,0.000000000000000E+000,14.0118990060345,0.000000000000000E+000,0.385793605631929,0.385793605631929,0.385793605631929,0.161612925425957,3.521133876479848E-002,8.636931076758889E-002,0.413914905587548,0.411416708447620 
 01/18  02:00:00,0.978831696629467,14.6457665655786,0.000000000000000E+000,14.2939746516918,0.000000000000000E+000,0.393560074713116,0.393560074713116,0.393560074713116,9.427424132885273E-002,2.053995520145101E-002,7.223881327716383E-002,0.381106598419282,0.325542162684177 
 01/18  03:00:00,0.931738471293225,14.7175989675313,0.000000000000000E+000,14.3903304021162,0.000000000000000E+000,0.396213065029676,0.396213065029676,0.396213065029676,6.733872589355760E-002,1.467139266972975E-002,5.971530281942931E-002,0.376687971191233,0.301323159153971 
 01/18  04:00:00,0.920641661919157,14.7712871343033,0.000000000000000E+000,14.4379011034881,0.000000000000000E+000,0.397522842697697,0.397522842697697,0.397522842697697,6.733872589355760E-002,1.467139266972975E-002,5.261106845099969E-002,0.371385618517571,0.307805838483843 
 01/18  05:00:00,0.921028683427285,14.9800559040422,0.000000000000000E+000,14.5786570004019,0.000000000000000E+000,0.401398314891789,0.401398314891789,0.401398314891789,6.733872589355760E-002,1.467139266972975E-002,6.315175921409334E-002,0.357356477068514,0.376785006498236 
 01/18  06:00:00,0.973055720620212,15.2024044750950,0.000000000000000E+000,14.4977591839295,0.000000000000000E+000,0.399170932272835,0.399170932272835,0.399170932272835,6.733872589355760E-002,1.467139266972975E-002,7.598154876300982E-002,0.398781107331481,0.677178160197000 
 01/18  07:00:00,1.19293140910122,15.6777403121484,0.000000000000000E+000,14.4074926602391,0.000000000000000E+000,0.396685598370028,0.396685598370028,0.396685598370028,0.154879098812700,3.374420951484601E-002,0.129758134509170,0.460752354204875,1.23851208313649 
 01/18  08:00:00,1.53026324136419,16.5280619521901,0.000000000000000E+000,15.0985853906328,0.000000000000000E+000,0.415713651324861,0.415713651324861,0.415713651324861,0.316492024238656,6.895554827964449E-002,0.207406094963531,0.489583896867899,1.39575514204144 
 01/18  09:00:00,1.46375835560573,15.7316849586730,0.000000000000000E+000,14.3460911517863,0.000000000000000E+000,0.394995013151919,0.394995013151919,0.394995013151919,0.303024287419236,6.602127156697500E-002,0.268690864190452,0.413914905587548,1.35708429449356 
 01/18  10:00:00,1.28350343965720,15.6219473139971,0.000000000000000E+000,14.3629539790880,0.000000000000000E+000,0.395459302178200,0.395459302178200,0.395459302178200,0.154879098812700,3.374420951484601E-002,0.330033759705594,0.352275055756258,1.23472943444963 
 01/18  11:00:00,1.32498323309479,17.3348160873546,0.000000000000000E+000,16.2209182784811,0.000000000000000E+000,0.446615162343161,0.446615162343161,0.446615162343161,0.127943541580951,2.787563787674246E-002,0.344876895795482,0.360559981808849,1.08906326164880 
 01/18  12:00:00,1.29152856278983,15.3934357610972,0.000000000000000E+000,14.4118985644118,0.000000000000000E+000,0.396806907384325,0.396806907384325,0.396806907384325,0.127943541580951,2.787563787674246E-002,0.361120014768658,0.360670447489552,0.956695040837162 
 01/18  13:00:00,1.25812831835129,14.6357392526950,0.000000000000000E+000,13.7562967082377,0.000000000000000E+000,0.378756034776447,0.378756034776447,0.378756034776447,0.127943541580951,2.787563787674246E-002,0.351846255376571,0.354594835050983,0.855018862903613 
 01/18  14:00:00,1.22997087506385,14.3421338970352,0.000000000000000E+000,13.5230911216359,0.000000000000000E+000,0.372335118948415,0.372335118948415,0.372335118948415,0.127943541580951,2.787563787674246E-002,0.317848037359318,0.366856525608822,0.793774536632999 
 01/18  15:00:00,1.22588362861034,14.0021040792370,0.000000000000000E+000,13.2419857522045,0.000000000000000E+000,0.364595364758872,0.364595364758872,0.364595364758872,0.134677451787115,2.934278533945949E-002,0.292642405135342,0.387513607899952,0.733427275664673 
 01/18  16:00:00,1.29833148266221,13.9995062405551,0.000000000000000E+000,13.2303819272981,0.000000000000000E+000,0.364275873343193,0.364275873343193,0.364275873343193,0.168346835632121,3.667848622751551E-002,0.302863858133087,0.409054415636696,0.740949580299587 
 01/18  17:00:00,1.56275660443047,14.0544630646785,0.000000000000000E+000,13.2073378826335,0.000000000000000E+000,0.363641395098978,0.363641395098978,0.363641395098978,0.282822640393651,6.161984739158848E-002,0.353721026385214,0.483839681471435,0.813799410952939 
 01/18  18:00:00,2.10085327895997,15.9433035795602,0.000000000000000E+000,14.9348017531930,0.000000000000000E+000,0.411204149793043,0.411204149793043,0.411204149793043,0.525242070329039,0.114436864645168,0.445070293491817,0.587787887011303,0.968016340526836 
 01/18  19:00:00,2.40166971168049,14.4742331862644,0.000000000000000E+000,13.3219127583158,0.000000000000000E+000,0.366796017779691,0.366796017779691,0.366796017779691,0.781129237083851,0.170188158611418,0.398284023104866,0.638160237411070,1.10836540977538 
 01/18  20:00:00,2.35428790247320,14.0473865732722,0.000000000000000E+000,12.8716349985749,0.000000000000000E+000,0.354398391990959,0.354398391990959,0.354398391990959,0.828266357748276,0.180458136212143,0.315346148810717,0.658706854021501,1.13038135254630 
 01/18  21:00:00,2.20644756326098,14.2715517860284,0.000000000000000E+000,13.1768067424212,0.000000000000000E+000,0.362800772520875,0.362800772520875,0.362800772520875,0.713790552986747,0.155516756835306,0.275875148663200,0.681352318565255,1.04781505363107 
 01/18  22:00:00,2.03953336405589,14.3837830740662,0.000000000000000E+000,13.3926461290883,0.000000000000000E+000,0.368743539820571,0.368743539820571,0.368743539820571,0.599314664632309,0.130575395671233,0.258342489697899,0.665445260544277,0.945302596791025 
 01/18  23:00:00,1.72295016867920,14.4256369822104,0.000000000000000E+000,13.6065033285763,0.000000000000000E+000,0.374631730996176,0.374631730996176,0.374631730996176,0.451169476025773,9.829833361910398E-002,0.205881020852975,0.575857593495570,0.779469899135765 
 01/18  24:00:00,1.41381057894319,14.5492223634963,0.000000000000000E+000,13.9148535819543,0.000000000000000E+000,0.383121626334203,0.383121626334203,0.383121626334203,0.309758114032493,6.748840081692746E-002,0.135920890493347,0.500409533576620,0.599901716919403 
 01/19  01:00:00,1.10854978038898,14.7612583925181,0.000000000000000E+000,14.3219121624732,0.000000000000000E+000,0.394329286153488,0.394329286153488,0.394329286153488,0.161612925425957,3.521133876479848E-002,8.636931076758889E-002,0.413914905587548,0.410836717651747 
 01/19  02:00:00,0.980916455402056,14.7207191098872,0.000000000000000E+000,14.3696924161830,0.000000000000000E+000,0.395644833485705,0.395644833485705,0.395644833485705,9.427424132885273E-002,2.053995520145101E-002,7.223881327716383E-002,0.381106598419282,0.324776942501538 
 01/19  03:00:00,0.940267916208851,15.0267234234711,0.000000000000000E+000,14.7001170833639,0.000000000000000E+000,0.404742509945302,0.404742509945302,0.404742509945302,6.733872589355760E-002,1.467139266972975E-002,5.971530281942931E-002,0.376687971191233,0.300660933846007 
 01/19  04:00:00,0.930798884470706,15.1398859769709,0.000000000000000E+000,14.8068081421131,0.000000000000000E+000,0.407680065249247,0.407680065249247,0.407680065249247,6.733872589355760E-002,1.467139266972975E-002,5.261106845099969E-002,0.371385618517571,0.307497642526478 
 01/19  05:00:00,0.927270815260525,15.2063631592817,0.000000000000000E+000,14.8053692101246,0.000000000000000E+000,0.407640446725030,0.407640446725030,0.407640446725030,6.733872589355760E-002,1.467139266972975E-002,6.315175921409334E-002,0.357356477068514,0.376380052014928 
 01/19  06:00:00,0.980179591046923,15.4610601608700,0.000000000000000E+000,14.7564958542475,0.000000000000000E+000,0.406294802699546,0.406294802699546,0.406294802699546,6.733872589355760E-002,1.467139266972975E-002,7.598154876300982E-002,0.398781107331481,0.677097175654021 
 01/19  07:00:00,1.19430913559151,15.7285768867310,0.000000000000000E+000,14.4575312408637,0.000000000000000E+000,0.398063324860316,0.398063324860316,0.398063324860316,0.154879098812700,3.374420951484601E-002,0.129758134509170,0.460752354204875,1.23931007709458 
 01/19  08:00:00,1.53168227930478,16.5804928420747,0.000000000000000E+000,15.1501243897737,0.000000000000000E+000,0.417132689265448,0.417132689265448,0.417132689265448,0.316492024238656,6.895554827964449E-002,0.207406094963531,0.489583896867899,1.39664703278500 
 01/19  09:00:00,1.46705468687007,15.8523618700731,0.000000000000000E+000,14.4658128374030,0.000000000000000E+000,0.398291344416260,0.398291344416260,0.398291344416260,0.303024287419236,6.602127156697500E-002,0.268690864190452,0.413914905587548,1.35803952027700 
 01/19  10:00:00,1.25750920804745,14.6788001756264,0.000000000000000E+000,13.4188518925366,0.000000000000000E+000,0.369465070568451,0.369465070568451,0.369465070568451,0.154879098812700,3.374420951484601E-002,0.330033759705594,0.352275055756258,1.23568438263037 
 01/19  11:00:00,1.27227059772779,15.4214573494325,0.000000000000000E+000,14.3064124071498,0.000000000000000E+000,0.393902526976158,0.393902526976158,0.393902526976158,0.127943541580951,2.787563787674246E-002,0.344876895795482,0.360559981808849,1.09021039505788 
 01/19  12:00:00,1.21869951529662,12.7496430995326,0.000000000000000E+000,11.7667711095152,0.000000000000000E+000,0.323977859891114,0.323977859891114,0.323977859891114,0.127943541580951,2.787563787674246E-002,0.361120014768658,0.360670447489552,0.958029834169104 
 01/19  13:00:00,1.19665054347826,12.4047928837787,0.000000000000000E+000,11.5234438043498,0.000000000000000E+000,0.317278259903416,0.317278259903416,0.317278259903416,0.127943541580951,2.787563787674246E-002,0.351846255376571,0.354594835050983,0.856925397875198 
 01/19  14:00:00,1.18251015552568,12.6210595487165,0.000000000000000E+000,11.7993331349444,0.000000000000000E+000,0.324874399410248,0.324874399410248,0.324874399410248,0.127943541580951,2.787563787674246E-002,0.317848037359318,0.366856525608822,0.796458175005816 
 01/19  15:00:00,1.19260183389293,12.7954899127817,0.000000000000000E+000,12.0332017300950,0.000000000000000E+000,0.331313570041463,0.331313570041463,0.331313570041463,0.134677451787115,2.934278533945949E-002,0.292642405135342,0.387513607899952,0.735597131318984 
 01/19  16:00:00,1.27330933684255,13.0922698457985,0.000000000000000E+000,12.3215856823084,0.000000000000000E+000,0.339253727523534,0.339253727523534,0.339253727523534,0.168346835632121,3.667848622751551E-002,0.302863858133087,0.409054415636696,0.742509430532658 
 01/19  17:00:00,1.54532559170298,13.4227011082053,0.000000000000000E+000,12.5742491368769,0.000000000000000E+000,0.346210382371493,0.346210382371493,0.346210382371493,0.282822640393651,6.161984739158848E-002,0.353721026385214,0.483839681471435,0.815126200236319 
 01/19  18:00:00,2.08357322359757,15.3169844640868,0.000000000000000E+000,14.3071957301226,0.000000000000000E+000,0.393924094430640,0.393924094430640,0.393924094430640,0.525242070329039,0.114436864645168,0.445070293491817,0.587787887011303,0.969303248123914 
 01/19  19:00:00,2.38190416079400,13.7575892053672,0.000000000000000E+000,12.6040343415222,0.000000000000000E+000,0.347030466893201,0.347030466893201,0.347030466893201,0.781129237083851,0.170188158611418,0.398284023104866,0.638160237411070,1.10959984567177 
 01/19  20:00:00,2.34176956896695,13.5949172311815,0.000000000000000E+000,12.4169731735658,0.000000000000000E+000,0.341880058484708,0.341880058484708,0.341880058484708,0.828266357748276,0.180458136212143,0.315346148810717,0.658706854021501,1.13257383546462 
 01/19  21:00:00,2.19215319099014,13.7536603154111,0.000000000000000E+000,12.6576397637837,0.000000000000000E+000,0.348506400250039,0.348506400250039,0.348506400250039,0.713790552986747,0.155516756835306,0.275875148663200,0.681352318565255,1.04909056165127 
 01/19  22:00:00,2.03431906525586,14.1956403267590,0.000000000000000E+000,13.2032644827711,0.000000000000000E+000,0.363529241020546,0.363529241020546,0.363529241020546,0.599314664632309,0.130575395671233,0.258342489697899,0.665445260544277,0.946541495801066 
 01/19  23:00:00,1.73820920459387,14.9810173717016,0.000000000000000E+000,14.1607065788235,0.000000000000000E+000,0.389890766910847,0.389890766910847,0.389890766910847,0.451169476025773,9.829833361910398E-002,0.205881020852975,0.575857593495570,0.780647038379756 
 01/19  24:00:00,1.43156871677702,15.1948522262550,0.000000000000000E+000,14.5598234057938,0.000000000000000E+000,0.400879764168030,0.400879764168030,0.400879764168030,0.309758114032493,6.748840081692746E-002,0.135920890493347,0.500409533576620,0.600561755838604 
 01/20  01:00:00,1.13600883018135,15.7587430999416,0.000000000000000E+000,15.3192159717526,0.000000000000000E+000,0.421788335945857,0.421788335945857,0.421788335945857,0.161612925425957,3.521133876479848E-002,8.636931076758889E-002,0.413914905587548,0.411017615795841 
 01/20  02:00:00,1.01581107981945,15.9877722361701,0.000000000000000E+000,15.6370538914702,0.000000000000000E+000,0.430539457903099,0.430539457903099,0.430539457903099,9.427424132885273E-002,2.053995520145101E-002,7.223881327716383E-002,0.381106598419282,0.324468593497348 
 01/20  03:00:00,0.982070641545687,16.5446644525833,0.000000000000000E+000,16.2183785502364,0.000000000000000E+000,0.446545235282139,0.446545235282139,0.446545235282139,6.733872589355760E-002,1.467139266972975E-002,5.971530281942931E-002,0.376687971191233,0.300340496085813 
 01/20  04:00:00,0.977810834718714,16.8467553683945,0.000000000000000E+000,16.5142669733003,0.000000000000000E+000,0.454692015497255,0.454692015497255,0.454692015497255,6.733872589355760E-002,1.467139266972975E-002,5.261106845099969E-002,0.371385618517571,0.306908202762757 
 01/20  05:00:00,0.972965829043352,16.8654354081483,0.000000000000000E+000,16.4649973347421,0.000000000000000E+000,0.453335460507859,0.453335460507859,0.453335460507859,6.733872589355760E-002,1.467139266972975E-002,6.315175921409334E-002,0.357356477068514,0.375824176264131 
 01/20  06:00:00,1.02816322014208,17.2034319812045,0.000000000000000E+000,16.4992457469604,0.000000000000000E+000,0.454278431794705,0.454278431794705,0.454278431794705,6.733872589355760E-002,1.467139266972975E-002,7.598154876300982E-002,0.398781107331481,0.676719103275566 
 01/20  07:00:00,1.25587180433026,17.9645464536848,0.000000000000000E+000,16.6934674625032,0.000000000000000E+000,0.459625993599067,0.459625993599067,0.459625993599067,0.154879098812700,3.374420951484601E-002,0.129758134509170,0.460752354204875,1.23934342240884 
 01/20  08:00:00,1.54755575836933,17.1569419057755,0.000000000000000E+000,15.7266440165377,0.000000000000000E+000,0.433006168329996,0.433006168329996,0.433006168329996,0.316492024238656,6.895554827964449E-002,0.207406094963531,0.489583896867899,1.39657646972182 
 01/20  09:00:00,1.49839827722184,16.9909440139857,0.000000000000000E+000,15.6042019036918,0.000000000000000E+000,0.429634934768031,0.429634934768031,0.429634934768031,0.303024287419236,6.602127156697500E-002,0.268690864190452,0.413914905587548,1.35823259790081 
 01/20  10:00:00,1.31024238374137,16.5944048069292,0.000000000000000E+000,15.3341037818997,0.000000000000000E+000,0.422198246262377,0.422198246262377,0.422198246262377,0.154879098812700,3.374420951484601E-002,0.330033759705594,0.352275055756258,1.23603712456995 
 01/20  11:00:00,1.31469578354044,16.9618881091865,0.000000000000000E+000,15.8472814372248,0.000000000000000E+000,0.436327712788816,0.436327712788816,0.436327712788816,0.127943541580951,2.787563787674246E-002,0.344876895795482,0.360559981808849,1.08977212473698 
 01/20  12:00:00,1.27811829332201,14.9072794502610,0.000000000000000E+000,13.9248419136956,0.000000000000000E+000,0.383396637916504,0.383396637916504,0.383396637916504,0.127943541580951,2.787563787674246E-002,0.361120014768658,0.360670447489552,0.957595380717111 
 01/20  13:00:00,1.25373098499326,14.4769896411812,0.000000000000000E+000,13.5965869825991,0.000000000000000E+000,0.374358701418416,0.374358701418416,0.374358701418416,0.127943541580951,2.787563787674246E-002,0.351846255376571,0.354594835050983,0.855978977028373 
 01/20  14:00:00,1.22674928164616,14.2260159615809,0.000000000000000E+000,13.4060838904424,0.000000000000000E+000,0.369113525530729,0.369113525530729,0.369113525530729,0.127943541580951,2.787563787674246E-002,0.317848037359318,0.366856525608822,0.794663832372127 
 01/20  15:00:00,1.22915871987925,14.1216922789302,0.000000000000000E+000,13.3609360080552,0.000000000000000E+000,0.367870456027779,0.367870456027779,0.367870456027779,0.134677451787115,2.934278533945949E-002,0.292642405135342,0.387513607899952,0.734065219507297 
 01/20  16:00:00,1.30192727278894,14.1308005108128,0.000000000000000E+000,13.3609798619633,0.000000000000000E+000,0.367871663469920,0.367871663469920,0.367871663469920,0.168346835632121,3.667848622751551E-002,0.302863858133087,0.409054415636696,0.741645915891980 
 01/20  17:00:00,1.56302587040110,14.0648961464996,0.000000000000000E+000,13.2171175356170,0.000000000000000E+000,0.363910661069613,0.363910661069613,0.363910661069613,0.282822640393651,6.161984739158848E-002,0.353721026385214,0.483839681471435,0.814452839790559 
 01/20  18:00:00,2.10123216614002,15.9581227082940,0.000000000000000E+000,14.9485628130551,0.000000000000000E+000,0.411583036973088,0.411583036973088,0.411583036973088,0.525242070329039,0.114436864645168,0.445070293491817,0.587787887011303,0.969074409398646 
 01/20  19:00:00,2.44390495869801,16.0105602739642,0.000000000000000E+000,14.8558832727701,0.000000000000000E+000,0.409031264797208,0.409031264797208,0.409031264797208,0.781129237083851,0.170188158611418,0.398284023104866,0.638160237411070,1.11072198302096 
 01/20  20:00:00,2.35089840986772,13.9252856461526,0.000000000000000E+000,12.7485297231731,0.000000000000000E+000,0.351008899385487,0.351008899385487,0.351008899385487,0.828266357748276,0.180458136212143,0.315346148810717,0.658706854021501,1.13138570082849 
 01/20  21:00:00,2.18756235225893,13.5849097134425,0.000000000000000E+000,12.4909019855632,0.000000000000000E+000,0.343915561518826,0.343915561518826,0.343915561518826,0.713790552986747,0.155516756835306,0.275875148663200,0.681352318565255,1.04707773790323 
 01/20  22:00:00,2.01216674000816,13.3906727380334,0.000000000000000E+000,12.3986991929674,0.000000000000000E+000,0.341376915772842,0.341376915772842,0.341376915772842,0.599314664632309,0.130575395671233,0.258342489697899,0.665445260544277,0.946139196879110 
 01/20  23:00:00,1.68747371920488,13.1384285845555,0.000000000000000E+000,12.3180101553612,0.000000000000000E+000,0.339155281521861,0.339155281521861,0.339155281521861,0.451169476025773,9.829833361910398E-002,0.205881020852975,0.575857593495570,0.780754674695957 
 01/20  24:00:00,1.37328620591362,13.0782786024035,0.000000000000000E+000,12.4430214575126,0.000000000000000E+000,0.342597253304625,0.342597253304625,0.342597253304625,0.309758114032493,6.748840081692746E-002,0.135920890493347,0.500409533576620,0.600790080268344 
 01/21  01:00:00,1.07053422690682,13.1591846086040,0.000000000000000E+000,12.7024453180584,0.000000000000000E+000,0.349740044335578,0.349740044335578,0.349740044335578,0.161612925425957,3.521133876479848E-002,9.294299910333617E-002,0.413914905587548,0.428229778152560 
 01/21  02:00:00,0.946638196205579,13.3418526934529,0.000000000000000E+000,12.9813623736239,0.000000000000000E+000,0.357419547056270,0.357419547056270,0.357419547056270,9.427424132885273E-002,2.053995520145101E-002,7.618584051012475E-002,0.381106598419282,0.334240568626433 
 01/21  03:00:00,0.905309003472857,13.6692166090105,0.000000000000000E+000,13.3355812659571,0.000000000000000E+000,0.367172356693086,0.367172356693086,0.367172356693086,6.733872589355760E-002,1.467139266972975E-002,6.232654333565033E-002,0.376687971191233,0.307689936792205 
 01/21  04:00:00,0.894026489525258,13.7620698235143,0.000000000000000E+000,13.4216555707635,0.000000000000000E+000,0.369542265039501,0.369542265039501,0.369542265039501,6.733872589355760E-002,1.467139266972975E-002,5.397647371529803E-002,0.371385618517571,0.314834060419494 
 01/21  05:00:00,0.890056099902271,13.7726280697091,0.000000000000000E+000,13.3567271962722,0.000000000000000E+000,0.367754573614376,0.367754573614376,0.367754573614376,6.733872589355760E-002,1.467139266972975E-002,6.582291696649339E-002,0.357356477068514,0.391286976294758 
 01/21  06:00:00,0.946467883071206,14.1302704444987,0.000000000000000E+000,13.3833068520522,0.000000000000000E+000,0.368486398846303,0.368486398846303,0.368486398846303,6.733872589355760E-002,1.467139266972975E-002,8.007824464053613E-002,0.398781107331481,0.719496461477934 
 01/21  07:00:00,1.20277728234900,15.7473072101859,0.000000000000000E+000,14.3791761162314,0.000000000000000E+000,0.395905950899899,0.395905950899899,0.395905950899899,0.154879098812700,3.374420951484601E-002,0.140383655227083,0.460752354204875,1.33639552518172 
 01/21  08:00:00,1.50921476130041,15.1138830125052,0.000000000000000E+000,13.5655369639453,0.000000000000000E+000,0.373503792412417,0.373503792412417,0.373503792412417,0.316492024238656,6.895554827964449E-002,0.228567473812190,0.489583896867899,1.51462462904395 
 01/21  09:00:00,1.46897175710466,14.8675006484115,0.000000000000000E+000,13.3573269864742,0.000000000000000E+000,0.367771087808815,0.367771087808815,0.367771087808815,0.303024287419236,6.602127156697500E-002,0.301128191032485,0.413914905587548,1.48166414954422 
 01/21  10:00:00,1.30637839511625,14.9329392973883,0.000000000000000E+000,13.5582501738839,0.000000000000000E+000,0.373303163146530,0.373303163146530,0.373303163146530,0.154879098812700,3.374420951484601E-002,0.375064854196324,0.352275055756258,1.35042522304500 
 01/21  11:00:00,1.32998493185978,15.7665332680353,0.000000000000000E+000,14.5533158973875,0.000000000000000E+000,0.400700591085872,0.400700591085872,0.400700591085872,0.127943541580951,2.787563787674246E-002,0.395793165817765,0.360559981808849,1.18838282342316 
 01/21  12:00:00,1.31094556730989,14.2754870039691,0.000000000000000E+000,13.2107415918581,0.000000000000000E+000,0.363735110394364,0.363735110394364,0.363735110394364,0.127943541580951,2.787563787674246E-002,0.413608816278677,0.360670447489552,1.03990325626269 
 01/21  13:00:00,1.28856846020287,14.0757975856493,0.000000000000000E+000,13.1254093067833,0.000000000000000E+000,0.361385632288530,0.361385632288530,0.361385632288530,0.127943541580951,2.787563787674246E-002,0.399656799716067,0.354594835050983,0.925964597312260 
 01/21  14:00:00,1.26150672852208,13.9667232818526,0.000000000000000E+000,13.0853586090234,0.000000000000000E+000,0.360282905021499,0.360282905021499,0.360282905021499,0.127943541580951,2.787563787674246E-002,0.361436104744461,0.366856525608822,0.856096434062816 
 01/21  15:00:00,1.25494561741758,13.6930862824563,0.000000000000000E+000,12.8764785216253,0.000000000000000E+000,0.354531750090440,0.354531750090440,0.354531750090440,0.134677451787115,2.934278533945949E-002,0.331768008611008,0.387513607899952,0.789916709463270 
 01/21  16:00:00,1.30544413048804,12.9677557113807,0.000000000000000E+000,12.1427400089197,0.000000000000000E+000,0.334329518666579,0.334329518666579,0.334329518666579,0.168346835632121,3.667848622751551E-002,0.339922860635529,0.409054415636696,0.796840969503510 
 01/21  17:00:00,1.56955541772638,13.0648965593527,0.000000000000000E+000,12.1497403268184,0.000000000000000E+000,0.334522260412830,0.334522260412830,0.334522260412830,0.282822640393651,6.161984739158848E-002,0.389638974367272,0.483839681471435,0.881830461442230 
 01/21  18:00:00,2.11763610721916,15.3511177336631,0.000000000000000E+000,14.2603769474942,0.000000000000000E+000,0.392635019555514,0.392635019555514,0.392635019555514,0.525242070329039,0.114436864645168,0.480422251988538,0.587787887011303,1.05025530032853 
 01/21  19:00:00,2.41723104908907,13.8984805222494,0.000000000000000E+000,12.6409549383714,0.000000000000000E+000,0.348047012200470,0.348047012200470,0.348047012200470,0.781129237083851,0.170188158611418,0.432594366092666,0.638160237411070,1.21357056570482 
 01/21  20:00:00,2.37370321434397,13.6266933527226,0.000000000000000E+000,12.3330334536648,0.000000000000000E+000,0.339568922272379,0.339568922272379,0.339568922272379,0.828266357748276,0.180458136212143,0.349590930400065,0.658706854021501,1.24828967690670 
 01/21  21:00:00,2.22477014950770,13.7828416348311,0.000000000000000E+000,12.5763403579096,0.000000000000000E+000,0.346267960555722,0.346267960555722,0.346267960555722,0.713790552986747,0.155516756835306,0.310730546875078,0.681352318565255,1.15957128694532 
 01/21  22:00:00,2.06864916978628,14.2422372595535,0.000000000000000E+000,13.1568921943356,0.000000000000000E+000,0.362252459597183,0.362252459597183,0.362252459597183,0.599314664632309,0.130575395671233,0.293949375651685,0.665445260544277,1.03951071703109 
 01/21  23:00:00,1.74875129884189,14.4089270320613,0.000000000000000E+000,13.5159909027573,0.000000000000000E+000,0.372139626600035,0.372139626600035,0.372139626600035,0.451169476025773,9.829833361910398E-002,0.234174255411816,0.575857593495570,0.853272374805737 
 01/21  24:00:00,1.42908466283338,14.5856079568616,0.000000000000000E+000,13.9053823591943,0.000000000000000E+000,0.382860852460742,0.382860852460742,0.382860852460742,0.309758114032493,6.748840081692746E-002,0.151455748256992,0.500409533576620,0.645758533044791 
 01/22  01:00:00,1.12096811534210,14.9905645882504,0.000000000000000E+000,14.5341878376866,0.000000000000000E+000,0.400173932770854,0.400173932770854,0.400173932770854,0.161612925425957,3.521133876479848E-002,9.294299910333617E-002,0.413914905587548,0.427867238170719 
 01/22  02:00:00,1.00332048877076,15.3996861462784,0.000000000000000E+000,15.0400449107616,0.000000000000000E+000,0.414101839621451,0.414101839621451,0.414101839621451,9.427424132885273E-002,2.053995520145101E-002,7.618584051012475E-002,0.381106598419282,0.333391484314252 
 01/22  03:00:00,0.957907832637606,15.5787922591129,0.000000000000000E+000,15.2459537328229,0.000000000000000E+000,0.419771185857836,0.419771185857836,0.419771185857836,6.733872589355760E-002,1.467139266972975E-002,6.232654333565033E-002,0.376687971191233,0.306893120028761 
 01/22  04:00:00,0.938140801550771,15.3632518976927,0.000000000000000E+000,15.0238731186923,0.000000000000000E+000,0.413656577065016,0.413656577065016,0.413656577065016,6.733872589355760E-002,1.467139266972975E-002,5.397647371529803E-002,0.371385618517571,0.313798586669005 
 01/22  05:00:00,0.940261590051429,15.5949850539201,0.000000000000000E+000,15.1801743640037,0.000000000000000E+000,0.417960063763534,0.417960063763534,0.417960063763534,6.733872589355760E-002,1.467139266972975E-002,6.582291696649339E-002,0.357356477068514,0.390196792774235 
 01/22  06:00:00,0.989727564312893,15.7012017904182,0.000000000000000E+000,14.9544844862664,0.000000000000000E+000,0.411746080087989,0.411746080087989,0.411746080087989,6.733872589355760E-002,1.467139266972975E-002,8.007824464053613E-002,0.398781107331481,0.719250173183181 
 01/22  07:00:00,1.22577697700337,16.5826480028481,0.000000000000000E+000,15.2145175888790,0.000000000000000E+000,0.418905645554265,0.418905645554265,0.418905645554265,0.154879098812700,3.374420951484601E-002,0.140383655227083,0.460752354204875,1.33639484519630 
 01/22  08:00:00,1.52585430097176,15.7189163597144,0.000000000000000E+000,14.1698796642344,0.000000000000000E+000,0.390143332083769,0.390143332083769,0.390143332083769,0.316492024238656,6.895554827964449E-002,0.228567473812190,0.489583896867899,1.51531527596402 
 01/22  09:00:00,1.48445466892212,15.4306457686076,0.000000000000000E+000,13.9196613371180,0.000000000000000E+000,0.383253999626274,0.383253999626274,0.383253999626274,0.303024287419236,6.602127156697500E-002,0.301128191032485,0.413914905587548,1.48247491909645 
 01/22  10:00:00,1.29255590761489,14.4315717984760,0.000000000000000E+000,13.0562218974845,0.000000000000000E+000,0.359480675645166,0.359480675645166,0.359480675645166,0.154879098812700,3.374420951484601E-002,0.375064854196324,0.352275055756258,1.35108600053200 
 01/22  11:00:00,1.31515590713770,15.2290640716273,0.000000000000000E+000,14.0147305146064,0.000000000000000E+000,0.385871566363792,0.385871566363792,0.385871566363792,0.127943541580951,2.787563787674246E-002,0.395793165817765,0.360559981808849,1.18949900979626 
 01/22  12:00:00,1.26455149235688,12.5908933802360,0.000000000000000E+000,11.5257237915889,0.000000000000000E+000,0.317341035441361,0.317341035441361,0.317341035441361,0.127943541580951,2.787563787674246E-002,0.413608816278677,0.360670447489552,1.04032743279892 
 01/22  13:00:00,1.21017788323323,11.2310578231978,0.000000000000000E+000,10.2782888996831,0.000000000000000E+000,0.282995055318888,0.282995055318888,0.282995055318888,0.127943541580951,2.787563787674246E-002,0.399656799716067,0.354594835050983,0.928345241960969 
 01/22  14:00:00,1.14685325426682,9.80458539177621,0.000000000000000E+000,8.92118149850841,0.000000000000000E+000,0.245629430766249,0.245629430766249,0.245629430766249,0.127943541580951,2.787563787674246E-002,0.361436104744461,0.366856525608822,0.858135654501441 
 01/22  15:00:00,1.12987282132536,9.15312193152344,0.000000000000000E+000,8.33387501119165,0.000000000000000E+000,0.229458953998226,0.229458953998226,0.229458953998226,0.134677451787115,2.934278533945949E-002,0.331768008611008,0.387513607899952,0.792555868964049 
 01/22  16:00:00,1.19033394076914,8.78992114133523,0.000000000000000E+000,7.96197514044866,0.000000000000000E+000,0.219219328947675,0.219219328947675,0.219219328947675,0.168346835632121,3.667848622751551E-002,0.339922860635529,0.409054415636696,0.799771267929097 
 01/22  17:00:00,1.45895147890434,9.05112468975882,0.000000000000000E+000,8.13264103377698,0.000000000000000E+000,0.223918321590797,0.223918321590797,0.223918321590797,0.282822640393651,6.161984739158848E-002,0.389638974367272,0.483839681471435,0.885157884889827 
 01/22  18:00:00,2.00295807726587,11.1894793915684,0.000000000000000E+000,10.0953079819666,0.000000000000000E+000,0.277956989602222,0.277956989602222,0.277956989602222,0.525242070329039,0.114436864645168,0.480422251988538,0.587787887011303,1.05368592376146 
 01/22  19:00:00,2.31481111691878,10.1818842148168,0.000000000000000E+000,8.92109612053457,0.000000000000000E+000,0.245627080030181,0.245627080030181,0.245627080030181,0.781129237083851,0.170188158611418,0.432594366092666,0.638160237411070,1.21683307610905 
 01/22  20:00:00,2.28221417081413,10.3074444262038,0.000000000000000E+000,9.01018097662865,0.000000000000000E+000,0.248079878742542,0.248079878742542,0.248079878742542,0.828266357748276,0.180458136212143,0.349590930400065,0.658706854021501,1.25189322742411 
 01/22  21:00:00,2.14874821704093,11.0250021180336,0.000000000000000E+000,9.81524835322684,0.000000000000000E+000,0.270246028088943,0.270246028088943,0.270246028088943,0.713790552986747,0.155516756835306,0.310730546875078,0.681352318565255,1.16282377483063 
 01/22  22:00:00,1.98909112400802,11.3554284058174,0.000000000000000E+000,10.2673696976200,0.000000000000000E+000,0.282694413818922,0.282694413818922,0.282694413818922,0.599314664632309,0.130575395671233,0.293949375651685,0.665445260544277,1.04222436001058 
 01/22  23:00:00,1.67460352889338,11.7183470425895,0.000000000000000E+000,10.8229678747070,0.000000000000000E+000,0.297991856651517,0.297991856651517,0.297991856651517,0.451169476025773,9.829833361910398E-002,0.234174255411816,0.575857593495570,0.855715413384189 
 01/22  24:00:00,1.36125350721408,12.1239801129872,0.000000000000000E+000,11.4417767210361,0.000000000000000E+000,0.315029696841445,0.315029696841445,0.315029696841445,0.309758114032493,6.748840081692746E-002,0.151455748256992,0.500409533576620,0.647736327328619 
 01/23  01:00:00,1.04557662854216,12.4758913379556,0.000000000000000E+000,12.0347476504433,0.000000000000000E+000,0.331356134306659,0.331356134306659,0.331356134306659,0.161612925425957,3.521133876479848E-002,8.636931076758889E-002,0.413914905587548,0.412634175119140 
 01/23  02:00:00,0.924269113755208,12.6647407195694,0.000000000000000E+000,12.3122792850975,0.000000000000000E+000,0.338997491838857,0.338997491838857,0.338997491838857,9.427424132885273E-002,2.053995520145101E-002,7.223881327716383E-002,0.381106598419282,0.326211683269313 
 01/23  03:00:00,0.880220805788248,12.8469812606648,0.000000000000000E+000,12.5192254497675,0.000000000000000E+000,0.344695399524702,0.344695399524702,0.344695399524702,6.733872589355760E-002,1.467139266972975E-002,5.971530281942931E-002,0.376687971191233,0.301810404636194 
 01/23  04:00:00,0.876894780734561,13.1830331394695,0.000000000000000E+000,12.8490285248887,0.000000000000000E+000,0.353775961513101,0.353775961513101,0.353775961513101,6.733872589355760E-002,1.467139266972975E-002,5.261106845099969E-002,0.371385618517571,0.308424422249449 
 01/23  05:00:00,0.872268278355276,13.2102218578216,0.000000000000000E+000,12.8076948553886,0.000000000000000E+000,0.352637909819780,0.352637909819780,0.352637909819780,6.733872589355760E-002,1.467139266972975E-002,6.315175921409334E-002,0.357356477068514,0.377913105290912 
 01/23  06:00:00,0.924263325008146,13.4328181228266,0.000000000000000E+000,12.7256351528459,0.000000000000000E+000,0.350378536660769,0.350378536660769,0.350378536660769,6.733872589355760E-002,1.467139266972975E-002,7.598154876300982E-002,0.398781107331481,0.679715839012117 
 01/23  07:00:00,1.13918988341944,13.7317867721126,0.000000000000000E+000,12.4556178253780,0.000000000000000E+000,0.342944072688250,0.342944072688250,0.342944072688250,0.154879098812700,3.374420951484601E-002,0.129758134509170,0.460752354204875,1.24443337796189 
 01/23  08:00:00,1.47014058190656,14.3513774304202,0.000000000000000E+000,12.9149498404410,0.000000000000000E+000,0.355590991867230,0.355590991867230,0.355590991867230,0.316492024238656,6.895554827964449E-002,0.207406094963531,0.489583896867899,1.40270617046332 
 01/23  09:00:00,1.39749427106781,13.3316808608194,0.000000000000000E+000,11.9394010285742,0.000000000000000E+000,0.328730928613994,0.328730928613994,0.328730928613994,0.303024287419236,6.602127156697500E-002,0.268690864190452,0.413914905587548,1.36377031985209 
 01/23  10:00:00,1.16857030287869,11.4537146745302,0.000000000000000E+000,10.1886196161602,0.000000000000000E+000,0.280526165399694,0.280526165399694,0.280526165399694,0.154879098812700,3.374420951484601E-002,0.330033759705594,0.352275055756258,1.24083115791053 
 01/23  11:00:00,1.14983858864421,10.9794723112354,0.000000000000000E+000,9.85972142694303,0.000000000000000E+000,0.271470517892582,0.271470517892582,0.271470517892582,0.127943541580951,2.787563787674246E-002,0.344876895795482,0.360559981808849,1.09491633706766 
 01/23  12:00:00,1.10397557757682,8.58770903244437,0.000000000000000E+000,7.60003478875297,0.000000000000000E+000,0.209253922171318,0.209253922171318,0.209253922171318,0.127943541580951,2.787563787674246E-002,0.361120014768658,0.360670447489552,0.962832087843140 
 01/23  13:00:00,1.05425639096423,7.23775212839363,0.000000000000000E+000,6.35173422972287,0.000000000000000E+000,0.174884107389383,0.174884107389383,0.174884107389383,0.127943541580951,2.787563787674246E-002,0.351846255376571,0.354594835050983,0.861594217117028 
 01/23  14:00:00,1.01295628194585,6.46742274888039,0.000000000000000E+000,5.64119127359610,0.000000000000000E+000,0.155320525830420,0.155320525830420,0.155320525830420,0.127943541580951,2.787563787674246E-002,0.317848037359318,0.366856525608822,0.800963236517952 
 01/23  15:00:00,1.00199842501310,5.87793544946999,0.000000000000000E+000,5.11054755324447,0.000000000000000E+000,0.140710161161632,0.140710161161632,0.140710161161632,0.134677451787115,2.934278533945949E-002,0.292642405135342,0.387513607899952,0.740696844857757 
 01/23  16:00:00,1.06753375144268,5.62464830937713,0.000000000000000E+000,4.84788296033646,0.000000000000000E+000,0.133478142123657,0.133478142123657,0.133478142123657,0.168346835632121,3.667848622751551E-002,0.302863858133087,0.409054415636696,0.748590616083203 
 01/23  17:00:00,1.34007515439645,5.97551456156619,0.000000000000000E+000,5.11961962384295,0.000000000000000E+000,0.140959945064957,0.140959945064957,0.140959945064957,0.282822640393651,6.161984739158848E-002,0.353721026385214,0.483839681471435,0.822569166631226 
 01/23  18:00:00,1.88020603865089,7.93917618132217,0.000000000000000E+000,6.92096533382884,0.000000000000000E+000,0.190556909483968,0.190556909483968,0.190556909483968,0.525242070329039,0.114436864645168,0.445070293491817,0.587787887011303,0.977725361653008 
 01/23  19:00:00,2.20387419258265,7.29991372133380,0.000000000000000E+000,6.13804346399332,0.000000000000000E+000,0.169000498681845,0.169000498681845,0.169000498681845,0.781129237083851,0.170188158611418,0.398284023104866,0.638160237411070,1.11791523916731 
 01/23  20:00:00,2.17629710575391,7.59319043200985,0.000000000000000E+000,6.40706681697146,0.000000000000000E+000,0.176407595271674,0.176407595271674,0.176407595271674,0.828266357748276,0.180458136212143,0.315346148810717,0.658706854021501,1.14075339288731 
 01/23  21:00:00,2.03405257793964,8.01897632709073,0.000000000000000E+000,6.91547662132507,0.000000000000000E+000,0.190405787199530,0.190405787199530,0.190405787199530,0.713790552986747,0.155516756835306,0.275875148663200,0.681352318565255,1.05656971578950 
 01/23  22:00:00,1.87476484792586,8.40755032247343,0.000000000000000E+000,7.40830690292006,0.000000000000000E+000,0.203975023690547,0.203975023690547,0.203975023690547,0.599314664632309,0.130575395671233,0.258342489697899,0.665445260544277,0.953409071366547 
 01/23  23:00:00,1.57155888089758,8.93406002207499,0.000000000000000E+000,8.10802071035152,0.000000000000000E+000,0.223240443214566,0.223240443214566,0.223240443214566,0.451169476025773,9.829833361910398E-002,0.205881020852975,0.575857593495570,0.786375557225148 
 01/23  24:00:00,1.27257374892773,9.42508165378823,0.000000000000000E+000,8.78517758624278,0.000000000000000E+000,0.241884796318741,0.241884796318741,0.241884796318741,0.309758114032493,6.748840081692746E-002,0.135920890493347,0.500409533576620,0.605437002922884 
 01/24  01:00:00,0.964012664553467,9.51604568730252,0.000000000000000E+000,9.07237085296043,0.000000000000000E+000,0.249792170317974,0.249792170317974,0.249792170317974,0.161612925425957,3.521133876479848E-002,8.636931076758889E-002,0.413914905587548,0.415165321949000 
 01/24  02:00:00,0.848427002850062,9.91199333431099,0.000000000000000E+000,9.55771834138597,0.000000000000000E+000,0.263155380933713,0.263155380933713,0.263155380933713,9.427424132885273E-002,2.053995520145101E-002,7.223881327716383E-002,0.381106598419282,0.328025241722386 
 01/24  03:00:00,0.805927554671731,10.1506312598875,0.000000000000000E+000,9.82091859273834,0.000000000000000E+000,0.270402148408181,0.270402148408181,0.270402148408181,6.733872589355760E-002,1.467139266972975E-002,5.971530281942931E-002,0.376687971191233,0.303767260888050 
 01/24  04:00:00,0.800105882807864,10.3959782532580,0.000000000000000E+000,10.0600805827082,0.000000000000000E+000,0.276987063586406,0.276987063586406,0.276987063586406,6.733872589355760E-002,1.467139266972975E-002,5.261106845099969E-002,0.371385618517571,0.310317478218395 
 01/24  05:00:00,0.805272418330464,10.7787681361238,0.000000000000000E+000,10.3744268831202,0.000000000000000E+000,0.285642049794968,0.285642049794968,0.285642049794968,6.733872589355760E-002,1.467139266972975E-002,6.315175921409334E-002,0.357356477068514,0.379727355861500 
 01/24  06:00:00,0.857146902790115,10.9976863472559,0.000000000000000E+000,10.2879884007050,0.000000000000000E+000,0.283262114442738,0.283262114442738,0.283262114442738,6.733872589355760E-002,1.467139266972975E-002,7.598154876300982E-002,0.398781107331481,0.682230815582391 
 01/24  07:00:00,1.07452747292711,11.3861267829454,0.000000000000000E+000,10.1070999855833,0.000000000000000E+000,0.278281662195918,0.278281662195918,0.278281662195918,0.154879098812700,3.374420951484601E-002,0.129758134509170,0.460752354204875,1.24729122858929 
 01/24  08:00:00,1.38191255709799,11.1499173841391,0.000000000000000E+000,9.71053650887558,0.000000000000000E+000,0.267362967058655,0.267362967058655,0.267362967058655,0.316492024238656,6.895554827964449E-002,0.207406094963531,0.489583896867899,1.40565945574760 
 01/24  09:00:00,1.31428162904883,10.3122568333524,0.000000000000000E+000,8.91714477814892,0.000000000000000E+000,0.245518286595016,0.245518286595016,0.245518286595016,0.303024287419236,6.602127156697500E-002,0.268690864190452,0.413914905587548,1.36660254281044 
 01/24  10:00:00,1.10669071794957,9.20963445728178,0.000000000000000E+000,7.94117310096490,0.000000000000000E+000,0.218646580470579,0.218646580470579,0.218646580470579,0.154879098812700,3.374420951484601E-002,0.330033759705594,0.352275055756258,1.24419745585743 
 01/24  11:00:00,1.09041411008569,8.82418057318020,0.000000000000000E+000,7.70144358124260,0.000000000000000E+000,0.212046039334060,0.212046039334060,0.212046039334060,0.127943541580951,2.787563787674246E-002,0.344876895795482,0.360559981808849,1.09790244471288 
 01/24  12:00:00,1.04274567551353,6.36650891803931,0.000000000000000E+000,5.37618454516256,0.000000000000000E+000,0.148024020108029,0.148024020108029,0.148024020108029,0.127943541580951,2.787563787674246E-002,0.361120014768658,0.360670447489552,0.965482217028492 
 01/24  13:00:00,0.990188646412189,4.91330549731875,0.000000000000000E+000,4.02481446458788,0.000000000000000E+000,0.110816362837341,0.110816362837341,0.110816362837341,0.127943541580951,2.787563787674246E-002,0.351846255376571,0.354594835050983,0.864067351177147 
 01/24  14:00:00,0.946786665375868,4.06709705818585,0.000000000000000E+000,3.23793219643238,0.000000000000000E+000,8.915090926043479E-002,8.915090926043479E-002,8.915090926043479E-002,0.127943541580951,2.787563787674246E-002,0.317848037359318,0.366856525608822,0.803896622987120 
 01/24  15:00:00,0.933629625001111,3.39805852988340,0.000000000000000E+000,2.62741484459676,0.000000000000000E+000,7.234136114964124E-002,7.234136114964124E-002,7.234136114964124E-002,0.134677451787115,2.934278533945949E-002,0.292642405135342,0.387513607899952,0.743952633918870 
 01/24  16:00:00,1.00012589718712,3.17952710277204,0.000000000000000E+000,2.39965149083015,0.000000000000000E+000,6.607028786809661E-002,6.607028786809661E-002,6.607028786809661E-002,0.168346835632121,3.667848622751551E-002,0.302863858133087,0.409054415636696,0.751700878984428 
 01/24  17:00:00,1.27018771647898,3.44022222101683,0.000000000000000E+000,2.58133047753618,0.000000000000000E+000,7.107250714748828E-002,7.107250714748828E-002,7.107250714748828E-002,0.282822640393651,6.161984739158848E-002,0.353721026385214,0.483839681471435,0.825565972388636 
 01/24  18:00:00,1.79913676033025,4.99823032005100,0.000000000000000E+000,3.97655535984738,0.000000000000000E+000,0.109487631163327,0.109487631163327,0.109487631163327,0.525242070329039,0.114436864645168,0.445070293491817,0.587787887011303,0.981189474363304 
 01/24  19:00:00,2.13384263047250,4.76089470914197,0.000000000000000E+000,3.59451977361249,0.000000000000000E+000,9.896893657169537E-002,9.896893657169537E-002,9.896893657169537E-002,0.781129237083851,0.170188158611418,0.398284023104866,0.638160237411070,1.12241991735630 
 01/24  20:00:00,2.10578215415106,5.03623410317306,0.000000000000000E+000,3.84598657652491,0.000000000000000E+000,0.105892643668823,0.105892643668823,0.105892643668823,0.828266357748276,0.180458136212143,0.315346148810717,0.658706854021501,1.14487730449710 
 01/24  21:00:00,1.97133760321586,5.74548772454631,0.000000000000000E+000,4.63768901892011,0.000000000000000E+000,0.127690812475757,0.127690812475757,0.127690812475757,0.713790552986747,0.155516756835306,0.275875148663200,0.681352318565255,1.06086871565006 
 01/24  22:00:00,1.82227679608474,6.50497405649789,0.000000000000000E+000,5.50195783262741,0.000000000000000E+000,0.151486971849427,0.151486971849427,0.151486971849427,0.599314664632309,0.130575395671233,0.258342489697899,0.665445260544277,0.957181875683666 
 01/24  23:00:00,1.51508805343309,6.88631247463865,0.000000000000000E+000,6.05701851729122,0.000000000000000E+000,0.166769615750069,0.166769615750069,0.166769615750069,0.451169476025773,9.829833361910398E-002,0.205881020852975,0.575857593495570,0.789630202849090 
 01/24  24:00:00,1.21496725730731,7.33572931589098,0.000000000000000E+000,6.69292843826869,0.000000000000000E+000,0.184278304698324,0.184278304698324,0.184278304698324,0.309758114032493,6.748840081692746E-002,0.135920890493347,0.500409533576620,0.608333812999711 
 01/25  01:00:00,0.915839934334233,7.76827820152856,0.000000000000000E+000,7.32275286856889,0.000000000000000E+000,0.201619440098738,0.201619440098738,0.201619440098738,0.161612925425957,3.521133876479848E-002,8.636931076758889E-002,0.413914905587548,0.417015820566573 
 01/25  02:00:00,0.804797251391530,8.32953766249760,0.000000000000000E+000,7.97309987656213,0.000000000000000E+000,0.219525629475182,0.219525629475182,0.219525629475182,9.427424132885273E-002,2.053995520145101E-002,7.223881327716383E-002,0.381106598419282,0.330188034732847 
 01/25  03:00:00,0.775818512536197,9.05915773718245,0.000000000000000E+000,8.72736791845881,0.000000000000000E+000,0.240293106272647,0.240293106272647,0.240293106272647,6.733872589355760E-002,1.467139266972975E-002,5.971530281942931E-002,0.376687971191233,0.305844412462526 
 01/25  04:00:00,0.766678487482991,9.18371958038304,0.000000000000000E+000,8.84600839361714,0.000000000000000E+000,0.243559668261533,0.243559668261533,0.243559668261533,6.733872589355760E-002,1.467139266972975E-002,5.261106845099969E-002,0.371385618517571,0.312130994434562 
 01/25  05:00:00,0.773405009213193,9.62288646646699,0.000000000000000E+000,9.21701288865086,0.000000000000000E+000,0.253774640677697,0.253774640677697,0.253774640677697,6.733872589355760E-002,1.467139266972975E-002,6.315175921409334E-002,0.357356477068514,0.381259680673976 
 01/25  06:00:00,0.827683907730546,9.92965041199861,0.000000000000000E+000,9.21790194731819,0.000000000000000E+000,0.253799119383169,0.253799119383169,0.253799119383169,6.733872589355760E-002,1.467139266972975E-002,7.598154876300982E-002,0.398781107331481,0.684281333711915 
 01/25  07:00:00,1.06687068212539,11.1105314882892,0.000000000000000E+000,9.82900781957069,0.000000000000000E+000,0.270624871394200,0.270624871394200,0.270624871394200,0.154879098812700,3.374420951484601E-002,0.129758134509170,0.460752354204875,1.24978809994572 
 01/25  08:00:00,1.38553491686820,11.2841708555093,0.000000000000000E+000,9.84209944440070,0.000000000000000E+000,0.270985326828869,0.270985326828869,0.270985326828869,0.316492024238656,6.895554827964449E-002,0.207406094963531,0.489583896867899,1.40834999159267 
 01/25  09:00:00,1.30886676769870,10.1175086758852,0.000000000000000E+000,8.72047876486590,0.000000000000000E+000,0.240103425244886,0.240103425244886,0.240103425244886,0.303024287419236,6.602127156697500E-002,0.268690864190452,0.413914905587548,1.36852039862619 
 01/25  10:00:00,1.09211432745880,8.68190281244628,0.000000000000000E+000,7.41176331177279,0.000000000000000E+000,0.204070189979803,0.204070189979803,0.204070189979803,0.154879098812700,3.374420951484601E-002,0.330033759705594,0.352275055756258,1.24587560021403 
 01/25  11:00:00,1.06339312434473,7.84427958703957,0.000000000000000E+000,6.72005011665793,0.000000000000000E+000,0.185025053593107,0.185025053593107,0.185025053593107,0.127943541580951,2.787563787674246E-002,0.344876895795482,0.360559981808849,1.09939492315689 
 01/25  12:00:00,1.02985920813752,5.90062005428852,0.000000000000000E+000,4.90815221704391,0.000000000000000E+000,0.135137552732020,0.135137552732020,0.135137552732020,0.127943541580951,2.787563787674246E-002,0.361120014768658,0.360670447489552,0.967625681396329 
 01/25  13:00:00,0.981408615578837,4.59632260626734,0.000000000000000E+000,3.70592658383803,0.000000000000000E+000,0.102036332003989,0.102036332003989,0.102036332003989,0.127943541580951,2.787563787674246E-002,0.351846255376571,0.354594835050983,0.865972340875574 
 01/25  14:00:00,0.943388560126603,3.94511587424215,0.000000000000000E+000,3.11451411259299,0.000000000000000E+000,8.575280401116944E-002,8.575280401116944E-002,8.575280401116944E-002,0.127943541580951,2.787563787674246E-002,0.317848037359318,0.366856525608822,0.805333522882822 
 01/25  15:00:00,0.949808557497444,3.98638655854528,0.000000000000000E+000,3.21502844123145,0.000000000000000E+000,8.852029364597186E-002,8.852029364597186E-002,8.852029364597186E-002,0.134677451787115,2.934278533945949E-002,0.292642405135342,0.387513607899952,0.744667065946087 
 01/25  16:00:00,1.03685978085956,4.51504375480178,0.000000000000000E+000,3.73381426751627,0.000000000000000E+000,0.102804171540536,0.102804171540536,0.102804171540536,0.168346835632121,3.667848622751551E-002,0.302863858133087,0.409054415636696,0.753054754328049 
 01/25  17:00:00,1.30964533290583,4.87377806808061,0.000000000000000E+000,4.01441834711425,0.000000000000000E+000,0.110530123574341,0.110530123574341,0.110530123574341,0.282822640393651,6.161984739158848E-002,0.353721026385214,0.483839681471435,0.826033949874351 
 01/25  18:00:00,1.83408404503258,6.26752204879871,0.000000000000000E+000,5.24582943965503,0.000000000000000E+000,0.144434915865654,0.144434915865654,0.144434915865654,0.525242070329039,0.114436864645168,0.445070293491817,0.587787887011303,0.981207123303359 
 01/25  19:00:00,2.15377632622799,5.48494807730887,0.000000000000000E+000,4.31850515767683,0.000000000000000E+000,0.118902632327189,0.118902632327189,0.118902632327189,0.781129237083851,0.170188158611418,0.398284023104866,0.638160237411070,1.12248790145885 
 01/25  20:00:00,2.12100326649209,5.58920690485320,0.000000000000000E+000,4.39881245484037,0.000000000000000E+000,0.121113756009849,0.121113756009849,0.121113756009849,0.828266357748276,0.180458136212143,0.315346148810717,0.658706854021501,1.14502422786175 
 01/25  21:00:00,1.97041833537230,5.71190278520704,0.000000000000000E+000,4.60430150809720,0.000000000000000E+000,0.126771544632198,0.126771544632198,0.126771544632198,0.713790552986747,0.155516756835306,0.275875148663200,0.681352318565255,1.06067128713368 
 01/25  22:00:00,1.80662664090573,5.93690590994190,0.000000000000000E+000,4.93354925717200,0.000000000000000E+000,0.135836816670417,0.135836816670417,0.135836816670417,0.599314664632309,0.130575395671233,0.258342489697899,0.665445260544277,0.957522304583084 
 01/25  23:00:00,1.49560276532371,6.17947004646039,0.000000000000000E+000,5.34931915393626,0.000000000000000E+000,0.147284327640688,0.147284327640688,0.147284327640688,0.451169476025773,9.829833361910398E-002,0.205881020852975,0.575857593495570,0.790487138025802 
 01/25  24:00:00,1.19259069460693,6.52376205657408,0.000000000000000E+000,5.88021891669343,0.000000000000000E+000,0.161901741997943,0.161901741997943,0.161901741997943,0.309758114032493,6.748840081692746E-002,0.135920890493347,0.500409533576620,0.609076075258112 
 01/26  01:00:00,0.886034627246862,6.68681264704545,0.000000000000000E+000,6.24023375302262,0.000000000000000E+000,0.171814133011368,0.171814133011368,0.171814133011368,0.161612925425957,3.521133876479848E-002,8.636931076758889E-002,0.413914905587548,0.418069381629732 
 01/26  02:00:00,0.765046313745134,6.88688542982499,0.000000000000000E+000,6.52935867513879,0.000000000000000E+000,0.179774691828785,0.179774691828785,0.179774691828785,9.427424132885273E-002,2.053995520145101E-002,7.223881327716383E-002,0.381106598419282,0.331277003483602 
 01/26  03:00:00,0.719014572412512,6.99709660414042,0.000000000000000E+000,6.66426718133237,0.000000000000000E+000,0.183489166148963,0.183489166148963,0.183489166148963,6.733872589355760E-002,1.467139266972975E-002,5.971530281942931E-002,0.376687971191233,0.306884016546911 
 01/26  04:00:00,0.708705748265498,7.07942351790114,0.000000000000000E+000,6.74045725134735,0.000000000000000E+000,0.185586929044040,0.185586929044040,0.185586929044040,6.733872589355760E-002,1.467139266972975E-002,5.261106845099969E-002,0.371385618517571,0.313386074222448 
 01/26  05:00:00,0.708634510823725,7.27213655431767,0.000000000000000E+000,6.86456933138357,0.000000000000000E+000,0.189004142288228,0.189004142288228,0.189004142288228,6.733872589355760E-002,1.467139266972975E-002,6.315175921409334E-002,0.357356477068514,0.382953325791957 
 01/26  06:00:00,0.761957821476889,7.54433532268185,0.000000000000000E+000,6.83075174782311,0.000000000000000E+000,0.188073033129511,0.188073033129511,0.188073033129511,6.733872589355760E-002,1.467139266972975E-002,7.598154876300982E-002,0.398781107331481,0.686116443890210 
 01/26  07:00:00,0.977177985794388,7.85563953309526,0.000000000000000E+000,6.57139809192791,0.000000000000000E+000,0.180932175063195,0.180932175063195,0.180932175063195,0.154879098812700,3.374420951484601E-002,0.129758134509170,0.460752354204875,1.25250587239458 
 01/26  08:00:00,1.30645773699525,8.41487676424655,0.000000000000000E+000,6.97004184187265,0.000000000000000E+000,0.191908146955912,0.191908146955912,0.191908146955912,0.316492024238656,6.895554827964449E-002,0.207406094963531,0.489583896867899,1.41111350285796 
 01/26  09:00:00,1.24729435559660,7.88509365675335,0.000000000000000E+000,6.48418866742015,0.000000000000000E+000,0.178531013142784,0.178531013142784,0.178531013142784,0.303024287419236,6.602127156697500E-002,0.268690864190452,0.413914905587548,1.37239547694012 
 01/26  10:00:00,1.04891216412859,7.11622182856235,0.000000000000000E+000,5.84267470950417,0.000000000000000E+000,0.160868026649588,0.160868026649588,0.160868026649588,0.154879098812700,3.374420951484601E-002,0.330033759705594,0.352275055756258,1.24928321859874 
 01/26  11:00:00,1.03439843764095,6.79416663494727,0.000000000000000E+000,5.66697247132071,0.000000000000000E+000,0.156030366889323,0.156030366889323,0.156030366889323,0.127943541580951,2.787563787674246E-002,0.344876895795482,0.360559981808849,1.10235961640180 
 01/26  12:00:00,1.00445486421140,4.98039688835577,0.000000000000000E+000,3.98547466041537,0.000000000000000E+000,0.109733208805898,0.109733208805898,0.109733208805898,0.127943541580951,2.787563787674246E-002,0.361120014768658,0.360670447489552,0.970080072092134 
 01/26  13:00:00,0.968066970663276,4.11424971696550,0.000000000000000E+000,3.22136235466946,0.000000000000000E+000,8.869468708842845E-002,8.869468708842845E-002,8.869468708842845E-002,0.127943541580951,2.787563787674246E-002,0.351846255376571,0.354594835050983,0.868463680742311 
 01/26  14:00:00,0.934366546736376,3.61905976118769,0.000000000000000E+000,2.78683750362511,0.000000000000000E+000,7.673079062094144E-002,7.673079062094144E-002,7.673079062094144E-002,0.127943541580951,2.787563787674246E-002,0.317848037359318,0.366856525608822,0.806954018796237 
 01/26  15:00:00,0.926224565323859,3.13213369452878,0.000000000000000E+000,2.35846547162471,0.000000000000000E+000,6.493630147238767E-002,6.493630147238767E-002,6.493630147238767E-002,0.134677451787115,2.934278533945949E-002,0.292642405135342,0.387513607899952,0.746977171536309 
 01/26  16:00:00,0.997653063383548,3.09262266379093,0.000000000000000E+000,2.30983896670202,0.000000000000000E+000,6.359745406452921E-002,6.359745406452921E-002,6.359745406452921E-002,0.168346835632121,3.667848622751551E-002,0.302863858133087,0.409054415636696,0.754608964131452 
 01/26  17:00:00,1.27655968419106,3.67476374310609,0.000000000000000E+000,2.81275828439455,0.000000000000000E+000,7.744447485956865E-002,7.744447485956865E-002,7.744447485956865E-002,0.282822640393651,6.161984739158848E-002,0.353721026385214,0.483839681471435,0.828679687619520 
 01/26  18:00:00,1.80975811303733,5.38694978523646,0.000000000000000E+000,4.36231945563983,0.000000000000000E+000,0.120108983870409,0.120108983870409,0.120108983870409,0.525242070329039,0.114436864645168,0.445070293491817,0.587787887011303,0.984144843756334 
 01/26  19:00:00,2.14665181031309,5.22872100683640,0.000000000000000E+000,4.05974504343660,0.000000000000000E+000,0.111778116412289,0.111778116412289,0.111778116412289,0.781129237083851,0.170188158611418,0.398284023104866,0.638160237411070,1.12502094522661 
 01/26  20:00:00,2.12561526923370,5.75924235012130,0.000000000000000E+000,4.56631890307512,0.000000000000000E+000,0.125725758751465,0.125725758751465,0.125725758751465,0.828266357748276,0.180458136212143,0.315346148810717,0.658706854021501,1.14755322489510 
 01/26  21:00:00,1.98762043479320,6.33898423601461,0.000000000000000E+000,5.22907619658017,0.000000000000000E+000,0.143973644053098,0.143973644053098,0.143973644053098,0.713790552986747,0.155516756835306,0.275875148663200,0.681352318565255,1.06297804945828 
 01/26  22:00:00,1.83580898194059,6.99836051330035,0.000000000000000E+000,5.99344244713387,0.000000000000000E+000,0.165019157705278,0.165019157705278,0.165019157705278,0.599314664632309,0.130575395671233,0.258342489697899,0.665445260544277,0.959083717979638 
 01/26  23:00:00,1.53355235666197,7.55870901326037,0.000000000000000E+000,6.72763603993280,0.000000000000000E+000,0.185233918978947,0.185233918978947,0.185233918978947,0.451169476025773,9.829833361910398E-002,0.205881020852975,0.575857593495570,0.791409218829266 
 01/26  24:00:00,1.23750291539226,8.15557956900174,0.000000000000000E+000,7.51141625276633,0.000000000000000E+000,0.206813962783273,0.206813962783273,0.206813962783273,0.309758114032493,6.748840081692746E-002,0.135920890493347,0.500409533576620,0.609696251612830 
 01/27  01:00:00,0.941463755518974,8.70014382985911,0.000000000000000E+000,8.25340176826013,0.000000000000000E+000,0.227243261283479,0.227243261283479,0.227243261283479,0.161612925425957,3.521133876479848E-002,8.636931076758889E-002,0.413914905587548,0.418232549205874 
 01/27  02:00:00,0.829904107923280,9.24218831208065,0.000000000000000E+000,8.88497278722282,0.000000000000000E+000,0.244632486006931,0.244632486006931,0.244632486006931,9.427424132885273E-002,2.053995520145101E-002,7.223881327716383E-002,0.381106598419282,0.330965773655215 
 01/27  03:00:00,0.794688912086874,9.74500548796149,0.000000000000000E+000,9.41273472819254,0.000000000000000E+000,0.259163505823326,0.259163505823326,0.259163505823326,6.733872589355760E-002,1.467139266972975E-002,5.971530281942931E-002,0.376687971191233,0.306325353507815 
 01/27  04:00:00,0.789587275095004,10.0163945728677,0.000000000000000E+000,9.67804815188219,0.000000000000000E+000,0.266468455873544,0.266468455873544,0.266468455873544,6.733872589355760E-002,1.467139266972975E-002,5.261106845099969E-002,0.371385618517571,0.312766228654133 
 01/27  05:00:00,0.787560500363282,10.1378552188268,0.000000000000000E+000,9.73113574989165,0.000000000000000E+000,0.267930131827788,0.267930131827788,0.267930131827788,6.733872589355760E-002,1.467139266972975E-002,6.315175921409334E-002,0.357356477068514,0.382105571792955 
 01/27  06:00:00,0.837174754665315,10.2751041727111,0.000000000000000E+000,9.56260643902136,0.000000000000000E+000,0.263289966317937,0.263289966317937,0.263289966317937,6.733872589355760E-002,1.467139266972975E-002,7.598154876300982E-002,0.398781107331481,0.685030602721219 
 01/27  07:00:00,1.06814464033647,11.1591191525708,0.000000000000000E+000,9.87527756984882,0.000000000000000E+000,0.271898829605275,0.271898829605275,0.271898829605275,0.154879098812700,3.374420951484601E-002,0.129758134509170,0.460752354204875,1.25210601394922 
 01/27  08:00:00,1.38335821494728,11.2077973262806,0.000000000000000E+000,9.76304233449284,0.000000000000000E+000,0.268808624907947,0.268808624907947,0.268808624907947,0.316492024238656,6.895554827964449E-002,0.207406094963531,0.489583896867899,1.41103357227179 
 01/27  09:00:00,1.31568542500895,10.3681500010679,0.000000000000000E+000,8.96813019348783,0.000000000000000E+000,0.246922082555133,0.246922082555133,0.246922082555133,0.303024287419236,6.602127156697500E-002,0.268690864190452,0.413914905587548,1.37151029518695 
 01/27  10:00:00,1.10677127177154,9.21698520093276,0.000000000000000E+000,7.94409878973056,0.000000000000000E+000,0.218727134292539,0.218727134292539,0.218727134292539,0.154879098812700,3.374420951484601E-002,0.330033759705594,0.352275055756258,1.24862251074274 
 01/27  11:00:00,1.09200628703647,8.88596253217128,0.000000000000000E+000,7.75927093324756,0.000000000000000E+000,0.213638216284845,0.213638216284845,0.213638216284845,0.127943541580951,2.787563787674246E-002,0.344876895795482,0.360559981808849,1.10185705169898 
 01/27  12:00:00,1.05951072770855,6.97910305999187,0.000000000000000E+000,5.98508581972527,0.000000000000000E+000,0.164789072303042,0.164789072303042,0.164789072303042,0.127943541580951,2.787563787674246E-002,0.361120014768658,0.360670447489552,0.969175084418325 
 01/27  13:00:00,1.01522328885699,5.82560267549358,0.000000000000000E+000,4.93406458296184,0.000000000000000E+000,0.135851005282143,0.135851005282143,0.135851005282143,0.127943541580951,2.787563787674246E-002,0.351846255376571,0.354594835050983,0.867114410978007 
 01/27  14:00:00,0.974736828880084,5.08461301146021,0.000000000000000E+000,4.25307309691909,0.000000000000000E+000,0.117101072764650,0.117101072764650,0.117101072764650,0.127943541580951,2.787563787674246E-002,0.317848037359318,0.366856525608822,0.806271675774783 
 01/27  15:00:00,0.977325435777817,4.98670825710916,0.000000000000000E+000,4.21443256249574,0.000000000000000E+000,0.116037171926347,0.116037171926347,0.116037171926347,0.134677451787115,2.934278533945949E-002,0.292642405135342,0.387513607899952,0.745584643245665 
 01/27  16:00:00,1.05543901667892,5.19028125635379,0.000000000000000E+000,4.40860610467940,0.000000000000000E+000,0.121383407359895,0.121383407359895,0.121383407359895,0.168346835632121,3.667848622751551E-002,0.302863858133087,0.409054415636696,0.753500418716925 
 01/27  17:00:00,1.31953396202565,5.23373606804634,0.000000000000000E+000,4.37357015915152,0.000000000000000E+000,0.120418752694164,0.120418752694164,0.120418752694164,0.282822640393651,6.161984739158848E-002,0.353721026385214,0.483839681471435,0.826840137802803 
 01/27  18:00:00,1.84264835677397,6.58008091811855,0.000000000000000E+000,5.55688247273978,0.000000000000000E+000,0.152999227607042,0.152999227607042,0.152999227607042,0.525242070329039,0.114436864645168,0.445070293491817,0.587787887011303,0.982712959538433 
 01/27  19:00:00,2.16601997495571,5.93154026941939,0.000000000000000E+000,4.76319052035198,0.000000000000000E+000,0.131146281054910,0.131146281054910,0.131146281054910,0.781129237083851,0.170188158611418,0.398284023104866,0.638160237411070,1.12439473089423 
 01/27  20:00:00,2.13237704388991,6.00445434089824,0.000000000000000E+000,4.81190437209586,0.000000000000000E+000,0.132487533407671,0.132487533407671,0.132487533407671,0.828266357748276,0.180458136212143,0.315346148810717,0.658706854021501,1.14717974665130 
 01/27  21:00:00,1.98707260157364,6.31889290655142,0.000000000000000E+000,5.20917907119351,0.000000000000000E+000,0.143425810833537,0.143425810833537,0.143425810833537,0.713790552986747,0.155516756835306,0.275875148663200,0.681352318565255,1.06278384538178 
 01/27  22:00:00,1.82112622128821,6.46523670391125,0.000000000000000E+000,5.46016932806822,0.000000000000000E+000,0.150336397052898,0.150336397052898,0.150336397052898,0.599314664632309,0.130575395671233,0.258342489697899,0.665445260544277,0.959233027656211 
 01/27  23:00:00,1.51036920896845,6.71700246228464,0.000000000000000E+000,5.88563161222466,0.000000000000000E+000,0.162050771285429,0.162050771285429,0.162050771285429,0.451169476025773,9.829833361910398E-002,0.205881020852975,0.575857593495570,0.791707095561664 
 01/27  24:00:00,1.21057647782535,7.17818224604017,0.000000000000000E+000,6.53345674728977,0.000000000000000E+000,0.179887525216364,0.179887525216364,0.179887525216364,0.309758114032493,6.748840081692746E-002,0.135920890493347,0.500409533576620,0.610258434127860 
 01/28  01:00:00,0.917699050550628,7.61589460660325,0.000000000000000E+000,7.15152113370175,0.000000000000000E+000,0.196904867979388,0.196904867979388,0.196904867979388,0.161612925425957,3.521133876479848E-002,9.294299910333617E-002,0.413914905587548,0.435863960508395 
 01/28  02:00:00,0.799297285665342,7.99671407907848,0.000000000000000E+000,7.62998814707275,0.000000000000000E+000,0.210078636516033,0.210078636516033,0.210078636516033,9.427424132885273E-002,2.053995520145101E-002,7.618584051012475E-002,0.381106598419282,0.340476180803121 
 01/28  03:00:00,0.757036895406721,8.29002768431604,0.000000000000000E+000,7.95038624637799,0.000000000000000E+000,0.218900248626950,0.218900248626950,0.218900248626950,6.733872589355760E-002,1.467139266972975E-002,6.232654333565033E-002,0.376687971191233,0.313696031676927 
 01/28  04:00:00,0.755429569643261,8.73426203847210,0.000000000000000E+000,8.38786025745598,0.000000000000000E+000,0.230945345157503,0.230945345157503,0.230945345157503,6.733872589355760E-002,1.467139266972975E-002,5.397647371529803E-002,0.371385618517571,0.320821588684763 
 01/28  05:00:00,0.757803194073756,8.97554426183694,0.000000000000000E+000,8.55334442198198,0.000000000000000E+000,0.235501667785862,0.235501667785862,0.235501667785862,6.733872589355760E-002,1.467139266972975E-002,6.582291696649339E-002,0.357356477068514,0.397585942712800 
 01/28  06:00:00,0.822302342323620,9.62927301006883,0.000000000000000E+000,8.87365456236475,0.000000000000000E+000,0.244320858098718,0.244320858098718,0.244320858098718,6.733872589355760E-002,1.467139266972975E-002,8.007824464053613E-002,0.398781107331481,0.728151316735551 
 01/28  07:00:00,1.06689208479202,10.8247717618843,0.000000000000000E+000,9.44386968090378,0.000000000000000E+000,0.260020753342915,0.260020753342915,0.260020753342915,0.154879098812700,3.374420951484601E-002,0.140383655227083,0.460752354204875,1.34916651220776 
 01/28  08:00:00,1.39465625964872,10.9676023331364,0.000000000000000E+000,9.40480922768114,0.000000000000000E+000,0.258945290760727,0.258945290760727,0.258945290760727,0.316492024238656,6.895554827964449E-002,0.228567473812190,0.489583896867899,1.52907168593931 
 01/28  09:00:00,1.32564067970826,9.67502729963215,0.000000000000000E+000,8.15158860308441,0.000000000000000E+000,0.224440010412414,0.224440010412414,0.224440010412414,0.303024287419236,6.602127156697500E-002,0.301128191032485,0.413914905587548,1.49492918415464 
 01/28  10:00:00,1.12159271734634,8.23422146418323,0.000000000000000E+000,6.84689410971952,0.000000000000000E+000,0.188517485376615,0.188517485376615,0.188517485376615,0.154879098812700,3.374420951484601E-002,0.375064854196324,0.352275055756258,1.36306345400427 
 01/28  11:00:00,1.10234509745720,7.51102609329104,0.000000000000000E+000,6.28551072167750,0.000000000000000E+000,0.173060756683286,0.173060756683286,0.173060756683286,0.127943541580951,2.787563787674246E-002,0.395793165817765,0.360559981808849,1.20068082438880 
 01/28  12:00:00,1.06805064216962,5.46555501723482,0.000000000000000E+000,4.38887645345341,0.000000000000000E+000,0.120840185254094,0.120840185254094,0.120840185254094,0.127943541580951,2.787563787674246E-002,0.413608816278677,0.360670447489552,1.05183640793315 
 01/28  13:00:00,1.00905424699708,3.93707120356580,0.000000000000000E+000,2.97354346707995,0.000000000000000E+000,8.187141908273760E-002,8.187141908273760E-002,8.187141908273760E-002,0.127943541580951,2.787563787674246E-002,0.399656799716067,0.354594835050983,0.939104054932101 
 01/28  14:00:00,0.959781433148588,3.02132585272330,0.000000000000000E+000,2.12679344718199,0.000000000000000E+000,5.855760964800968E-002,5.855760964800968E-002,5.855760964800968E-002,0.127943541580951,2.787563787674246E-002,0.361436104744461,0.366856525608822,0.869264166774966 
 01/28  15:00:00,0.943098531087244,2.38031839421223,0.000000000000000E+000,1.55029318522137,0.000000000000000E+000,4.268466376010702E-002,4.268466376010702E-002,4.268466376010702E-002,0.134677451787115,2.934278533945949E-002,0.331768008611008,0.387513607899952,0.803334157623104 
 01/28  16:00:00,1.00590231600709,2.10244639664495,0.000000000000000E+000,1.26347816704312,0.000000000000000E+000,3.478770418562525E-002,3.478770418562525E-002,3.478770418562525E-002,0.168346835632121,3.667848622751551E-002,0.339922860635529,0.409054415636696,0.810793496644359 
 01/28  17:00:00,1.27452334016111,2.36500723627026,0.000000000000000E+000,1.43427067144767,0.000000000000000E+000,3.949018284756572E-002,3.949018284756572E-002,3.949018284756572E-002,0.282822640393651,6.161984739158848E-002,0.389638974367272,0.483839681471435,0.897410793730572 
 01/28  18:00:00,1.81259766785247,4.28889499072536,0.000000000000000E+000,3.18147946716045,0.000000000000000E+000,8.759658018882226E-002,8.759658018882226E-002,8.759658018882226E-002,0.525242070329039,0.114436864645168,0.480422251988538,0.587787887011303,1.06693003772458 
 01/28  19:00:00,2.14277572419061,3.94813559218967,0.000000000000000E+000,2.67282628614438,0.000000000000000E+000,7.359168730201052E-002,7.359168730201052E-002,7.359168730201052E-002,0.781129237083851,0.170188158611418,0.432594366092666,0.638160237411070,1.23135428787210 
 01/28  20:00:00,2.11105512394330,4.10478523381814,0.000000000000000E+000,2.79373974040109,0.000000000000000E+000,7.692083187170903E-002,7.692083187170903E-002,7.692083187170903E-002,0.828266357748276,0.180458136212143,0.349590930400065,0.658706854021501,1.26567527126598 
 01/28  21:00:00,1.97190172430898,4.61515135732810,0.000000000000000E+000,3.39224092242051,0.000000000000000E+000,9.339953535699684E-002,9.339953535699684E-002,9.339953535699684E-002,0.713790552986747,0.155516756835306,0.310730546875078,0.681352318565255,1.17598044493146 
 01/28  22:00:00,1.81974282132524,5.21706575827666,0.000000000000000E+000,4.11669410477876,0.000000000000000E+000,0.113346111136136,0.113346111136136,0.113346111136136,0.599314664632309,0.130575395671233,0.293949375651685,0.665445260544277,1.05453730531108 
 01/28  23:00:00,1.50870367325106,5.70392919570204,0.000000000000000E+000,4.79753876328308,0.000000000000000E+000,0.132092001009201,0.132092001009201,0.132092001009201,0.451169476025773,9.829833361910398E-002,0.234174255411816,0.575857593495570,0.866726677920652 
 01/28  24:00:00,1.19372592601272,6.04902403714814,0.000000000000000E+000,5.35722914365047,0.000000000000000E+000,0.147502115640090,0.147502115640090,0.147502115640090,0.309758114032493,6.748840081692746E-002,0.151455748256992,0.500409533576620,0.657327828875109 
 01/29  01:00:00,0.883566381871346,6.37799458558461,0.000000000000000E+000,5.91183364443613,0.000000000000000E+000,0.162772199300103,0.162772199300103,0.162772199300103,0.161612925425957,3.521133876479848E-002,9.294299910333617E-002,0.413914905587548,0.437651428755377 
 01/29  02:00:00,0.762575870627531,6.66474363639689,0.000000000000000E+000,6.29627822716447,0.000000000000000E+000,0.173357221478222,0.173357221478222,0.173357221478222,9.427424132885273E-002,2.053995520145101E-002,7.618584051012475E-002,0.381106598419282,0.342215658029805 
 01/29  03:00:00,0.720177413912267,6.95261365915851,0.000000000000000E+000,6.61166179740973,0.000000000000000E+000,0.182040767132497,0.182040767132497,0.182040767132497,6.733872589355760E-002,1.467139266972975E-002,6.232654333565033E-002,0.376687971191233,0.315006455487621 
 01/29  04:00:00,0.714429621693685,7.24610232972900,0.000000000000000E+000,6.89875540570213,0.000000000000000E+000,0.189945397207928,0.189945397207928,0.189945397207928,6.733872589355760E-002,1.467139266972975E-002,5.397647371529803E-002,0.371385618517571,0.321766731695502 
 01/29  05:00:00,0.714397849291736,7.40027301039081,0.000000000000000E+000,6.97687633508469,0.000000000000000E+000,0.192096323003841,0.192096323003841,0.192096323003841,6.733872589355760E-002,1.467139266972975E-002,6.582291696649339E-002,0.357356477068514,0.398782778163959 
 01/29  06:00:00,0.768860304148321,7.68973348861570,0.000000000000000E+000,6.93265701689643,0.000000000000000E+000,0.190878819923417,0.190878819923417,0.190878819923417,6.733872589355760E-002,1.467139266972975E-002,8.007824464053613E-002,0.398781107331481,0.729609340750736 
 01/29  07:00:00,0.993456524177695,8.15955553295831,0.000000000000000E+000,6.77671386557084,0.000000000000000E+000,0.186585192728588,0.186585192728588,0.186585192728588,0.154879098812700,3.374420951484601E-002,0.140383655227083,0.460752354204875,1.35110609861471 
 01/29  08:00:00,1.31987471829920,8.25398701001291,0.000000000000000E+000,6.68876782728351,0.000000000000000E+000,0.184163749411213,0.184163749411213,0.184163749411213,0.316492024238656,6.895554827964449E-002,0.228567473812190,0.489583896867899,1.53149776321346 
 01/29  09:00:00,1.27870209720071,7.97355656566865,0.000000000000000E+000,6.44679446450647,0.000000000000000E+000,0.177501427904867,0.177501427904867,0.177501427904867,0.303024287419236,6.602127156697500E-002,0.301128191032485,0.413914905587548,1.49825258876909 
 01/29  10:00:00,1.08634466061747,6.95660902776669,0.000000000000000E+000,5.56669608716589,0.000000000000000E+000,0.153269428647750,0.153269428647750,0.153269428647750,0.154879098812700,3.374420951484601E-002,0.375064854196324,0.352275055756258,1.36564904014134 
 01/29  11:00:00,1.06794275946061,6.26376422090756,0.000000000000000E+000,5.03602893000806,0.000000000000000E+000,0.138658418686702,0.138658418686702,0.138658418686702,0.127943541580951,2.787563787674246E-002,0.395793165817765,0.360559981808849,1.20290074367476 
 01/29  12:00:00,1.03588606054488,4.29949775738354,0.000000000000000E+000,3.22066924960673,0.000000000000000E+000,8.867560362935448E-002,8.867560362935448E-002,8.867560362935448E-002,0.127943541580951,2.787563787674246E-002,0.413608816278677,0.360670447489552,1.05398635192854 
 01/29  13:00:00,0.987727454576537,3.16483954743097,0.000000000000000E+000,2.19896126261378,0.000000000000000E+000,6.054462666219285E-002,6.054462666219285E-002,6.054462666219285E-002,0.127943541580951,2.787563787674246E-002,0.399656799716067,0.354594835050983,0.941454603263469 
 01/29  14:00:00,0.950231506425469,2.67638793927150,0.000000000000000E+000,1.77994319667001,0.000000000000000E+000,4.900768292489192E-002,4.900768292489192E-002,4.900768292489192E-002,0.127943541580951,2.787563787674246E-002,0.361436104744461,0.366856525608822,0.871176503835145 
 01/29  15:00:00,0.935224618796294,2.09545868720550,0.000000000000000E+000,1.26431523692843,0.000000000000000E+000,3.481075146915778E-002,3.481075146915778E-002,3.481075146915778E-002,0.134677451787115,2.934278533945949E-002,0.331768008611008,0.387513607899952,0.804452398909315 
 01/29  16:00:00,0.999859183188348,1.88400711971921,0.000000000000000E+000,1.04399353717859,0.000000000000000E+000,2.874457136688620E-002,2.874457136688620E-002,2.874457136688620E-002,0.168346835632121,3.667848622751551E-002,0.339922860635529,0.409054415636696,0.811838849583149 
 01/29  17:00:00,1.27207133458239,2.27709712160452,0.000000000000000E+000,1.34521462171085,0.000000000000000E+000,3.703817726884228E-002,3.703817726884228E-002,3.703817726884228E-002,0.282822640393651,6.161984739158848E-002,0.389638974367272,0.483839681471435,0.898556728801658 
 01/29  18:00:00,1.80735272657670,4.09983491323667,0.000000000000000E+000,2.99098489603259,0.000000000000000E+000,8.235163891304814E-002,8.235163891304814E-002,8.235163891304814E-002,0.525242070329039,0.114436864645168,0.480422251988538,0.587787887011303,1.06836453136377 
 01/29  19:00:00,2.14389051995284,3.99022782991518,0.000000000000000E+000,2.71331530774731,0.000000000000000E+000,7.470648306423919E-002,7.470648306423919E-002,7.470648306423919E-002,0.781129237083851,0.170188158611418,0.432594366092666,0.638160237411070,1.23295750399467 
 01/29  20:00:00,2.11874790876791,4.38575692335212,0.000000000000000E+000,3.07313919768617,0.000000000000000E+000,8.461361669632059E-002,8.461361669632059E-002,8.461361669632059E-002,0.828266357748276,0.180458136212143,0.349590930400065,0.658706854021501,1.26724750351490 
 01/29  21:00:00,1.98070373523001,4.93586694155717,0.000000000000000E+000,3.71192711284754,0.000000000000000E+000,0.102201546278034,0.102201546278034,0.102201546278034,0.713790552986747,0.155516756835306,0.310730546875078,0.681352318565255,1.17700983873347 
 01/29  22:00:00,1.82182534632544,5.29369997111606,0.000000000000000E+000,4.19233073937944,0.000000000000000E+000,0.115428636136345,0.115428636136345,0.115428636136345,0.599314664632309,0.130575395671233,0.293949375651685,0.665445260544277,1.05553488354980 
 01/29  23:00:00,1.50560275987302,5.59207218208589,0.000000000000000E+000,4.68491459210640,0.000000000000000E+000,0.128991087631161,0.128991087631161,0.128991087631161,0.451169476025773,9.829833361910398E-002,0.234174255411816,0.575857593495570,0.867493835481158 
 01/29  24:00:00,1.19187015907352,5.98219692212654,0.000000000000000E+000,5.28982828850080,0.000000000000000E+000,0.145646348700886,0.145646348700886,0.145646348700886,0.309758114032493,6.748840081692746E-002,0.151455748256992,0.500409533576620,0.657901569003179 
 01/30  01:00:00,0.877475867323977,6.37861497366629,0.000000000000000E+000,5.92938236019059,0.000000000000000E+000,0.163255373088482,0.163255373088482,0.163255373088482,0.161612925425957,3.521133876479848E-002,8.636931076758889E-002,0.413914905587548,0.420723101082592 
 01/30  02:00:00,0.760407138332785,6.72022591542885,0.000000000000000E+000,6.36086532428958,0.000000000000000E+000,0.175135516416435,0.175135516416435,0.175135516416435,9.427424132885273E-002,2.053995520145101E-002,7.223881327716383E-002,0.381106598419282,0.333110839936653 
 01/30  03:00:00,0.719817410191715,7.02786038028464,0.000000000000000E+000,6.69342598986676,0.000000000000000E+000,0.184292003928165,0.184292003928165,0.184292003928165,6.733872589355760E-002,1.467139266972975E-002,5.971530281942931E-002,0.376687971191233,0.308488984156768 
 01/30  04:00:00,0.716343179457035,7.35859565455809,0.000000000000000E+000,7.01784628257834,0.000000000000000E+000,0.193224360235577,0.193224360235577,0.193224360235577,6.733872589355760E-002,1.467139266972975E-002,5.261106845099969E-002,0.371385618517571,0.315169179648386 
 01/30  05:00:00,0.721630041645921,7.74615342061431,0.000000000000000E+000,7.33656280860097,0.000000000000000E+000,0.201999673110427,0.201999673110427,0.201999673110427,6.733872589355760E-002,1.467139266972975E-002,6.315175921409334E-002,0.357356477068514,0.384976714871164 
 01/30  06:00:00,0.781922606792552,8.27215916309787,0.000000000000000E+000,7.55586629465973,0.000000000000000E+000,0.208037818445176,0.208037818445176,0.208037818445176,6.733872589355760E-002,1.467139266972975E-002,7.598154876300982E-002,0.398781107331481,0.688825737469605 
 01/30  07:00:00,1.02006959614685,9.41815381070474,0.000000000000000E+000,8.12920751046536,0.000000000000000E+000,0.223823785415662,0.223823785415662,0.223823785415662,0.154879098812700,3.374420951484601E-002,0.129758134509170,0.460752354204875,1.25721073146659 
 01/30  08:00:00,1.32310413421872,9.02456632686817,0.000000000000000E+000,7.57463360623743,0.000000000000000E+000,0.208554544179386,0.208554544179386,0.208554544179386,0.316492024238656,6.895554827964449E-002,0.207406094963531,0.489583896867899,1.41621130111483 
 01/30  09:00:00,1.26634542452205,8.58149433787487,0.000000000000000E+000,7.17611733042444,0.000000000000000E+000,0.197582082068242,0.197582082068242,0.197582082068242,0.303024287419236,6.602127156697500E-002,0.268690864190452,0.413914905587548,1.37686749505733 
 01/30  10:00:00,1.09057777480654,8.63390022442124,0.000000000000000E+000,7.35595621630365,0.000000000000000E+000,0.202533637327546,0.202533637327546,0.202533637327546,0.154879098812700,3.374420951484601E-002,0.330033759705594,0.352275055756258,1.25368010765812 
 01/30  11:00:00,1.11598321051720,9.76095855816415,0.000000000000000E+000,8.63010504087107,0.000000000000000E+000,0.237615139765570,0.237615139765570,0.237615139765570,0.127943541580951,2.787563787674246E-002,0.344876895795482,0.360559981808849,1.10601897006837 
 01/30  12:00:00,1.10257629443657,8.54651709303620,0.000000000000000E+000,7.54921327757246,0.000000000000000E+000,0.207854639031070,0.207854639031070,0.207854639031070,0.127943541580951,2.787563787674246E-002,0.361120014768658,0.360670447489552,0.972461659615491 
 01/30  13:00:00,1.09149401943344,8.59738153788276,0.000000000000000E+000,7.70419285453633,0.000000000000000E+000,0.212121735858592,0.212121735858592,0.212121735858592,0.127943541580951,2.787563787674246E-002,0.351846255376571,0.354594835050983,0.868765001792701 
 01/30  14:00:00,1.07674243570105,8.79011944284265,0.000000000000000E+000,7.95788375204527,0.000000000000000E+000,0.219106679585622,0.219106679585622,0.219106679585622,0.127943541580951,2.787563787674246E-002,0.317848037359318,0.366856525608822,0.806967452031051 
 01/30  15:00:00,1.07848175176448,8.66067080830727,0.000000000000000E+000,7.88839724914697,0.000000000000000E+000,0.217193487913005,0.217193487913005,0.217193487913005,0.134677451787115,2.934278533945949E-002,0.292642405135342,0.387513607899952,0.745582507792543 
 01/30  16:00:00,1.15293928654756,8.73086488574318,0.000000000000000E+000,7.94978437854622,0.000000000000000E+000,0.218883677228539,0.218883677228539,0.218883677228539,0.168346835632121,3.667848622751551E-002,0.302863858133087,0.409054415636696,0.752905774239479 
 01/30  17:00:00,1.41512819122410,8.70541127174867,0.000000000000000E+000,7.84552165221566,0.000000000000000E+000,0.216012981892613,0.216012981892613,0.216012981892613,0.282822640393651,6.161984739158848E-002,0.353721026385214,0.483839681471435,0.826563848440983 
 01/30  18:00:00,1.94134829172817,10.1647562223172,0.000000000000000E+000,9.14163219458929,0.000000000000000E+000,0.251699162561238,0.251699162561238,0.251699162561238,0.525242070329039,0.114436864645168,0.445070293491817,0.587787887011303,0.982638541887621 
 01/30  19:00:00,2.24936230333900,8.95850927428457,0.000000000000000E+000,7.79015693759359,0.000000000000000E+000,0.214488609438199,0.214488609438199,0.214488609438199,0.781129237083851,0.170188158611418,0.398284023104866,0.638160237411070,1.12439731851777 
 01/30  20:00:00,2.21246145508261,8.91359481636187,0.000000000000000E+000,7.72054429045794,0.000000000000000E+000,0.212571944600372,0.212571944600372,0.212571944600372,0.828266357748276,0.180458136212143,0.315346148810717,0.658706854021501,1.14768030375288 
 01/30  21:00:00,2.06172004749778,9.03034364110149,0.000000000000000E+000,7.92035016910259,0.000000000000000E+000,0.218073256757674,0.218073256757674,0.218073256757674,0.713790552986747,0.155516756835306,0.275875148663200,0.681352318565255,1.06306348202275 
 01/30  22:00:00,1.89720024618520,9.22849857863235,0.000000000000000E+000,8.22315331297141,0.000000000000000E+000,0.226410421949881,0.226410421949881,0.226410421949881,0.599314664632309,0.130575395671233,0.258342489697899,0.665445260544277,0.959510917474109 
 01/30  23:00:00,1.58304669459526,9.35666668950939,0.000000000000000E+000,8.52525438914261,0.000000000000000E+000,0.234728256912236,0.234728256912236,0.234728256912236,0.451169476025773,9.829833361910398E-002,0.205881020852975,0.575857593495570,0.791748545868433 
 01/30  24:00:00,1.27344551304500,9.46118088866046,0.000000000000000E+000,8.81683977708754,0.000000000000000E+000,0.242756560436005,0.242756560436005,0.242756560436005,0.309758114032493,6.748840081692746E-002,0.135920890493347,0.500409533576620,0.609874046950361 
 01/31  01:00:00,0.965074505796276,9.55766251077886,0.000000000000000E+000,9.11093658354143,0.000000000000000E+000,0.250854011560783,0.250854011560783,0.250854011560783,0.161612925425957,3.521133876479848E-002,8.636931076758889E-002,0.413914905587548,0.418216414844325 
 01/31  02:00:00,0.841500397136465,9.66309999194300,0.000000000000000E+000,9.30614626166066,0.000000000000000E+000,0.256228775220115,0.256228775220115,0.256228775220115,9.427424132885273E-002,2.053995520145101E-002,7.223881327716383E-002,0.381106598419282,0.330703979079719 
 01/31  03:00:00,0.790971034816794,9.60979090491296,0.000000000000000E+000,9.27770262795886,0.000000000000000E+000,0.255445628553245,0.255445628553245,0.255445628553245,6.733872589355760E-002,1.467139266972975E-002,5.971530281942931E-002,0.376687971191233,0.306142870692967 
 01/31  04:00:00,0.770362311182614,9.31829313836527,0.000000000000000E+000,8.97980367918331,0.000000000000000E+000,0.247243491961154,0.247243491961154,0.247243491961154,6.733872589355760E-002,1.467139266972975E-002,5.261106845099969E-002,0.371385618517571,0.312909266850599 
 01/31  05:00:00,0.762403206527319,9.22500739690732,0.000000000000000E+000,8.81743097265133,0.000000000000000E+000,0.242772837991823,0.242772837991823,0.242772837991823,6.733872589355760E-002,1.467139266972975E-002,6.315175921409334E-002,0.357356477068514,0.382962527113852 
 01/31  06:00:00,0.811533142982489,9.34616275078333,0.000000000000000E+000,8.63131139419248,0.000000000000000E+000,0.237648354635113,0.237648354635113,0.237648354635113,6.733872589355760E-002,1.467139266972975E-002,7.598154876300982E-002,0.398781107331481,0.687384225622307 
 01/31  07:00:00,1.03828282919957,10.0787825511057,0.000000000000000E+000,8.79070624549501,0.000000000000000E+000,0.242037018468380,0.242037018468380,0.242037018468380,0.154879098812700,3.374420951484601E-002,0.129758134509170,0.460752354204875,1.25634073683788 
 01/31  08:00:00,1.35111755285068,10.0416567761879,0.000000000000000E+000,8.59207191250959,0.000000000000000E+000,0.236567962811346,0.236567962811346,0.236567962811346,0.316492024238656,6.895554827964449E-002,0.207406094963531,0.489583896867899,1.41586344416237 
 01/31  09:00:00,1.27811497841893,9.00861185943205,0.000000000000000E+000,7.60358372214689,0.000000000000000E+000,0.209351635965115,0.209351635965115,0.209351635965115,0.303024287419236,6.602127156697500E-002,0.268690864190452,0.413914905587548,1.37651862489206 
 01/31  10:00:00,1.06653788009884,7.76039540881950,0.000000000000000E+000,6.48283501407858,0.000000000000000E+000,0.178493742619839,0.178493742619839,0.178493742619839,0.154879098812700,3.374420951484601E-002,0.330033759705594,0.352275055756258,1.25329649428146 
 01/31  11:00:00,1.04236620368958,7.08741542833906,0.000000000000000E+000,5.95635915774410,0.000000000000000E+000,0.163998132937956,0.163998132937956,0.163998132937956,0.127943541580951,2.787563787674246E-002,0.344876895795482,0.360559981808849,1.10622172337022 
 01/31  12:00:00,1.01007923808760,5.18790814064236,0.000000000000000E+000,4.18975010089718,0.000000000000000E+000,0.115357582682100,0.115357582682100,0.115357582682100,0.127943541580951,2.787563787674246E-002,0.361120014768658,0.360670447489552,0.973315883896920 
 01/31  13:00:00,0.964696900592723,3.99436222707709,0.000000000000000E+000,3.09896249945535,0.000000000000000E+000,8.532461701787372E-002,8.532461701787372E-002,8.532461701787372E-002,0.127943541580951,2.787563787674246E-002,0.351846255376571,0.354594835050983,0.870976046067982 
 01/31  14:00:00,0.912733664658620,2.83616002154279,0.000000000000000E+000,2.00113822178643,0.000000000000000E+000,5.509790854318657E-002,5.509790854318657E-002,5.509790854318657E-002,0.127943541580951,2.787563787674246E-002,0.317848037359318,0.366856525608822,0.809753560990017 
 01/31  15:00:00,0.901009655011900,2.21896919712651,0.000000000000000E+000,1.44266808260720,0.000000000000000E+000,3.972139116042973E-002,3.972139116042973E-002,3.972139116042973E-002,0.134677451787115,2.934278533945949E-002,0.292642405135342,0.387513607899952,0.749610063151557 
 01/31  16:00:00,0.961686093839121,1.78936944681013,0.000000000000000E+000,1.00353026315532,0.000000000000000E+000,2.763048452010068E-002,2.763048452010068E-002,2.763048452010068E-002,0.168346835632121,3.667848622751551E-002,0.302863858133087,0.409054415636696,0.757664450697331 
 01/31  17:00:00,1.23361993494131,2.11821630730244,0.000000000000000E+000,1.25320047667406,0.000000000000000E+000,3.450472560982062E-002,3.450472560982062E-002,3.450472560982062E-002,0.282822640393651,6.161984739158848E-002,0.353721026385214,0.483839681471435,0.831690059536360 
 01/31  18:00:00,1.75206501060838,3.29602171989963,0.000000000000000E+000,2.26692463110630,0.000000000000000E+000,6.241588144145798E-002,6.241588144145798E-002,6.241588144145798E-002,0.525242070329039,0.114436864645168,0.445070293491817,0.587787887011303,0.988611602953011 
 01/31  19:00:00,2.08178653779743,2.87853310512578,0.000000000000000E+000,1.70385932055235,0.000000000000000E+000,4.691284389663120E-002,4.691284389663120E-002,4.691284389663120E-002,0.781129237083851,0.170188158611418,0.398284023104866,0.638160237411070,1.13071876640026 
 01/31  20:00:00,2.06260876351744,3.47733268649287,0.000000000000000E+000,2.27794298929280,0.000000000000000E+000,6.271925303520701E-002,6.271925303520701E-002,6.271925303520701E-002,0.828266357748276,0.180458136212143,0.315346148810717,0.658706854021501,1.15401947504900 
 01/31  21:00:00,1.93056733144933,4.27331762250661,0.000000000000000E+000,3.15692593186622,0.000000000000000E+000,8.692054070922806E-002,8.692054070922806E-002,8.692054070922806E-002,0.713790552986747,0.155516756835306,0.275875148663200,0.681352318565255,1.06946170066423 
 01/31  22:00:00,1.78269429667203,5.07529217668460,0.000000000000000E+000,4.06433425338522,0.000000000000000E+000,0.111904472436717,0.111904472436717,0.111904472436717,0.599314664632309,0.130575395671233,0.258342489697899,0.665445260544277,0.965123575112545 
 01/31  23:00:00,1.48915519760638,5.95129699350948,0.000000000000000E+000,5.11514557933338,0.000000000000000E+000,0.140836759923360,0.140836759923360,0.140836759923360,0.451169476025773,9.829833361910398E-002,0.205881020852975,0.575857593495570,0.796487659677773 
 01/31  24:00:00,1.19840424637400,6.73947633226436,0.000000000000000E+000,6.09136523699879,0.000000000000000E+000,0.167715293765012,0.167715293765012,0.167715293765012,0.309758114032493,6.748840081692746E-002,0.135920890493347,0.500409533576620,0.613644030643015 
 02/01  01:00:00,0.911090022659813,7.61217218833771,0.000000000000000E+000,7.16226996116458,0.000000000000000E+000,0.197200818506966,0.197200818506966,0.197200818506966,0.159647488999529,3.478312024422393E-002,8.628146833019194E-002,0.416065112889305,0.421244613416960 
 02/01  02:00:00,0.807502341486679,8.34773533781940,0.000000000000000E+000,7.98789262947185,0.000000000000000E+000,0.219932922553715,0.219932922553715,0.219932922553715,9.460593798332984E-002,2.061222345126557E-002,7.215287085224550E-002,0.383086372956525,0.333456594801021 
 02/01  03:00:00,0.773500585109145,9.01099351299335,0.000000000000000E+000,8.67677273125046,0.000000000000000E+000,0.238900054574778,0.238900054574778,0.238900054574778,6.504158445336204E-002,1.417090225678774E-002,5.963123831382165E-002,0.378644791820797,0.308140594150531 
 02/01  04:00:00,0.777424381814388,9.61121734836195,0.000000000000000E+000,9.27079672946289,0.000000000000000E+000,0.255255486483299,0.255255486483299,0.255255486483299,6.504158445336204E-002,1.417090225678774E-002,5.252950047341648E-002,0.373314894457924,0.314707542451663 
 02/01  05:00:00,0.788498045527676,10.2111449178701,0.000000000000000E+000,9.80228920712529,0.000000000000000E+000,0.269889220228833,0.269889220228833,0.269889220228833,6.504158445336204E-002,1.417090225678774E-002,6.307145054710674E-002,0.359212874351986,0.384113949201966 
 02/01  06:00:00,0.861053619133133,10.9135342175965,0.000000000000000E+000,10.1976225874518,0.000000000000000E+000,0.280774046772127,0.280774046772127,0.280774046772127,7.095445348749738E-002,1.545916758844918E-002,7.590124009602323E-002,0.400852697499435,0.688301812781435 
 02/01  07:00:00,1.08382892295297,12.4856353696871,0.000000000000000E+000,11.1962749961059,0.000000000000000E+000,0.308270227935132,0.308270227935132,0.308270227935132,0.135996046300150,2.963007348778983E-002,0.129674688612276,0.463145872928019,1.25745994471090 
 02/01  08:00:00,1.35814449252508,12.1766832537468,0.000000000000000E+000,10.7264638876967,0.000000000000000E+000,0.295334784894825,0.295334784894825,0.295334784894825,0.271992092600300,5.926014697557965E-002,0.207318252526134,0.492127189838642,1.41632277032884 
 02/01  09:00:00,1.29063264982440,12.0694637888146,0.000000000000000E+000,10.6637422964533,0.000000000000000E+000,0.293607853461309,0.293607853461309,0.293607853461309,0.242427705633169,5.281882031727245E-002,0.268601143833745,0.416065112889305,1.37706387860515 
 02/01  10:00:00,1.12521841033305,11.4487908633715,0.000000000000000E+000,10.1708136865454,0.000000000000000E+000,0.280035909668849,0.280035909668849,0.280035909668849,0.118257380682709,2.576527020769967E-002,0.329942780038288,0.354105056045902,1.25358723013050 
 02/01  11:00:00,1.14097879630811,12.0785812570470,0.000000000000000E+000,10.9477147229838,0.000000000000000E+000,0.301426547150442,0.301426547150442,0.301426547150442,9.460593798332984E-002,2.061222345126557E-002,0.344789053358086,0.362433020675390,1.10590297620353 
 02/01  12:00:00,1.10376462156074,9.99908322793246,0.000000000000000E+000,9.00213018127958,0.000000000000000E+000,0.247858213901497,0.247858213901497,0.247858213901497,9.460593798332984E-002,2.061222345126557E-002,0.361032172331260,0.362544060203783,0.971981840644353 
 02/01  13:00:00,1.05662278195771,8.74286339948812,0.000000000000000E+000,7.84874321868036,0.000000000000000E+000,0.216101682199521,0.216101682199521,0.216101682199521,9.460593798332984E-002,2.061222345126557E-002,0.351754038491839,0.356436886142159,0.869569622986231 
 02/01  14:00:00,1.04157576102940,8.92266144930931,0.000000000000000E+000,8.08939047491626,0.000000000000000E+000,0.222727491636821,0.222727491636821,0.222727491636821,9.460593798332984E-002,2.061222345126557E-002,0.317755820474586,0.368762273793802,0.807871472048697 
 02/01  15:00:00,1.04249040424950,8.79586546818077,0.000000000000000E+000,8.02232706560482,0.000000000000000E+000,0.220881015689979,0.220881015689979,0.220881015689979,0.100518798658175,2.190048514037410E-002,0.292551425468039,0.389526665603330,0.746708696395899 
 02/01  16:00:00,1.09915660016071,8.92054463331083,0.000000000000000E+000,8.13818338380050,0.000000000000000E+000,0.224070920692341,0.224070920692341,0.224070920692341,0.118257380682709,2.576527020769967E-002,0.302771641248355,0.411179373640002,0.754040154303735 
 02/01  17:00:00,1.30794192050517,9.12837832537568,0.000000000000000E+000,8.26700488207539,0.000000000000000E+000,0.227617799690040,0.227617799690040,0.227617799690040,0.183299015291815,3.993618521342261E-002,0.353623772258094,0.486353134362196,0.827874551319470 
 02/01  18:00:00,1.75665949729436,10.8919379575391,0.000000000000000E+000,9.86712893323030,0.000000000000000E+000,0.271674470872694,0.271674470872694,0.271674470872694,0.354772225641034,7.729582883586360E-002,0.444963627674976,0.590841330580195,0.984113224256347 
 02/01  19:00:00,2.06532583790550,9.77208759197132,0.000000000000000E+000,8.60221726422733,0.000000000000000E+000,0.236847297669377,0.236847297669377,0.236847297669377,0.609025736216799,0.132691190744118,0.398174220058118,0.641475355527490,1.12568697181406 
 02/01  20:00:00,2.17887022406829,9.68744510273696,0.000000000000000E+000,8.49300185277632,0.000000000000000E+000,0.233840238643608,0.233840238643608,0.233840238643608,0.780498946566019,0.170050834366559,0.315239482993876,0.662128707808626,1.14883733834385 
 02/01  21:00:00,2.10495779536142,9.88058295972391,0.000000000000000E+000,8.76912342825605,0.000000000000000E+000,0.241442772614999,0.241442772614999,0.241442772614999,0.727283116899509,0.158456460951817,0.275771620076267,0.684891811129230,1.06428574933600 
 02/01  22:00:00,1.92539512293919,9.96400573283021,0.000000000000000E+000,8.95731571679348,0.000000000000000E+000,0.246624324488569,0.246624324488569,0.246624324488569,0.603112875541953,0.131402929055009,0.258240861123445,0.668902119040609,0.960617567339842 
 02/01  23:00:00,1.60217033793943,10.0262100733764,0.000000000000000E+000,9.19393376180687,0.000000000000000E+000,0.253139196505844,0.253139196505844,0.253139196505844,0.449378247217271,9.790805228712916E-002,0.205783766725856,0.578849061513729,0.792406511593277 
 02/01  24:00:00,1.29623390197570,10.0380513511889,0.000000000000000E+000,9.39309407488005,0.000000000000000E+000,0.258622734122422,0.258622734122422,0.258622734122422,0.313382200917121,6.827797879933933E-002,0.135829910826043,0.503009063621176,0.610311161999970 
 02/02  01:00:00,0.982257752623601,10.1941991839916,0.000000000000000E+000,9.74705890059735,0.000000000000000E+000,0.268368548470752,0.268368548470752,0.268368548470752,0.159647488999529,3.478312024422393E-002,8.628146833019194E-002,0.416065112889305,0.418482669638096 
 02/02  02:00:00,0.864318441679489,10.4091811866365,0.000000000000000E+000,10.0514350163767,0.000000000000000E+000,0.276749022746522,0.276749022746522,0.276749022746522,9.460593798332984E-002,2.061222345126557E-002,7.215287085224550E-002,0.383086372956525,0.331360056713228 
 02/02  03:00:00,0.818199880455070,10.6332707382953,0.000000000000000E+000,10.3002366842159,0.000000000000000E+000,0.283599349920701,0.283599349920701,0.283599349920701,6.504158445336204E-002,1.417090225678774E-002,5.963123831382165E-002,0.378644791820797,0.306953866487011 
 02/02  04:00:00,0.810493061695317,10.8111847102182,0.000000000000000E+000,10.4718404896244,0.000000000000000E+000,0.288324166364226,0.288324166364226,0.288324166364226,6.504158445336204E-002,1.417090225678774E-002,5.252950047341648E-002,0.373314894457924,0.313631144146342 
 02/02  05:00:00,0.809593557274039,10.9767238722039,0.000000000000000E+000,10.5684713722923,0.000000000000000E+000,0.290984731975197,0.290984731975197,0.290984731975197,6.504158445336204E-002,1.417090225678774E-002,6.307145054710674E-002,0.359212874351986,0.383510738368762 
 02/02  06:00:00,0.870859258932203,11.2695235785280,0.000000000000000E+000,10.5537602541948,0.000000000000000E+000,0.290579686571197,0.290579686571197,0.290579686571197,7.095445348749738E-002,1.545916758844918E-002,7.590124009602323E-002,0.400852697499435,0.688153506970051 
 02/02  07:00:00,1.06107249337441,11.6593983180463,0.000000000000000E+000,10.3697688323492,0.000000000000000E+000,0.285513798356573,0.285513798356573,0.285513798356573,0.135996046300150,2.963007348778983E-002,0.129674688612276,0.463145872928019,1.25772905682678 
 02/02  08:00:00,1.35970591580708,12.2344350258715,0.000000000000000E+000,10.7831742763961,0.000000000000000E+000,0.296896208176829,0.296896208176829,0.296896208176829,0.271992092600300,5.926014697557965E-002,0.207318252526134,0.492127189838642,1.41736415375415 
 02/02  09:00:00,1.27811552278112,11.6161060052197,0.000000000000000E+000,10.2091242897891,0.000000000000000E+000,0.281090726418026,0.281090726418026,0.281090726418026,0.242427705633169,5.281882031727245E-002,0.268601143833745,0.416065112889305,1.37832410167437 
 02/02  10:00:00,1.10326408473714,10.6523309091044,0.000000000000000E+000,9.37343968006961,0.000000000000000E+000,0.258081584072941,0.258081584072941,0.258081584072941,0.118257380682709,2.576527020769967E-002,0.329942780038288,0.354105056045902,1.25450128233923 
 02/02  11:00:00,1.10181744514774,10.6573394788915,0.000000000000000E+000,9.52538711208365,0.000000000000000E+000,0.262265195990067,0.262265195990067,0.262265195990067,9.460593798332984E-002,2.061222345126557E-002,0.344789053358086,0.362433020675390,1.10698880894822 
 02/02  12:00:00,1.06706672740899,8.66781672615083,0.000000000000000E+000,7.66927453234730,0.000000000000000E+000,0.211160319749746,0.211160319749746,0.211160319749746,9.460593798332984E-002,2.061222345126557E-002,0.361032172331260,0.362544060203783,0.973570987794998 
 02/02  13:00:00,1.02551463875483,7.61454596652059,0.000000000000000E+000,6.71890551670467,0.000000000000000E+000,0.184993538996635,0.184993538996635,0.184993538996635,9.460593798332984E-002,2.061222345126557E-002,0.351754038491839,0.356436886142159,0.871089891994392 
 02/02  14:00:00,0.986451774867014,6.92241374342695,0.000000000000000E+000,6.08730512243284,0.000000000000000E+000,0.167603505474431,0.167603505474431,0.167603505474431,9.460593798332984E-002,2.061222345126557E-002,0.317755820474586,0.368762273793802,0.809709118649768 
 02/02  15:00:00,0.977569636307781,6.43989602885126,0.000000000000000E+000,5.66442576679127,0.000000000000000E+000,0.155960247748265,0.155960247748265,0.155960247748265,0.100518798658175,2.190048514037410E-002,0.292551425468039,0.389526665603330,0.748640555879913 
 02/02  16:00:00,1.03473457182138,6.58320061485070,0.000000000000000E+000,5.79839614607279,0.000000000000000E+000,0.159648892353014,0.159648892353014,0.159648892353014,0.118257380682709,2.576527020769967E-002,0.302771641248355,0.411179373640002,0.756483373571301 
 02/02  17:00:00,1.23520931175398,6.48941723367266,0.000000000000000E+000,5.62538005110439,0.000000000000000E+000,0.154885190938846,0.154885190938846,0.154885190938846,0.183299015291815,3.993618521342261E-002,0.353623772258094,0.486353134362196,0.830538290587470 
 02/02  18:00:00,1.67948932584327,8.09224519664806,0.000000000000000E+000,7.06433325993256,0.000000000000000E+000,0.194504299421599,0.194504299421599,0.194504299421599,0.354772225641034,7.729582883586360E-002,0.444963627674976,0.590841330580195,0.987216136663002 
 02/02  19:00:00,1.99965480361378,7.39050875370077,0.000000000000000E+000,6.21706653418817,0.000000000000000E+000,0.171176263377654,0.171176263377654,0.171176263377654,0.609025736216799,0.132691190744118,0.398174220058118,0.641475355527490,1.12925886358267 
 02/02  20:00:00,2.11786620147677,7.47507903037080,0.000000000000000E+000,6.27735547856014,0.000000000000000E+000,0.172836216052092,0.172836216052092,0.172836216052092,0.780498946566019,0.170050834366559,0.315239482993876,0.662128707808626,1.15211764019386 
 02/02  21:00:00,2.04636585319383,7.75570140230219,0.000000000000000E+000,6.64108303506454,0.000000000000000E+000,0.182850830447405,0.182850830447405,0.182850830447405,0.727283116899509,0.158456460951817,0.275771620076267,0.684891811129230,1.06744458510578 
 02/02  22:00:00,1.87191110474704,8.02442884598175,0.000000000000000E+000,7.01479347068804,0.000000000000000E+000,0.193140306296423,0.193140306296423,0.193140306296423,0.603112875541953,0.131402929055009,0.258240861123445,0.668902119040609,0.963562926596830 
 02/02  23:00:00,1.55466602966007,8.30380501713625,0.000000000000000E+000,7.46859264613031,0.000000000000000E+000,0.205634888226487,0.205634888226487,0.205634888226487,0.449378247217271,9.790805228712916E-002,0.205783766725856,0.578849061513729,0.795342571029706 
 02/02  24:00:00,1.25585091377736,8.57370527707012,0.000000000000000E+000,7.92639700179025,0.000000000000000E+000,0.218239745924076,0.218239745924076,0.218239745924076,0.313382200917121,6.827797879933933E-002,0.135829910826043,0.503009063621176,0.612662160970948 
 02/03  01:00:00,0.947320374771610,8.92728925282110,0.000000000000000E+000,8.47814463439048,0.000000000000000E+000,0.233431170618762,0.233431170618762,0.233431170618762,0.159647488999529,3.478312024422393E-002,8.628146833019194E-002,0.416065112889305,0.420487004674454 
 02/03  02:00:00,0.831229174054938,9.20933894302162,0.000000000000000E+000,8.84964351602412,0.000000000000000E+000,0.243659755121973,0.243659755121973,0.243659755121973,9.460593798332984E-002,2.061222345126557E-002,7.215287085224550E-002,0.383086372956525,0.333309313450954 
 02/03  03:00:00,0.787616659359923,9.52428583315993,0.000000000000000E+000,9.18946398345406,0.000000000000000E+000,0.253016128825555,0.253016128825555,0.253016128825555,6.504158445336204E-002,1.417090225678774E-002,5.963123831382165E-002,0.378644791820797,0.308741662113515 
 02/03  04:00:00,0.782044403975311,9.77965488168995,0.000000000000000E+000,9.43859444041373,0.000000000000000E+000,0.259875508644223,0.259875508644223,0.259875508644223,6.504158445336204E-002,1.417090225678774E-002,5.252950047341648E-002,0.373314894457924,0.315347364828854 
 02/03  05:00:00,0.780718121185964,9.92968569434495,0.000000000000000E+000,9.51972487075661,0.000000000000000E+000,0.262109295887120,0.262109295887120,0.262109295887120,6.504158445336204E-002,1.417090225678774E-002,6.307145054710674E-002,0.359212874351986,0.385219062045439 
 02/03  06:00:00,0.841149400539727,10.1923034745471,0.000000000000000E+000,9.47470780438276,0.000000000000000E+000,0.260869828178721,0.260869828178721,0.260869828178721,7.095445348749738E-002,1.545916758844918E-002,7.590124009602323E-002,0.400852697499435,0.689985852801130 
 02/03  07:00:00,1.02870969280996,10.4861913227675,0.000000000000000E+000,9.19436238070860,0.000000000000000E+000,0.253150997792127,0.253150997792127,0.253150997792127,0.135996046300150,2.963007348778983E-002,0.129674688612276,0.463145872928019,1.25992851318861 
 02/03  08:00:00,1.32699546775783,11.0487030414354,0.000000000000000E+000,9.59514138052274,0.000000000000000E+000,0.264185760127573,0.264185760127573,0.264185760127573,0.271992092600300,5.926014697557965E-002,0.207318252526134,0.492127189838642,1.41966506519146 
 02/03  09:00:00,1.24616832219962,10.4579602739721,0.000000000000000E+000,9.04881229514063,0.000000000000000E+000,0.249143525836532,0.249143525836532,0.249143525836532,0.242427705633169,5.281882031727245E-002,0.268601143833745,0.416065112889305,1.38049036507533 
 02/03  10:00:00,1.09011166703918,10.1769367974193,0.000000000000000E+000,8.89574812225569,0.000000000000000E+000,0.244929166374984,0.244929166374984,0.244929166374984,0.118257380682709,2.576527020769967E-002,0.329942780038288,0.354105056045902,1.25679872846793 
 02/03  11:00:00,1.11675804150478,11.2020034749697,0.000000000000000E+000,10.0680247405687,0.000000000000000E+000,0.277205792347110,0.277205792347110,0.277205792347110,9.460593798332984E-002,2.061222345126557E-002,0.344789053358086,0.362433020675390,1.10901517654130 
 02/03  12:00:00,1.10501999631053,10.0480354129978,0.000000000000000E+000,9.04772498625320,0.000000000000000E+000,0.249113588651291,0.249113588651291,0.249113588651291,9.460593798332984E-002,2.061222345126557E-002,0.361032172331260,0.362544060203783,0.975339220736113 
 02/03  13:00:00,1.07276324001096,9.33077481722547,0.000000000000000E+000,8.43495943598334,0.000000000000000E+000,0.232242140252768,0.232242140252768,0.232242140252768,9.460593798332984E-002,2.061222345126557E-002,0.351754038491839,0.356436886142159,0.871264823420579 
 02/03  14:00:00,1.04291921092054,8.97300201576148,0.000000000000000E+000,8.13818414054330,0.000000000000000E+000,0.224070941527956,0.224070941527956,0.224070941527956,9.460593798332984E-002,2.061222345126557E-002,0.317755820474586,0.368762273793802,0.809418372873822 
 02/03  15:00:00,1.04990251285779,9.06655740650418,0.000000000000000E+000,8.29153245347274,0.000000000000000E+000,0.228293124298268,0.228293124298268,0.228293124298268,0.100518798658175,2.190048514037410E-002,0.292551425468039,0.389526665603330,0.748195246851360 
 02/03  16:00:00,1.09491343073756,8.76818649051333,0.000000000000000E+000,7.98407284242625,0.000000000000000E+000,0.219827751269192,0.219827751269192,0.219827751269192,0.118257380682709,2.576527020769967E-002,0.302771641248355,0.411179373640002,0.755792552880475 
 02/03  17:00:00,1.29591278048249,8.69306422129759,0.000000000000000E+000,7.83011040620362,0.000000000000000E+000,0.215588659667359,0.215588659667359,0.215588659667359,0.183299015291815,3.993618521342261E-002,0.353623772258094,0.486353134362196,0.829454923113177 
 02/03  18:00:00,1.73567280008137,10.1317385888191,0.000000000000000E+000,9.10489887672919,0.000000000000000E+000,0.250687773659707,0.250687773659707,0.250687773659707,0.354772225641034,7.729582883586360E-002,0.444963627674976,0.590841330580195,0.986143912037440 
 02/03  19:00:00,2.03867044514743,8.80705908031996,0.000000000000000E+000,7.63410201856245,0.000000000000000E+000,0.210191904911304,0.210191904911304,0.210191904911304,0.609025736216799,0.132691190744118,0.398174220058118,0.641475355527490,1.12877370582758 
 02/03  20:00:00,2.14559076323303,8.48160841253155,0.000000000000000E+000,7.28430259651191,0.000000000000000E+000,0.200560777808352,0.200560777808352,0.200560777808352,0.780498946566019,0.170050834366559,0.315239482993876,0.662128707808626,1.15169990440286 
 02/03  21:00:00,2.07087905349720,8.64562239780702,0.000000000000000E+000,7.53139454347573,0.000000000000000E+000,0.207364030750779,0.207364030750779,0.207364030750779,0.727283116899509,0.158456460951817,0.275771620076267,0.684891811129230,1.06705407219941 
 02/03  22:00:00,1.89564774784289,8.88653458539984,0.000000000000000E+000,7.87690067243019,0.000000000000000E+000,0.216876949392275,0.216876949392275,0.216876949392275,0.603112875541953,0.131402929055009,0.258240861123445,0.668902119040609,0.963561464272741 
 02/03  23:00:00,1.58694145186888,9.47614367481390,0.000000000000000E+000,8.64082554414910,0.000000000000000E+000,0.237910310435301,0.237910310435301,0.237910310435301,0.449378247217271,9.790805228712916E-002,0.205783766725856,0.578849061513729,0.795448330688569 
 02/03  24:00:00,1.30214833255499,10.2553808390356,0.000000000000000E+000,9.60790428102522,0.000000000000000E+000,0.264537164701717,0.264537164701717,0.264537164701717,0.313382200917121,6.827797879933933E-002,0.135829910826043,0.503009063621176,0.612830443701510 
 02/04  01:00:00,1.00197084146641,10.6903802803802,0.000000000000000E+000,10.2242776782471,0.000000000000000E+000,0.281507948977812,0.281507948977812,0.281507948977812,0.159647488999529,3.478312024422393E-002,9.285515666593923E-002,0.416065112889305,0.437444988376944 
 02/04  02:00:00,0.886172164849598,11.0700519495541,0.000000000000000E+000,10.7018004224911,0.000000000000000E+000,0.294655718683672,0.294655718683672,0.294655718683672,9.460593798332984E-002,2.061222345126557E-002,7.609989808520642E-002,0.383086372956525,0.341865413516501 
 02/04  03:00:00,0.841903250897892,11.4069971003971,0.000000000000000E+000,11.0662960227827,0.000000000000000E+000,0.304691479847303,0.304691479847303,0.304691479847303,6.504158445336204E-002,1.417090225678774E-002,6.224247883004267E-002,0.378644791820797,0.314620890022047 
 02/04  04:00:00,0.836021803980016,11.6970865374338,0.000000000000000E+000,11.3494450767301,0.000000000000000E+000,0.312487503384628,0.312487503384628,0.312487503384628,6.504158445336204E-002,1.417090225678774E-002,5.389490573771482E-002,0.373314894457924,0.321928384256340 
 02/04  05:00:00,0.839786176265142,11.9918776512177,0.000000000000000E+000,11.5680419451211,0.000000000000000E+000,0.318506193213901,0.318506193213901,0.318506193213901,6.504158445336204E-002,1.417090225678774E-002,6.574260829950677E-002,0.359212874351986,0.399093944553695 
 02/04  06:00:00,0.905944386561941,12.4379849171990,0.000000000000000E+000,11.6792500749920,0.000000000000000E+000,0.321568118323408,0.321568118323408,0.321568118323408,7.095445348749738E-002,1.545916758844918E-002,7.999793597354952E-002,0.400852697499435,0.731125024843802 
 02/04  07:00:00,1.10465975454237,12.9540061788643,0.000000000000000E+000,11.5669285869613,0.000000000000000E+000,0.318475538806624,0.318475538806624,0.318475538806624,0.135996046300150,2.963007348778983E-002,0.140300209330190,0.463145872928019,1.35517716303267 
 02/04  08:00:00,1.41828595307565,13.7123378305222,0.000000000000000E+000,12.1422078504809,0.000000000000000E+000,0.334314866596735,0.334314866596735,0.334314866596735,0.271992092600300,5.926014697557965E-002,0.228479631374793,0.492127189838642,1.53623338432012 
 02/04  09:00:00,1.35180518484957,13.2389699203800,0.000000000000000E+000,11.7073957658258,0.000000000000000E+000,0.322343061644446,0.322343061644446,0.322343061644446,0.242427705633169,5.281882031727245E-002,0.301038470675778,0.416065112889305,1.50291654079803 
 02/04  10:00:00,1.21159070923875,13.0662729925043,0.000000000000000E+000,11.6723128627735,0.000000000000000E+000,0.321377114083822,0.321377114083822,0.321377114083822,0.118257380682709,2.576527020769967E-002,0.374973874529018,0.354105056045902,1.36957018303513 
 02/04  11:00:00,1.25016294656615,14.2949549728183,0.000000000000000E+000,13.0639852915998,0.000000000000000E+000,0.359694427386195,0.359694427386195,0.359694427386195,9.460593798332984E-002,2.061222345126557E-002,0.395705323380369,0.362433020675390,1.20600612335885 
 02/04  12:00:00,1.22913299260464,12.7296462604962,0.000000000000000E+000,11.6490925803564,0.000000000000000E+000,0.320737783435377,0.320737783435377,0.320737783435377,9.460593798332984E-002,2.061222345126557E-002,0.413520973841281,0.362544060203783,1.05558247413126 
 02/04  13:00:00,1.19700316452933,12.1766244756460,0.000000000000000E+000,11.2108498098169,0.000000000000000E+000,0.308671520431644,0.308671520431644,0.308671520431644,9.460593798332984E-002,2.061222345126557E-002,0.399564582831336,0.356436886142159,0.941224108007520 
 02/04  14:00:00,1.16837895787983,12.0066876005709,0.000000000000000E+000,11.1117370685868,0.000000000000000E+000,0.305942621102098,0.305942621102098,0.305942621102098,9.460593798332984E-002,2.061222345126557E-002,0.361343887859729,0.368762273793802,0.869551029639684 
 02/04  15:00:00,1.16432722320735,11.8556544442919,0.000000000000000E+000,11.0263716663558,0.000000000000000E+000,0.303592231172171,0.303592231172171,0.303592231172171,0.100518798658175,2.190048514037410E-002,0.331677028943703,0.389526665603330,0.802453071756052 
 02/04  16:00:00,1.20136696452922,11.3423101209361,0.000000000000000E+000,10.5044597793817,0.000000000000000E+000,0.289222282558413,0.289222282558413,0.289222282558413,0.118257380682709,2.576527020769967E-002,0.339830643750797,0.411179373640002,0.809529246347732 
 02/04  17:00:00,1.40417144035648,11.3864416298525,0.000000000000000E+000,10.4575016699703,0.000000000000000E+000,0.287929371559291,0.287929371559291,0.287929371559291,0.183299015291815,3.993618521342261E-002,0.389541720240152,0.486353134362196,0.895441067901434 
 02/04  18:00:00,1.83917445700863,12.6863033184021,0.000000000000000E+000,11.5800738867873,0.000000000000000E+000,0.318837472090243,0.318837472090243,0.318837472090243,0.354772225641034,7.729582883586360E-002,0.480315586171698,0.590841330580195,1.06553363156231 
 02/04  19:00:00,2.14374495481433,11.4798705950041,0.000000000000000E+000,10.2042336699921,0.000000000000000E+000,0.280956071590408,0.280956071590408,0.280956071590408,0.609025736216799,0.132691190744118,0.432484563045918,0.641475355527490,1.23145356908207 
 02/04  20:00:00,2.25465422195931,11.3139448303540,0.000000000000000E+000,10.0016927567002,0.000000000000000E+000,0.275379454945282,0.275379454945282,0.275379454945282,0.780498946566019,0.170050834366559,0.349484264583227,0.662128707808626,1.26664616203700 
 02/04  21:00:00,2.17893973478823,11.4139758766521,0.000000000000000E+000,10.1901867531939,0.000000000000000E+000,0.280569313829933,0.280569313829933,0.280569313829933,0.727283116899509,0.158456460951817,0.310627018288144,0.684891811129230,1.17661534132629 
 02/04  22:00:00,2.00529915113048,11.6675273336849,0.000000000000000E+000,10.5661735989017,0.000000000000000E+000,0.290921466726073,0.290921466726073,0.290921466726073,0.603112875541953,0.131402929055009,0.293847747077229,0.668902119040609,1.05528128608634 
 02/04  23:00:00,1.68262724187603,11.9953023464937,0.000000000000000E+000,11.0885013659230,0.000000000000000E+000,0.305302865883608,0.305302865883608,0.305302865883608,0.449378247217271,9.790805228712916E-002,0.234077001284697,0.578849061513729,0.866931180594448 
 02/04  24:00:00,1.37456666306023,12.3654769425770,0.000000000000000E+000,11.6738936171163,0.000000000000000E+000,0.321420637443307,0.321420637443307,0.321420637443307,0.313382200917121,6.827797879933933E-002,0.151364768589688,0.503009063621176,0.656937211151776 
 02/05  01:00:00,1.05429168864056,12.5892657539444,0.000000000000000E+000,12.1245539291028,0.000000000000000E+000,0.333828796151959,0.333828796151959,0.333828796151959,0.159647488999529,3.478312024422393E-002,9.285515666593923E-002,0.416065112889305,0.436054211085345 
 02/05  02:00:00,0.933143192573676,12.7746791909638,0.000000000000000E+000,12.4077729608419,0.000000000000000E+000,0.341626746407751,0.341626746407751,0.341626746407751,9.460593798332984E-002,2.061222345126557E-002,7.609989808520642E-002,0.383086372956525,0.340520116575417 
 02/05  03:00:00,0.884726089932097,12.9614547379138,0.000000000000000E+000,12.6216076892789,0.000000000000000E+000,0.347514318881508,0.347514318881508,0.347514318881508,6.504158445336204E-002,1.417090225678774E-002,6.224247883004267E-002,0.378644791820797,0.313766861042566 
 02/05  04:00:00,0.876319815496630,13.1597833828826,0.000000000000000E+000,12.8130558242176,0.000000000000000E+000,0.352785514901242,0.352785514901242,0.352785514901242,6.504158445336204E-002,1.417090225678774E-002,5.389490573771482E-002,0.373314894457924,0.321014482217683 
 02/05  05:00:00,0.880359963575549,13.4649767566101,0.000000000000000E+000,13.0416687802639,0.000000000000000E+000,0.359079980524305,0.359079980524305,0.359079980524305,6.504158445336204E-002,1.417090225678774E-002,6.574260829950677E-002,0.359212874351986,0.398566214803331 
 02/05  06:00:00,0.947043896117852,13.9303921227986,0.000000000000000E+000,13.1719709720937,0.000000000000000E+000,0.362667627879320,0.362667627879320,0.362667627879320,7.095445348749738E-002,1.545916758844918E-002,7.999793597354952E-002,0.400852697499435,0.730811333341766 
 02/05  07:00:00,1.16376268606120,15.1005643448805,0.000000000000000E+000,13.7135279481559,0.000000000000000E+000,0.377578470325457,0.377578470325457,0.377578470325457,0.135996046300150,2.963007348778983E-002,0.140300209330190,0.463145872928019,1.35513596785437 
 02/05  08:00:00,1.45834492189417,15.1672001990107,0.000000000000000E+000,13.5971366444707,0.000000000000000E+000,0.374373835415259,0.374373835415259,0.374373835415259,0.271992092600300,5.926014697557965E-002,0.228479631374793,0.492127189838642,1.53616695881880 
 02/05  09:00:00,1.37332532953101,14.0198812905937,0.000000000000000E+000,12.4890004618851,0.000000000000000E+000,0.343863206325884,0.343863206325884,0.343863206325884,0.242427705633169,5.281882031727245E-002,0.301038470675778,0.416065112889305,1.50222321495240 
 02/05  10:00:00,1.20268264475497,12.7428512276212,0.000000000000000E+000,11.3487748412413,0.000000000000000E+000,0.312469049600045,0.312469049600045,0.312469049600045,0.118257380682709,2.576527020769967E-002,0.374973874529018,0.354105056045902,1.36968643968430 
 02/05  11:00:00,1.21010760183947,12.8406359853711,0.000000000000000E+000,11.6091881234540,0.000000000000000E+000,0.319639082659520,0.319639082659520,0.319639082659520,9.460593798332984E-002,2.061222345126557E-002,0.395705323380369,0.362433020675390,1.20648430405738 
 02/05  12:00:00,1.16321124180782,10.3358873085483,0.000000000000000E+000,9.25483590792427,0.000000000000000E+000,0.254816032638565,0.254816032638565,0.254816032638565,9.460593798332984E-002,2.061222345126557E-002,0.413520973841281,0.362544060203783,1.05608019461546 
 02/05  13:00:00,1.11878018725270,9.33738766890258,0.000000000000000E+000,8.36981656937176,0.000000000000000E+000,0.230448543155011,0.230448543155011,0.230448543155011,9.460593798332984E-002,2.061222345126557E-002,0.399564582831336,0.356436886142159,0.943020541709263 
 02/05  14:00:00,1.07058559058597,8.45729640281465,0.000000000000000E+000,7.55991359101251,0.000000000000000E+000,0.208149253808243,0.208149253808243,0.208149253808243,9.460593798332984E-002,2.061222345126557E-002,0.361343887859729,0.368762273793802,0.871983309457792 
 02/05  15:00:00,1.06784108627385,8.35396226776969,0.000000000000000E+000,7.52202637276234,0.000000000000000E+000,0.207106094238665,0.207106094238665,0.207106094238665,0.100518798658175,2.190048514037410E-002,0.331677028943703,0.389526665603330,0.805106188827294 
 02/05  16:00:00,1.12382178011676,8.52872374477568,0.000000000000000E+000,7.68804375659153,0.000000000000000E+000,0.211677098145949,0.211677098145949,0.211677098145949,0.118257380682709,2.576527020769967E-002,0.339830643750797,0.411179373640002,0.812358892977542 
 02/05  17:00:00,1.33536412105604,8.89049189698622,0.000000000000000E+000,7.95844208256599,0.000000000000000E+000,0.219122052258849,0.219122052258849,0.219122052258849,0.183299015291815,3.993618521342261E-002,0.389541720240152,0.486353134362196,0.898550922439427 
 02/05  18:00:00,1.78710669371442,10.7979937360740,0.000000000000000E+000,9.68898956061370,0.000000000000000E+000,0.266769708796035,0.266769708796035,0.266769708796035,0.354772225641034,7.729582883586360E-002,0.480315586171698,0.590841330580195,1.06830837540789 
 02/05  19:00:00,2.10307683770829,10.0047038519895,0.000000000000000E+000,8.72718080717423,0.000000000000000E+000,0.240287954484364,0.240287954484364,0.240287954484364,0.609025736216799,0.132691190744118,0.432484563045918,0.641475355527490,1.23333968888529 
 02/05  20:00:00,2.22082808055221,10.0874471156512,0.000000000000000E+000,8.77313823884156,0.000000000000000E+000,0.241553313538186,0.241553313538186,0.241553313538186,0.780498946566019,0.170050834366559,0.349484264583227,0.662128707808626,1.26870296519282 
 02/05  21:00:00,2.15202892266910,10.4385651691040,0.000000000000000E+000,9.21279475892783,0.000000000000000E+000,0.253658501710797,0.253658501710797,0.253658501710797,0.727283116899509,0.158456460951817,0.310627018288144,0.684891811129230,1.17859662804425 
 02/05  22:00:00,1.98503243533241,10.9330144817017,0.000000000000000E+000,9.83009303457652,0.000000000000000E+000,0.270654750928003,0.270654750928003,0.270654750928003,0.603112875541953,0.131402929055009,0.293847747077229,0.668902119040609,1.05684899842825 
 02/05  23:00:00,1.66876723715312,11.4932201217814,0.000000000000000E+000,10.5851104761685,0.000000000000000E+000,0.291442861160691,0.291442861160691,0.291442861160691,0.449378247217271,9.790805228712916E-002,0.234077001284697,0.578849061513729,0.868239845636629 
 02/05  24:00:00,1.36655260188451,12.0752312643582,0.000000000000000E+000,11.3828255066470,0.000000000000000E+000,0.313406576267583,0.313406576267583,0.313406576267583,0.313382200917121,6.827797879933933E-002,0.151364768589688,0.503009063621176,0.657759643402288 
 02/06  01:00:00,1.04646108936318,12.5275053538447,0.000000000000000E+000,12.0789033301386,0.000000000000000E+000,0.332571885210334,0.332571885210334,0.332571885210334,0.159647488999529,3.478312024422393E-002,8.628146833019194E-002,0.416065112889305,0.419944409949845 
 02/06  02:00:00,0.934552706013161,12.9609257093646,0.000000000000000E+000,12.6023207859700,0.000000000000000E+000,0.346983287080194,0.346983287080194,0.346983287080194,9.460593798332984E-002,2.061222345126557E-002,7.215287085224550E-002,0.383086372956525,0.332218809848102 
 02/06  03:00:00,0.892881989856104,13.3460913393741,0.000000000000000E+000,13.0126667483971,0.000000000000000E+000,0.358281459321735,0.358281459321735,0.358281459321735,6.504158445336204E-002,1.417090225678774E-002,5.963123831382165E-002,0.378644791820797,0.307344403384668 
 02/06  04:00:00,0.890215450928124,13.7070354891515,0.000000000000000E+000,13.3673318874669,0.000000000000000E+000,0.368046555597037,0.368046555597037,0.368046555597037,6.504158445336204E-002,1.417090225678774E-002,5.252950047341648E-002,0.373314894457924,0.313990525237222 
 02/06  05:00:00,0.895971291683765,14.1144306187297,0.000000000000000E+000,13.7056827548828,0.000000000000000E+000,0.377362466384920,0.377362466384920,0.377362466384920,6.504158445336204E-002,1.417090225678774E-002,6.307145054710674E-002,0.359212874351986,0.384006102303944 
 02/06  06:00:00,0.963515710619257,14.6358282820180,0.000000000000000E+000,13.9190126180072,0.000000000000000E+000,0.383236138258251,0.383236138258251,0.383236138258251,7.095445348749738E-002,1.545916758844918E-002,7.590124009602323E-002,0.400852697499435,0.689205846647695 
 02/06  07:00:00,1.15408952152077,15.0399987040214,0.000000000000000E+000,13.7481172165672,0.000000000000000E+000,0.378530826502933,0.378530826502933,0.378530826502933,0.135996046300150,2.963007348778983E-002,0.129674688612276,0.463145872928019,1.25998105858400 
 02/06  08:00:00,1.46007993111357,15.8823483866091,0.000000000000000E+000,14.4287260553087,0.000000000000000E+000,0.397270223483311,0.397270223483311,0.397270223483311,0.271992092600300,5.926014697557965E-002,0.207318252526134,0.492127189838642,1.41972573557919 
 02/06  09:00:00,1.37244248908380,15.0437856971173,0.000000000000000E+000,13.6350492042622,0.000000000000000E+000,0.375417692720711,0.375417692720711,0.375417692720711,0.242427705633169,5.281882031727245E-002,0.268601143833745,0.416065112889305,1.38007887909892 
 02/06  10:00:00,1.18568312840614,13.6473827833742,0.000000000000000E+000,12.3668726950425,0.000000000000000E+000,0.340500627741948,0.340500627741948,0.340500627741948,0.118257380682709,2.576527020769967E-002,0.329942780038288,0.354105056045902,1.25612014163610 
 02/06  11:00:00,1.18232712112372,13.5829006423288,0.000000000000000E+000,12.4494725098606,0.000000000000000E+000,0.342774871966050,0.342774871966050,0.342774871966050,9.460593798332984E-002,2.061222345126557E-002,0.344789053358086,0.362433020675390,1.10846457460851 
 02/06  12:00:00,1.12424752082157,10.7455759937487,0.000000000000000E+000,9.74606245906687,0.000000000000000E+000,0.268341113162327,0.268341113162327,0.268341113162327,9.460593798332984E-002,2.061222345126557E-002,0.361032172331260,0.362544060203783,0.974542328673320 
 02/06  13:00:00,1.07182085799942,9.29764236425819,0.000000000000000E+000,8.40073242605351,0.000000000000000E+000,0.231299758241226,0.231299758241226,0.231299758241226,9.460593798332984E-002,2.061222345126557E-002,0.351754038491839,0.356436886142159,0.872359380383124 
 02/06  14:00:00,1.02578602985358,8.35233013102187,0.000000000000000E+000,7.51591254438981,0.000000000000000E+000,0.206937760460993,0.206937760460993,0.206937760460993,9.460593798332984E-002,2.061222345126557E-002,0.317755820474586,0.368762273793802,0.811018084287718 
 02/06  15:00:00,1.01016922078294,7.62559980726699,0.000000000000000E+000,6.84843213350246,0.000000000000000E+000,0.188559832223428,0.188559832223428,0.188559832223428,0.100518798658175,2.190048514037410E-002,0.292551425468039,0.389526665603330,0.750337967584474 
 02/06  16:00:00,1.06236501141183,7.58829526946041,0.000000000000000E+000,6.80192477739772,0.000000000000000E+000,0.187279331943464,0.187279331943464,0.187279331943464,0.118257380682709,2.576527020769967E-002,0.302771641248355,0.411179373640002,0.758049396856071 
 02/06  17:00:00,1.27888511425086,8.07797621302583,0.000000000000000E+000,7.21167107474997,0.000000000000000E+000,0.198560993435727,0.198560993435727,0.198560993435727,0.183299015291815,3.993618521342261E-002,0.353623772258094,0.486353134362196,0.832806246295053 
 02/06  18:00:00,1.74328485051095,10.4114630692505,0.000000000000000E+000,9.38136608689275,0.000000000000000E+000,0.258299824089279,0.258299824089279,0.258299824089279,0.354772225641034,7.729582883586360E-002,0.444963627674976,0.590841330580195,0.989401182305324 
 02/06  19:00:00,2.05944227355734,9.56327181138700,0.000000000000000E+000,8.38852810961587,0.000000000000000E+000,0.230963733321212,0.230963733321212,0.230963733321212,0.609025736216799,0.132691190744118,0.398174220058118,0.641475355527490,1.13056034584118 
 02/06  20:00:00,2.17850680952182,9.67909011584034,0.000000000000000E+000,8.47980275396278,0.000000000000000E+000,0.233476824097144,0.233476824097144,0.233476824097144,0.780498946566019,0.170050834366559,0.315239482993876,0.662128707808626,1.15368145026077 
 02/06  21:00:00,2.10871585294417,10.0214325254861,0.000000000000000E+000,8.90561486445289,0.000000000000000E+000,0.245200830197743,0.245200830197743,0.245200830197743,0.727283116899509,0.158456460951817,0.275771620076267,0.684891811129230,1.06864387890129 
 02/06  22:00:00,1.93763867390417,10.4125835946966,0.000000000000000E+000,9.40199752875739,0.000000000000000E+000,0.258867875453546,0.258867875453546,0.258867875453546,0.603112875541953,0.131402929055009,0.258240861123445,0.668902119040609,0.964513617242324 
 02/06  23:00:00,1.62299505953173,10.7860733302440,0.000000000000000E+000,9.95028091614136,0.000000000000000E+000,0.273963918098148,0.273963918098148,0.273963918098148,0.449378247217271,9.790805228712916E-002,0.205783766725856,0.578849061513729,0.795922614126365 
 02/06  24:00:00,1.32695960242334,11.1566303655191,0.000000000000000E+000,10.5090415796522,0.000000000000000E+000,0.289348434570062,0.289348434570062,0.289348434570062,0.313382200917121,6.827797879933933E-002,0.135829910826043,0.503009063621176,0.612942671558017 
 02/07  01:00:00,1.02437341904978,11.7258954642904,0.000000000000000E+000,11.2766862866418,0.000000000000000E+000,0.310484214896929,0.310484214896929,0.310484214896929,0.159647488999529,3.478312024422393E-002,8.628146833019194E-002,0.416065112889305,0.420551563892410 
 02/07  02:00:00,0.917119565460113,12.3282282429400,0.000000000000000E+000,11.9691547582770,0.000000000000000E+000,0.329550146527148,0.329550146527148,0.329550146527148,9.460593798332984E-002,2.061222345126557E-002,7.215287085224550E-002,0.383086372956525,0.332687371116428 
 02/07  03:00:00,0.881767909604380,12.9431046732456,0.000000000000000E+000,12.6090069475120,0.000000000000000E+000,0.347167379070014,0.347167379070014,0.347167379070014,6.504158445336204E-002,1.417090225678774E-002,5.963123831382165E-002,0.378644791820797,0.308017538141183 
 02/07  04:00:00,0.879867746308206,13.3319806940470,0.000000000000000E+000,12.9915066017132,0.000000000000000E+000,0.357698850977118,0.357698850977118,0.357698850977118,6.504158445336204E-002,1.417090225678774E-002,5.252950047341648E-002,0.373314894457924,0.314761015886420 
 02/07  05:00:00,0.881931779059086,13.6050048732083,0.000000000000000E+000,13.1957721961821,0.000000000000000E+000,0.363322953760242,0.363322953760242,0.363322953760242,6.504158445336204E-002,1.417090225678774E-002,6.307145054710674E-002,0.359212874351986,0.384490915483345 
 02/07  06:00:00,0.948841613200972,14.1034436075728,0.000000000000000E+000,13.3860541448024,0.000000000000000E+000,0.368562040839966,0.368562040839966,0.368562040839966,7.095445348749738E-002,1.545916758844918E-002,7.590124009602323E-002,0.400852697499435,0.689779645407214 
 02/07  07:00:00,1.14901179904848,14.8562014206570,0.000000000000000E+000,13.5636959783098,0.000000000000000E+000,0.373453104030641,0.373453104030641,0.373453104030641,0.135996046300150,2.963007348778983E-002,0.129674688612276,0.463145872928019,1.26060501347692 
 02/07  08:00:00,1.43032740514017,14.8025408304075,0.000000000000000E+000,13.3481239327546,0.000000000000000E+000,0.367517697509914,0.367517697509914,0.367517697509914,0.271992092600300,5.926014697557965E-002,0.207318252526134,0.492127189838642,1.42052030193165 
 02/07  09:00:00,1.36611737418185,14.8151185775691,0.000000000000000E+000,13.4053230763174,0.000000000000000E+000,0.369092577818759,0.369092577818759,0.369092577818759,0.242427705633169,5.281882031727245E-002,0.268601143833745,0.416065112889305,1.38113788749557 
 02/07  10:00:00,1.19856548497642,14.1164204766578,0.000000000000000E+000,12.8347557200263,0.000000000000000E+000,0.353382984312225,0.353382984312225,0.353382984312225,0.118257380682709,2.576527020769967E-002,0.329942780038288,0.354105056045902,1.25727480993593 
 02/07  11:00:00,1.22922287359085,15.2868255372393,0.000000000000000E+000,14.1527110752200,0.000000000000000E+000,0.389670624433175,0.389670624433175,0.389670624433175,9.460593798332984E-002,2.061222345126557E-002,0.344789053358086,0.362433020675390,1.10915090415967 
 02/07  12:00:00,1.18487317858563,12.9475643884298,0.000000000000000E+000,11.9479667450982,0.000000000000000E+000,0.328966770926389,0.328966770926389,0.328966770926389,9.460593798332984E-002,2.061222345126557E-002,0.361032172331260,0.362544060203783,0.974626437323020 
 02/07  13:00:00,1.13936340527219,11.7501839367366,0.000000000000000E+000,10.8538559023906,0.000000000000000E+000,0.298842305513998,0.298842305513998,0.298842305513998,9.460593798332984E-002,2.061222345126557E-002,0.351754038491839,0.356436886142159,0.871777476524487 
 02/07  14:00:00,1.10157556104844,11.1036767814884,0.000000000000000E+000,10.2685638100262,0.000000000000000E+000,0.282727291655858,0.282727291655858,0.282727291655858,9.460593798332984E-002,2.061222345126557E-002,0.317755820474586,0.368762273793802,0.809713469117868 
 02/07  15:00:00,1.09321042939093,10.6399183800994,0.000000000000000E+000,9.86446197787530,0.000000000000000E+000,0.271601040831411,0.271601040831411,0.271601040831411,0.100518798658175,2.190048514037410E-002,0.292551425468039,0.389526665603330,0.748626696043992 
 02/07  16:00:00,1.14892622760607,10.7304999244560,0.000000000000000E+000,9.94580015907112,0.000000000000000E+000,0.273840548137706,0.273840548137706,0.273840548137706,0.118257380682709,2.576527020769967E-002,0.302771641248355,0.411179373640002,0.756378670178246 
 02/07  17:00:00,1.35855820322270,10.9694400006546,0.000000000000000E+000,10.1053719030559,0.000000000000000E+000,0.278234082407568,0.278234082407568,0.278234082407568,0.183299015291815,3.993618521342261E-002,0.353623772258094,0.486353134362196,0.830569205617941 
 02/07  18:00:00,1.82410955537847,13.3448782582306,0.000000000000000E+000,12.3168932321425,0.000000000000000E+000,0.339124528956803,0.339124528956803,0.339124528956803,0.354772225641034,7.729582883586360E-002,0.444963627674976,0.590841330580195,0.987289226035685 
 02/07  19:00:00,2.13865080827034,12.4385013099193,0.000000000000000E+000,11.2653564774594,0.000000000000000E+000,0.310172268034216,0.310172268034216,0.310172268034216,0.609025736216799,0.132691190744118,0.398174220058118,0.641475355527490,1.12896147652989 
 02/07  20:00:00,2.26135051807005,12.6866645085231,0.000000000000000E+000,11.4886594600292,0.000000000000000E+000,0.316320532645376,0.316320532645376,0.316320532645376,0.780498946566019,0.170050834366559,0.315239482993876,0.662128707808626,1.15239913687708 
 02/07  21:00:00,2.19843827715750,13.2789433962838,0.000000000000000E+000,12.1643042991692,0.000000000000000E+000,0.334923254411081,0.334923254411081,0.334923254411081,0.727283116899509,0.158456460951817,0.275771620076267,0.684891811129230,1.06746531498275 
 02/07  22:00:00,2.03200420284507,13.8383329399006,0.000000000000000E+000,12.8293230257812,0.000000000000000E+000,0.353233404394456,0.353233404394456,0.353233404394456,0.603112875541953,0.131402929055009,0.258240861123445,0.668902119040609,0.962937465422539 
 02/07  23:00:00,1.72190653464705,14.3767237224397,0.000000000000000E+000,13.5427137082388,0.000000000000000E+000,0.372875393213462,0.372875393213462,0.372875393213462,0.449378247217271,9.790805228712916E-002,0.205783766725856,0.578849061513729,0.794140214224638 
 02/07  24:00:00,1.43039075271298,14.9114887673251,0.000000000000000E+000,14.2656275125955,0.000000000000000E+000,0.392779584859700,0.392779584859700,0.392779584859700,0.313382200917121,6.827797879933933E-002,0.135829910826043,0.503009063621176,0.611215140420724 
 02/08  01:00:00,1.11635844357997,15.0647642382154,0.000000000000000E+000,14.6175526332301,0.000000000000000E+000,0.402469239427123,0.402469239427123,0.402469239427123,0.159647488999529,3.478312024422393E-002,8.628146833019194E-002,0.416065112889305,0.418553991229058 
 02/08  02:00:00,0.993882409071699,15.1141055522589,0.000000000000000E+000,14.7571564161577,0.000000000000000E+000,0.406312990138735,0.406312990138735,0.406312990138735,9.460593798332984E-002,2.061222345126557E-002,7.215287085224550E-002,0.383086372956525,0.330563022554643 
 02/08  03:00:00,0.937675304367410,14.9715207779737,0.000000000000000E+000,14.6395454470471,0.000000000000000E+000,0.403074773833044,0.403074773833044,0.403074773833044,6.504158445336204E-002,1.417090225678774E-002,5.963123831382165E-002,0.378644791820797,0.305895143334230 
 02/08  04:00:00,0.924574916556930,14.9537188317644,0.000000000000000E+000,14.6152565686019,0.000000000000000E+000,0.402406021225840,0.402406021225840,0.402406021225840,6.504158445336204E-002,1.417090225678774E-002,5.252950047341648E-002,0.373314894457924,0.312749186715185 
 02/08  05:00:00,0.920033795522022,14.9873981441556,0.000000000000000E+000,14.5796251134186,0.000000000000000E+000,0.401424970223180,0.401424970223180,0.401424970223180,6.504158445336204E-002,1.417090225678774E-002,6.307145054710674E-002,0.359212874351986,0.383031269194126 
 02/08  06:00:00,0.977161845673043,15.1308782357602,0.000000000000000E+000,14.4146358305359,0.000000000000000E+000,0.396882273312037,0.396882273312037,0.396882273312037,7.095445348749738E-002,1.545916758844918E-002,7.590124009602323E-002,0.400852697499435,0.688632587861152 
 02/08  07:00:00,1.18582356867125,16.1925467826378,0.000000000000000E+000,14.9006875475268,0.000000000000000E+000,0.410264873653417,0.410264873653417,0.410264873653417,0.135996046300150,2.963007348778983E-002,0.129674688612276,0.463145872928019,1.25995880624069 
 02/08  08:00:00,1.44677982964523,15.3992554777227,0.000000000000000E+000,13.9456706707098,0.000000000000000E+000,0.383970122014974,0.383970122014974,0.383970122014974,0.271992092600300,5.926014697557965E-002,0.207318252526134,0.492127189838642,1.41968821129175 
 02/08  09:00:00,1.37117374424044,14.9983613033437,0.000000000000000E+000,13.5889688018136,0.000000000000000E+000,0.374148947877349,0.374148947877349,0.374148947877349,0.242427705633169,5.281882031727245E-002,0.268601143833745,0.416065112889305,1.38073488777395 
 02/08  10:00:00,1.20102295663554,14.2053767624407,0.000000000000000E+000,12.9240102960357,0.000000000000000E+000,0.355840455971348,0.355840455971348,0.355840455971348,0.118257380682709,2.576527020769967E-002,0.329942780038288,0.354105056045902,1.25697651970941 
 02/08  11:00:00,1.20937938330385,14.5659140411078,0.000000000000000E+000,13.4320019246027,0.000000000000000E+000,0.369827134146182,0.369827134146182,0.369827134146182,9.460593798332984E-002,2.061222345126557E-002,0.344789053358086,0.362433020675390,1.10894855864546 
 02/08  12:00:00,1.14747882859345,11.5894890881472,0.000000000000000E+000,10.5898160452482,0.000000000000000E+000,0.291572420934214,0.291572420934214,0.291572420934214,9.460593798332984E-002,2.061222345126557E-002,0.361032172331260,0.362544060203783,0.974701836890435 
 02/08  13:00:00,1.09429978046594,10.1142208928921,0.000000000000000E+000,9.21715962123577,0.000000000000000E+000,0.253778680707744,0.253778680707744,0.253778680707744,9.460593798332984E-002,2.061222345126557E-002,0.351754038491839,0.356436886142159,0.872510713834813 
 02/08  14:00:00,1.04827752075806,9.16928707066545,0.000000000000000E+000,8.33279622117495,0.000000000000000E+000,0.229429251365479,0.229429251365479,0.229429251365479,9.460593798332984E-002,2.061222345126557E-002,0.317755820474586,0.368762273793802,0.811091347146175 
 02/08  15:00:00,1.03596045352203,8.56201287945913,0.000000000000000E+000,7.78516136671308,0.000000000000000E+000,0.214351064962511,0.214351064962511,0.214351064962511,0.100518798658175,2.190048514037410E-002,0.292551425468039,0.389526665603330,0.750021806565962 
 02/08  16:00:00,1.08654418115381,8.46635350094672,0.000000000000000E+000,7.68010440383150,0.000000000000000E+000,0.211458501685444,0.211458501685444,0.211458501685444,0.118257380682709,2.576527020769967E-002,0.302771641248355,0.411179373640002,0.757928001908611 
 02/08  17:00:00,1.29901134027051,8.80859784499447,0.000000000000000E+000,7.94264909575194,0.000000000000000E+000,0.218687219455383,0.218687219455383,0.218687219455383,0.183299015291815,3.993618521342261E-002,0.353623772258094,0.486353134362196,0.832449857261714 
 02/08  18:00:00,1.76307301844307,11.1299923998400,0.000000000000000E+000,10.1000659474702,0.000000000000000E+000,0.278087992021399,0.278087992021399,0.278087992021399,0.354772225641034,7.729582883586360E-002,0.444963627674976,0.590841330580195,0.989230652317325 
 02/08  19:00:00,2.08279540357027,10.4115358619415,0.000000000000000E+000,9.23670624019961,0.000000000000000E+000,0.254316863334148,0.254316863334148,0.254316863334148,0.609025736216799,0.132691190744118,0.398174220058118,0.641475355527490,1.13064626581197 
 02/08  20:00:00,2.20810996941349,10.7544623267033,0.000000000000000E+000,9.55497994872765,0.000000000000000E+000,0.263079983988814,0.263079983988814,0.263079983988814,0.780498946566019,0.170050834366559,0.315239482993876,0.662128707808626,1.15387646635886 
 02/08  21:00:00,2.14637161635650,11.3893338415017,0.000000000000000E+000,10.2732600151922,0.000000000000000E+000,0.282856593610077,0.282856593610077,0.282856593610077,0.727283116899509,0.158456460951817,0.275771620076267,0.684891811129230,1.06890004417760 
 02/08  22:00:00,1.98314088318877,12.0650099513013,0.000000000000000E+000,11.0546230563450,0.000000000000000E+000,0.304370084738154,0.304370084738154,0.304370084738154,0.603112875541953,0.131402929055009,0.258240861123445,0.668902119040609,0.964314446259495 
 02/08  23:00:00,1.67747134613947,12.7641278626864,0.000000000000000E+000,11.9288420302405,0.000000000000000E+000,0.328440204705887,0.328440204705887,0.328440204705887,0.449378247217271,9.790805228712916E-002,0.205783766725856,0.578849061513729,0.795416032469653 
 02/08  24:00:00,1.39007511695750,13.4481714171509,0.000000000000000E+000,12.8013766584516,0.000000000000000E+000,0.352463949104225,0.352463949104225,0.352463949104225,0.313382200917121,6.827797879933933E-002,0.135829910826043,0.503009063621176,0.612148644390363 
 02/09  01:00:00,1.08585431528468,13.9576473647393,0.000000000000000E+000,13.5096525573836,0.000000000000000E+000,0.371965111131834,0.371965111131834,0.371965111131834,0.159647488999529,3.478312024422393E-002,8.628146833019194E-002,0.416065112889305,0.419337193599442 
 02/09  02:00:00,0.973367829665371,14.3699410950221,0.000000000000000E+000,14.0120735257300,0.000000000000000E+000,0.385798410732407,0.385798410732407,0.385798410732407,9.460593798332984E-002,2.061222345126557E-002,7.215287085224550E-002,0.383086372956525,0.331481455745500 
 02/09  03:00:00,0.930702020972099,14.7192345204068,0.000000000000000E+000,14.3862780490157,0.000000000000000E+000,0.396101490437733,0.396101490437733,0.396101490437733,6.504158445336204E-002,1.417090225678774E-002,5.963123831382165E-002,0.378644791820797,0.306876283798750 
 02/09  04:00:00,0.926967468827571,15.0411053718100,0.000000000000000E+000,14.7021532934140,0.000000000000000E+000,0.404798573496480,0.404798573496480,0.404798573496480,6.504158445336204E-002,1.417090225678774E-002,5.252950047341648E-002,0.373314894457924,0.313239001948679 
 02/09  05:00:00,0.930099765196172,15.3532806811152,0.000000000000000E+000,14.9452178770441,0.000000000000000E+000,0.411490939897330,0.411490939897330,0.411490939897330,6.504158445336204E-002,1.417090225678774E-002,6.307145054710674E-002,0.359212874351986,0.383321042528278 
 02/09  06:00:00,0.996086676864421,15.8184958701143,0.000000000000000E+000,15.1019795798587,0.000000000000000E+000,0.415807104503415,0.415807104503415,0.415807104503415,7.095445348749738E-002,1.545916758844918E-002,7.590124009602323E-002,0.400852697499435,0.688906472892340 
 02/09  07:00:00,1.18281648831868,16.0836912636557,0.000000000000000E+000,14.7914713614933,0.000000000000000E+000,0.407257793300846,0.407257793300846,0.407257793300846,0.135996046300150,2.963007348778983E-002,0.129674688612276,0.463145872928019,1.26031947329212 
 02/09  08:00:00,1.45722079626172,15.7790216769423,0.000000000000000E+000,14.3248832020216,0.000000000000000E+000,0.394411088631463,0.394411088631463,0.394411088631463,0.271992092600300,5.926014697557965E-002,0.207318252526134,0.492127189838642,1.42024187919951 
 02/09  09:00:00,1.37703738991198,15.2116918032041,0.000000000000000E+000,13.8019345165310,0.000000000000000E+000,0.380012593548890,0.380012593548890,0.380012593548890,0.242427705633169,5.281882031727245E-002,0.268601143833745,0.416065112889305,1.38109967291692 
 02/09  10:00:00,1.19407090451842,13.9529230352907,0.000000000000000E+000,12.6715140111627,0.000000000000000E+000,0.348888403854225,0.348888403854225,0.348888403854225,0.118257380682709,2.576527020769967E-002,0.329942780038288,0.354105056045902,1.25701907743237 
 02/09  11:00:00,1.19807515221252,14.1554208152468,0.000000000000000E+000,13.0214359067103,0.000000000000000E+000,0.358522903054849,0.358522903054849,0.358522903054849,9.460593798332984E-002,2.061222345126557E-002,0.344789053358086,0.362433020675390,1.10902135067693 
 02/09  12:00:00,1.16560385769889,12.2478290675252,0.000000000000000E+000,11.2481112414345,0.000000000000000E+000,0.309697450039653,0.309697450039653,0.309697450039653,9.460593798332984E-002,2.061222345126557E-002,0.361032172331260,0.362544060203783,0.974746620082222 
 02/09  13:00:00,1.10384899755030,10.4601569310096,0.000000000000000E+000,9.56398409789771,0.000000000000000E+000,0.263327897792109,0.263327897792109,0.263327897792109,9.460593798332984E-002,2.061222345126557E-002,0.351754038491839,0.356436886142159,0.871622275290315 
 02/09  14:00:00,1.04255935488008,8.96057355274341,0.000000000000000E+000,8.12511428551717,0.000000000000000E+000,0.223711085487498,0.223711085487498,0.223711085487498,9.460593798332984E-002,2.061222345126557E-002,0.317755820474586,0.368762273793802,0.810059764881891 
 02/09  15:00:00,1.01531805877677,7.81168691135603,0.000000000000000E+000,7.03543626450598,0.000000000000000E+000,0.193708670217253,0.193708670217253,0.193708670217253,0.100518798658175,2.190048514037410E-002,0.292551425468039,0.389526665603330,0.749420940669984 
 02/09  16:00:00,1.05020570874104,7.14652814131658,0.000000000000000E+000,6.36030283623609,0.000000000000000E+000,0.175120029272674,0.175120029272674,0.175120029272674,0.118257380682709,2.576527020769967E-002,0.302771641248355,0.411179373640002,0.757904209873875 
 02/09  17:00:00,1.24966093466876,7.01598294975037,0.000000000000000E+000,6.15025832228158,0.000000000000000E+000,0.169336813853635,0.169336813853635,0.169336813853635,0.183299015291815,3.993618521342261E-002,0.353623772258094,0.486353134362196,0.832225735487984 
 02/09  18:00:00,1.65097584939246,7.05915939307814,0.000000000000000E+000,6.02873301537914,0.000000000000000E+000,0.165990822970798,0.165990822970798,0.165990822970798,0.354772225641034,7.729582883586360E-002,0.444963627674976,0.590841330580195,0.989730577646523 
 02/09  19:00:00,1.99365415642334,7.17689766915282,0.000000000000000E+000,5.99912496860527,0.000000000000000E+000,0.165175616187214,0.165175616187214,0.165175616187214,0.609025736216799,0.132691190744118,0.398174220058118,0.641475355527490,1.13358934461760 
 02/09  20:00:00,2.11606389804911,7.41383093727217,0.000000000000000E+000,6.21189640086184,0.000000000000000E+000,0.171033912624434,0.171033912624434,0.171033912624434,0.780498946566019,0.170050834366559,0.315239482993876,0.662128707808626,1.15632862479353 
 02/09  21:00:00,2.04570261796107,7.73533694484622,0.000000000000000E+000,6.61699454587510,0.000000000000000E+000,0.182187595214650,0.182187595214650,0.182187595214650,0.727283116899509,0.158456460951817,0.275771620076267,0.684891811129230,1.07116861683926 
 02/09  22:00:00,1.87183596196813,8.02501059272937,0.000000000000000E+000,7.01206430925621,0.000000000000000E+000,0.193065163517512,0.193065163517512,0.193065163517512,0.603112875541953,0.131402929055009,0.258240861123445,0.668902119040609,0.966873834776266 
 02/09  23:00:00,1.55598177282251,8.35430836043365,0.000000000000000E+000,7.51638001233028,0.000000000000000E+000,0.206950631388924,0.206950631388924,0.206950631388924,0.449378247217271,9.790805228712916E-002,0.205783766725856,0.578849061513729,0.798058548127131 
 02/09  24:00:00,1.25894025488960,8.68808335331879,0.000000000000000E+000,8.03860087201525,0.000000000000000E+000,0.221329087036320,0.221329087036320,0.221329087036320,0.313382200917121,6.827797879933933E-002,0.135829910826043,0.503009063621176,0.614836366994614 
 02/10  01:00:00,0.951251138080532,9.07152361836187,0.000000000000000E+000,8.62090868671585,0.000000000000000E+000,0.237361933927683,0.237361933927683,0.237361933927683,0.159647488999529,3.478312024422393E-002,8.628146833019194E-002,0.416065112889305,0.421957317889843 
 02/10  02:00:00,0.837205943643422,9.42723304294726,0.000000000000000E+000,9.06671785482501,0.000000000000000E+000,0.249636524710455,0.249636524710455,0.249636524710455,9.460593798332984E-002,2.061222345126557E-002,7.215287085224550E-002,0.383086372956525,0.334129074575721 
 02/10  03:00:00,0.794467088779743,9.77410890621615,0.000000000000000E+000,9.43826936482179,0.000000000000000E+000,0.259866558245375,0.259866558245375,0.259866558245375,6.504158445336204E-002,1.417090225678774E-002,5.963123831382165E-002,0.378644791820797,0.309759353802001 
 02/10  04:00:00,0.790180280978927,10.0761580118558,0.000000000000000E+000,9.73408686236162,0.000000000000000E+000,0.268011385647839,0.268011385647839,0.268011385647839,6.504158445336204E-002,1.417090225678774E-002,5.252950047341648E-002,0.373314894457924,0.316358073046762 
 02/10  05:00:00,0.793208649911973,10.3846059537922,0.000000000000000E+000,9.97337683513828,0.000000000000000E+000,0.274599824613130,0.274599824613130,0.274599824613130,6.504158445336204E-002,1.417090225678774E-002,6.307145054710674E-002,0.359212874351986,0.386487357111027 
 02/10  06:00:00,0.859056366181779,10.8446870053734,0.000000000000000E+000,10.1250830060920,0.000000000000000E+000,0.278776793820773,0.278776793820773,0.278776793820773,7.095445348749738E-002,1.545916758844918E-002,7.590124009602323E-002,0.400852697499435,0.691994181918244 
 02/10  07:00:00,1.04605151740515,11.1196691865333,0.000000000000000E+000,9.82421184234010,0.000000000000000E+000,0.270492822387315,0.270492822387315,0.270492822387315,0.135996046300150,2.963007348778983E-002,0.129674688612276,0.463145872928019,1.26355691532287 
 02/10  08:00:00,1.32198019714241,10.8704349594701,0.000000000000000E+000,9.41298837351242,0.000000000000000E+000,0.259170489512151,0.259170489512151,0.259170489512151,0.271992092600300,5.926014697557965E-002,0.207318252526134,0.492127189838642,1.42354999023651 
 02/10  09:00:00,1.24792873425717,10.5258271112714,0.000000000000000E+000,9.11274989182255,0.000000000000000E+000,0.250903937894080,0.250903937894080,0.250903937894080,0.242427705633169,5.281882031727245E-002,0.268601143833745,0.416065112889305,1.38441960569267 
 02/10  10:00:00,1.06817648342029,9.38368664277392,0.000000000000000E+000,8.09906934619526,0.000000000000000E+000,0.222993982756088,0.222993982756088,0.222993982756088,0.118257380682709,2.576527020769967E-002,0.329942780038288,0.354105056045902,1.26022734988303 
 02/10  11:00:00,1.06076713305161,9.17162531410594,0.000000000000000E+000,8.03445305081283,0.000000000000000E+000,0.221214883893940,0.221214883893940,0.221214883893940,9.460593798332984E-002,2.061222345126557E-002,0.344789053358086,0.362433020675390,1.11220870543344 
 02/10  12:00:00,1.01869535594937,6.91565690207776,0.000000000000000E+000,5.91244196233801,0.000000000000000E+000,0.162788948290132,0.162788948290132,0.162788948290132,9.460593798332984E-002,2.061222345126557E-002,0.361032172331260,0.362544060203783,0.978243733731253 
 02/10  13:00:00,0.968601805858066,5.55197562931714,0.000000000000000E+000,4.65184982927172,0.000000000000000E+000,0.128080706099873,0.128080706099873,0.128080706099873,9.460593798332984E-002,2.061222345126557E-002,0.351754038491839,0.356436886142159,0.875575242223875 
 02/10  14:00:00,0.920792239777744,4.54231653607449,0.000000000000000E+000,3.70257203970837,0.000000000000000E+000,0.101943970385162,0.101943970385162,0.101943970385162,9.460593798332984E-002,2.061222345126557E-002,0.317755820474586,0.368762273793802,0.814344994021766 
 02/10  15:00:00,0.901898411873722,3.69654414269156,0.000000000000000E+000,2.91607136445156,0.000000000000000E+000,8.028902331420448E-002,8.028902331420448E-002,8.028902331420448E-002,0.100518798658175,2.190048514037410E-002,0.292551425468039,0.389526665603330,0.753643072059948 
 02/10  16:00:00,0.950921750665656,3.54431044888776,0.000000000000000E+000,2.75434158347522,0.000000000000000E+000,7.583607119728954E-002,7.583607119728954E-002,7.583607119728954E-002,0.118257380682709,2.576527020769967E-002,0.302771641248355,0.411179373640002,0.761647770205934 
 02/10  17:00:00,1.15753178924591,3.67439135186712,0.000000000000000E+000,2.80415755147502,0.000000000000000E+000,7.720766843078478E-002,7.720766843078478E-002,7.720766843078478E-002,0.183299015291815,3.993618521342261E-002,0.353623772258094,0.486353134362196,0.836734908411283 
 02/10  18:00:00,1.58582219316814,4.69677620339721,0.000000000000000E+000,3.66237328944823,0.000000000000000E+000,0.100837166746478,0.100837166746478,0.100837166746478,0.354772225641034,7.729582883586360E-002,0.444963627674976,0.590841330580195,0.993707113896477 
 02/10  19:00:00,1.91459940970020,4.30868012636945,0.000000000000000E+000,3.12788213082456,0.000000000000000E+000,8.612086946407434E-002,8.612086946407434E-002,8.612086946407434E-002,0.609025736216799,0.132691190744118,0.398174220058118,0.641475355527490,1.13661463961495 
 02/10  20:00:00,2.03541112063922,4.48794214756982,0.000000000000000E+000,3.28261360527856,0.000000000000000E+000,9.038113521453699E-002,9.038113521453699E-002,9.038113521453699E-002,0.780498946566019,0.170050834366559,0.315239482993876,0.662128707808626,1.15972263067447 
 02/10  21:00:00,1.96606113347658,4.84647831513652,0.000000000000000E+000,3.72444158233002,0.000000000000000E+000,0.102546110730157,0.102546110730157,0.102546110730157,0.727283116899509,0.158456460951817,0.275771620076267,0.684891811129230,1.07486295067462 
 02/10  22:00:00,1.79234376126201,5.14136954206106,0.000000000000000E+000,4.12493328426899,0.000000000000000E+000,0.113572962811388,0.113572962811388,0.113572962811388,0.603112875541953,0.131402929055009,0.258240861123445,0.668902119040609,0.970363809095184 
 02/10  23:00:00,1.47569100626500,5.44148818118476,0.000000000000000E+000,4.60024533384566,0.000000000000000E+000,0.126659864831415,0.126659864831415,0.126659864831415,0.449378247217271,9.790805228712916E-002,0.205783766725856,0.578849061513729,0.801373047362867 
 02/10  24:00:00,1.17721447269065,5.72335193777092,0.000000000000000E+000,5.07034688946124,0.000000000000000E+000,0.139603304837371,0.139603304837371,0.139603304837371,0.313382200917121,6.827797879933933E-002,0.135829910826043,0.503009063621176,0.618358934000760 
 02/11  01:00:00,0.875100152086511,6.08712528021847,0.000000000000000E+000,5.61637526497301,0.000000000000000E+000,0.154637259597915,0.154637259597915,0.154637259597915,0.159647488999529,3.478312024422393E-002,9.285515666593923E-002,0.416065112889305,0.442092401489272 
 02/11  02:00:00,0.758430757468951,6.43489623512845,0.000000000000000E+000,6.06227381298578,0.000000000000000E+000,0.166914311303026,0.166914311303026,0.166914311303026,9.460593798332984E-002,2.061222345126557E-002,7.609989808520642E-002,0.383086372956525,0.346236308596150 
 02/11  03:00:00,0.713470041386815,6.74678412614651,0.000000000000000E+000,6.40164338360178,0.000000000000000E+000,0.176258270336225,0.176258270336225,0.176258270336225,6.504158445336204E-002,1.417090225678774E-002,6.224247883004267E-002,0.378644791820797,0.319060554952362 
 02/11  04:00:00,0.709110000871852,7.09210945463886,0.000000000000000E+000,6.74004942613992,0.000000000000000E+000,0.185575700276464,0.185575700276464,0.185575700276464,6.504158445336204E-002,1.417090225678774E-002,5.389490573771482E-002,0.373314894457924,0.326346952051572 
 02/11  05:00:00,0.715267585303269,7.47417872001094,0.000000000000000E+000,7.04556698581325,0.000000000000000E+000,0.193987602252026,0.193987602252026,0.193987602252026,6.504158445336204E-002,1.417090225678774E-002,6.574260829950677E-002,0.359212874351986,0.403869972654795 
 02/11  06:00:00,0.784166505389336,8.02050689927380,0.000000000000000E+000,7.25631680899233,0.000000000000000E+000,0.199790237150803,0.199790237150803,0.199790237150803,7.095445348749738E-002,1.545916758844918E-002,7.999793597354952E-002,0.400852697499435,0.736580272918294 
 02/11  07:00:00,0.979990731978097,8.43306095723315,0.000000000000000E+000,7.03899000049788,0.000000000000000E+000,0.193806516242349,0.193806516242349,0.193806516242349,0.135996046300150,2.963007348778983E-002,0.140300209330190,0.463145872928019,1.36217052786496 
 02/11  08:00:00,1.27079306560085,8.36268699884008,0.000000000000000E+000,6.78531387080973,0.000000000000000E+000,0.186821979121935,0.186821979121935,0.186821979121935,0.271992092600300,5.926014697557965E-002,0.228479631374793,0.492127189838642,1.54347653230912 
 02/11  09:00:00,1.21895646530017,8.42113636591301,0.000000000000000E+000,6.88237322985568,0.000000000000000E+000,0.189494342095043,0.189494342095043,0.189494342095043,0.242427705633169,5.281882031727245E-002,0.301038470675778,0.416065112889305,1.51010552230115 
 02/11  10:00:00,1.07119018533638,7.97404119401630,0.000000000000000E+000,6.57301123466078,0.000000000000000E+000,0.180976590181450,0.180976590181450,0.180976590181450,0.118257380682709,2.576527020769967E-002,0.374973874529018,0.354105056045902,1.37664001265991 
 02/11  11:00:00,1.07832137712614,8.06016358868752,0.000000000000000E+000,6.82275505636082,0.000000000000000E+000,0.187852857946187,0.187852857946187,0.187852857946187,9.460593798332984E-002,2.061222345126557E-002,0.395705323380369,0.362433020675390,1.21244497446704 
 02/11  12:00:00,1.05768411432986,6.50893684381750,0.000000000000000E+000,5.42212476125778,0.000000000000000E+000,0.149288905160601,0.149288905160601,0.149288905160601,9.460593798332984E-002,2.061222345126557E-002,0.413520973841281,0.362544060203783,1.06184087655121 
 02/11  13:00:00,1.02094825342395,5.78911006149523,0.000000000000000E+000,4.81659236772106,0.000000000000000E+000,0.132616609326264,0.132616609326264,0.132616609326264,9.460593798332984E-002,2.061222345126557E-002,0.399564582831336,0.356436886142159,0.947967135952616 
 02/11  14:00:00,0.979447169290372,5.15197963430541,0.000000000000000E+000,4.24979560014643,0.000000000000000E+000,0.117010832512645,0.117010832512645,0.117010832512645,9.460593798332984E-002,2.061222345126557E-002,0.361343887859729,0.368762273793802,0.876784531814634 
 02/11  15:00:00,0.968403250921245,4.74690653735830,0.000000000000000E+000,3.91047634705083,0.000000000000000E+000,0.107668258886064,0.107668258886064,0.107668258886064,0.100518798658175,2.190048514037410E-002,0.331677028943703,0.389526665603330,0.809600484127430 
 02/11  16:00:00,1.00921996794261,4.37111561423153,0.000000000000000E+000,3.52574299615678,0.000000000000000E+000,9.707528597180441E-002,9.707528597180441E-002,9.707528597180441E-002,0.118257380682709,2.576527020769967E-002,0.339830643750797,0.411179373640002,0.817051522868170 
 02/11  17:00:00,1.21684767451039,4.59154358205404,0.000000000000000E+000,3.65396306759745,0.000000000000000E+000,0.100605605713202,0.100605605713202,0.100605605713202,0.183299015291815,3.993618521342261E-002,0.389541720240152,0.486353134362196,0.904081622475791 
 02/11  18:00:00,1.64824348215300,5.76075692966550,0.000000000000000E+000,4.64552261961779,0.000000000000000E+000,0.127906497234613,0.127906497234613,0.127906497234613,0.354772225641034,7.729582883586360E-002,0.480315586171698,0.590841330580195,1.07453850999522 
 02/11  19:00:00,1.97497256997846,5.35927198740391,0.000000000000000E+000,4.07447522712130,0.000000000000000E+000,0.112183686754531,0.112183686754531,0.112183686754531,0.609025736216799,0.132691190744118,0.432484563045918,0.641475355527490,1.24061340435268 
 02/11  20:00:00,2.09211004267666,5.41938647748452,0.000000000000000E+000,4.09814072556512,0.000000000000000E+000,0.112835275662629,0.112835275662629,0.112835275662629,0.780498946566019,0.170050834366559,0.349484264583227,0.662128707808626,1.27563984030261 
 02/11  21:00:00,2.01820684833320,5.58475797695695,0.000000000000000E+000,4.35242029185695,0.000000000000000E+000,0.119836427374899,0.119836427374899,0.119836427374899,0.727283116899509,0.158456460951817,0.310627018288144,0.684891811129230,1.18516390296810 
 02/11  22:00:00,1.84899557014553,5.99875387561126,0.000000000000000E+000,4.88927807997475,0.000000000000000E+000,0.134617885741130,0.134617885741130,0.134617885741130,0.603112875541953,0.131402929055009,0.293847747077229,0.668902119040609,1.06340334693963 
 02/11  23:00:00,1.53213539682020,6.53700703303011,0.000000000000000E+000,5.62268621665404,0.000000000000000E+000,0.154811020827777,0.154811020827777,0.154811020827777,0.449378247217271,9.790805228712916E-002,0.234077001284697,0.578849061513729,0.874451016399817 
 02/11  24:00:00,1.23119952776165,7.16470345501182,0.000000000000000E+000,6.46684562237908,0.000000000000000E+000,0.178053502144729,0.178053502144729,0.178053502144729,0.313382200917121,6.827797879933933E-002,0.151364768589688,0.503009063621176,0.663211718323820 
 02/12  01:00:00,0.922939379572532,7.82441992621060,0.000000000000000E+000,7.35388053793597,0.000000000000000E+000,0.202476487083938,0.202476487083938,0.202476487083938,0.159647488999529,3.478312024422393E-002,9.285515666593923E-002,0.416065112889305,0.441881774518448 
 02/12  02:00:00,0.815839799712668,8.51937365083938,0.000000000000000E+000,8.14735166344542,0.000000000000000E+000,0.224323353546741,0.224323353546741,0.224323353546741,9.460593798332984E-002,2.061222345126557E-002,7.609989808520642E-002,0.383086372956525,0.345635873847464 
 02/12  03:00:00,0.782853366950031,9.26561657049260,0.000000000000000E+000,8.92162333221235,0.000000000000000E+000,0.245641595899444,0.245641595899444,0.245641595899444,6.504158445336204E-002,1.417090225678774E-002,6.224247883004267E-002,0.378644791820797,0.317913050687915 
 02/12  04:00:00,0.784991871569175,9.84666984977966,0.000000000000000E+000,9.49605443264666,0.000000000000000E+000,0.261457570973789,0.261457570973789,0.261457570973789,6.504158445336204E-002,1.417090225678774E-002,5.389490573771482E-002,0.373314894457924,0.324902340685628 
 02/12  05:00:00,0.798104421651443,10.4809326598837,0.000000000000000E+000,10.0541740957958,0.000000000000000E+000,0.276824438600200,0.276824438600200,0.276824438600200,6.504158445336204E-002,1.417090225678774E-002,6.574260829950677E-002,0.359212874351986,0.402016802545057 
 02/12  06:00:00,0.872878349321724,11.2407768514014,0.000000000000000E+000,10.4783022946866,0.000000000000000E+000,0.288502081083191,0.288502081083191,0.288502081083191,7.095445348749738E-002,1.545916758844918E-002,7.999793597354952E-002,0.400852697499435,0.734864739351638 
 02/12  07:00:00,1.08326991892249,12.1820284630804,0.000000000000000E+000,10.7900566738809,0.000000000000000E+000,0.297085703186742,0.297085703186742,0.297085703186742,0.135996046300150,2.963007348778983E-002,0.140300209330190,0.463145872928019,1.36007136032914 
 02/12  08:00:00,1.36520405149347,11.7897987693598,0.000000000000000E+000,10.2142903496207,0.000000000000000E+000,0.281232965014556,0.281232965014556,0.281232965014556,0.271992092600300,5.926014697557965E-002,0.228479631374793,0.492127189838642,1.54161182401789 
 02/12  09:00:00,1.30872673314284,11.6798365477781,0.000000000000000E+000,10.1428003297189,0.000000000000000E+000,0.279264609937720,0.279264609937720,0.279264609937720,0.242427705633169,5.281882031727245E-002,0.301038470675778,0.416065112889305,1.50837860430303 
 02/12  10:00:00,1.16047960096169,11.2156377254031,0.000000000000000E+000,9.81597393747812,0.000000000000000E+000,0.270266005806766,0.270266005806766,0.270266005806766,0.118257380682709,2.576527020769967E-002,0.374973874529018,0.354105056045902,1.37527384122937 
 02/12  11:00:00,1.17312061267656,11.5018795233018,0.000000000000000E+000,10.2658326371982,0.000000000000000E+000,0.282652093496602,0.282652093496602,0.282652093496602,9.460593798332984E-002,2.061222345126557E-002,0.395705323380369,0.362433020675390,1.21108332824394 
 02/12  12:00:00,1.14129428743735,9.54421927037647,0.000000000000000E+000,8.45881921227179,0.000000000000000E+000,0.232899078268088,0.232899078268088,0.232899078268088,9.460593798332984E-002,2.061222345126557E-002,0.413520973841281,0.362544060203783,1.06042885209618 
 02/12  13:00:00,1.09889647002929,8.61883318726903,0.000000000000000E+000,7.64764638943177,0.000000000000000E+000,0.210564825931606,0.210564825931606,0.210564825931606,9.460593798332984E-002,2.061222345126557E-002,0.399564582831336,0.356436886142159,0.946636240015703 
 02/12  14:00:00,1.05052603927581,7.73211345545170,0.000000000000000E+000,6.83135717389951,0.000000000000000E+000,0.188089702498085,0.188089702498085,0.188089702498085,9.460593798332984E-002,2.061222345126557E-002,0.361343887859729,0.368762273793802,0.875356779207858 
 02/12  15:00:00,1.03165029500369,7.04302679238837,0.000000000000000E+000,6.20758853651219,0.000000000000000E+000,0.170915302968504,0.170915302968504,0.170915302968504,0.100518798658175,2.190048514037410E-002,0.331677028943703,0.389526665603330,0.808608549696139 
 02/12  16:00:00,1.07892400182527,6.90157778352959,0.000000000000000E+000,6.05737096722495,0.000000000000000E+000,0.166779319854464,0.166779319854464,0.166779319854464,0.118257380682709,2.576527020769967E-002,0.339830643750797,0.411179373640002,0.815885721098049 
 02/12  17:00:00,1.28828479838006,7.18475960111583,0.000000000000000E+000,6.24853630658046,0.000000000000000E+000,0.172042729582871,0.172042729582871,0.172042729582871,0.183299015291815,3.993618521342261E-002,0.389541720240152,0.486353134362196,0.902724402554561 
 02/12  18:00:00,1.73675826597182,8.97414001854674,0.000000000000000E+000,7.86035094570848,0.000000000000000E+000,0.216421281053427,0.216421281053427,0.216421281053427,0.354772225641034,7.729582883586360E-002,0.480315586171698,0.590841330580195,1.07309327278578 
 02/12  19:00:00,2.05766184214222,8.36049204860084,0.000000000000000E+000,7.07772285364228,0.000000000000000E+000,0.194872958918288,0.194872958918288,0.194872958918288,0.609025736216799,0.132691190744118,0.432484563045918,0.641475355527490,1.23858583902863 
 02/12  20:00:00,2.18024633856940,8.61857649399718,0.000000000000000E+000,7.29922249256888,0.000000000000000E+000,0.200971571555366,0.200971571555366,0.200971571555366,0.780498946566019,0.170050834366559,0.349484264583227,0.662128707808626,1.27374808981151 
 02/12  21:00:00,2.11563807120843,9.12167878321235,0.000000000000000E+000,7.89109080125012,0.000000000000000E+000,0.217267650250129,0.217267650250129,0.217267650250129,0.727283116899509,0.158456460951817,0.310627018288144,0.684891811129230,1.18341419983038 
 02/12  22:00:00,1.94939479553092,9.64297170195439,0.000000000000000E+000,8.53574548080131,0.000000000000000E+000,0.235017111126520,0.235017111126520,0.235017111126520,0.603112875541953,0.131402929055009,0.293847747077229,0.668902119040609,1.06115377245618 
 02/12  23:00:00,1.63308881473365,10.2011382987423,0.000000000000000E+000,9.28928171089551,0.000000000000000E+000,0.255764438741223,0.255764438741223,0.255764438741223,0.449378247217271,9.790805228712916E-002,0.234077001284697,0.578849061513729,0.871986787870525 
 02/12  24:00:00,1.32971541226751,10.7404186538133,0.000000000000000E+000,10.0449106914595,0.000000000000000E+000,0.276569386650583,0.276569386650583,0.276569386650583,0.313382200917121,6.827797879933933E-002,0.151364768589688,0.503009063621176,0.660861848044875 
 02/13  01:00:00,1.00905906464615,11.1716213042796,0.000000000000000E+000,10.7204738867636,0.000000000000000E+000,0.295169860493305,0.295169860493305,0.295169860493305,0.159647488999529,3.478312024422393E-002,8.628146833019194E-002,0.416065112889305,0.422489803759831 
 02/13  02:00:00,0.896216207441834,11.5709006570773,0.000000000000000E+000,11.2099515543790,0.000000000000000E+000,0.308646788508869,0.308646788508869,0.308646788508869,9.460593798332984E-002,2.061222345126557E-002,7.215287085224550E-002,0.383086372956525,0.334562989151763 
 02/13  03:00:00,0.853566411565197,11.9204294556101,0.000000000000000E+000,11.5847376579870,0.000000000000000E+000,0.318965881030828,0.318965881030828,0.318965881030828,6.504158445336204E-002,1.417090225678774E-002,5.963123831382165E-002,0.378644791820797,0.309611610030712 
 02/13  04:00:00,0.846114363841430,12.1077299451298,0.000000000000000E+000,11.7655946650396,0.000000000000000E+000,0.323945468510340,0.323945468510340,0.323945468510340,6.504158445336204E-002,1.417090225678774E-002,5.252950047341648E-002,0.373314894457924,0.316422203642846 
 02/13  05:00:00,0.845377240331348,12.2792739888870,0.000000000000000E+000,11.8681231698944,0.000000000000000E+000,0.326768415032503,0.326768415032503,0.326768415032503,6.504158445336204E-002,1.417090225678774E-002,6.307145054710674E-002,0.359212874351986,0.386409057449671 
 02/13  06:00:00,0.905939333921293,12.5477103740163,0.000000000000000E+000,11.8278572342786,0.000000000000000E+000,0.325659761560290,0.325659761560290,0.325659761560290,7.095445348749738E-002,1.545916758844918E-002,7.590124009602323E-002,0.400852697499435,0.692243322374537 
 02/13  07:00:00,1.11472258248463,13.6141547349701,0.000000000000000E+000,12.3183227204985,0.000000000000000E+000,0.339163887466798,0.339163887466798,0.339163887466798,0.135996046300150,2.963007348778983E-002,0.129674688612276,0.463145872928019,1.26393158560128 
 02/13  08:00:00,1.38162009244003,13.0368589515963,0.000000000000000E+000,11.5790900855195,0.000000000000000E+000,0.318810384809770,0.318810384809770,0.318810384809770,0.271992092600300,5.926014697557965E-002,0.207318252526134,0.492127189838642,1.42387227035559 
 02/13  09:00:00,1.31025555415620,12.7898057511361,0.000000000000000E+000,11.3764398365069,0.000000000000000E+000,0.313230757793111,0.313230757793111,0.313230757793111,0.242427705633169,5.281882031727245E-002,0.268601143833745,0.416065112889305,1.38470830087295 
 02/13  10:00:00,1.13488770237187,11.8068273142997,0.000000000000000E+000,10.5219992467257,0.000000000000000E+000,0.289705201707673,0.289705201707673,0.289705201707673,0.118257380682709,2.576527020769967E-002,0.329942780038288,0.354105056045902,1.26043812087834 
 02/13  11:00:00,1.12858213457553,11.6346244782053,0.000000000000000E+000,10.4974719774506,0.000000000000000E+000,0.289029885417862,0.289029885417862,0.289029885417862,9.460593798332984E-002,2.061222345126557E-002,0.344789053358086,0.362433020675390,1.11218894289505 
 02/13  12:00:00,1.08571352306741,9.34960465269446,0.000000000000000E+000,8.34652012101909,0.000000000000000E+000,0.229807115408171,0.229807115408171,0.229807115408171,9.460593798332984E-002,2.061222345126557E-002,0.361032172331260,0.362544060203783,0.978113325666854 
 02/13  13:00:00,1.04527730523025,8.33662101350228,0.000000000000000E+000,7.43667917262099,0.000000000000000E+000,0.204756205472058,0.204756205472058,0.204756205472058,9.460593798332984E-002,2.061222345126557E-002,0.351754038491839,0.356436886142159,0.875391283059741 
 02/13  14:00:00,1.01080207042483,7.81066284985459,0.000000000000000E+000,6.97169998316225,0.000000000000000E+000,0.191953801032242,0.191953801032242,0.191953801032242,9.460593798332984E-002,2.061222345126557E-002,0.317755820474586,0.368762273793802,0.813563364348001 
 02/13  15:00:00,1.01125731093520,7.66690332741528,0.000000000000000E+000,6.88795121598656,0.000000000000000E+000,0.189647922375679,0.189647922375679,0.189647922375679,0.100518798658175,2.190048514037410E-002,0.292551425468039,0.389526665603330,0.752122405248662 
 02/13  16:00:00,1.06432181790501,7.66116327840886,0.000000000000000E+000,6.87299535647541,0.000000000000000E+000,0.189236138436640,0.189236138436640,0.189236138436640,0.118257380682709,2.576527020769967E-002,0.302771641248355,0.411179373640002,0.759846826726825 
 02/13  17:00:00,1.26446295714667,7.55522423316255,0.000000000000000E+000,6.68786299228570,0.000000000000000E+000,0.184138836331539,0.184138836331539,0.184138836331539,0.183299015291815,3.993618521342261E-002,0.353623772258094,0.486353134362196,0.833862348896051 
 02/13  18:00:00,1.69817866512965,8.77485775216028,0.000000000000000E+000,7.74312401941468,0.000000000000000E+000,0.213193638707978,0.213193638707978,0.213193638707978,0.354772225641034,7.729582883586360E-002,0.444963627674976,0.590841330580195,0.991037932693109 
 02/13  19:00:00,2.00835866669435,7.71130050146341,0.000000000000000E+000,6.53318802678671,0.000000000000000E+000,0.179880126458228,0.179880126458228,0.179880126458228,0.609025736216799,0.132691190744118,0.398174220058118,0.641475355527490,1.13392911874676 
 02/13  20:00:00,2.11918173722900,7.52760152066604,0.000000000000000E+000,6.32513531168851,0.000000000000000E+000,0.174151751804322,0.174151751804322,0.174151751804322,0.780498946566019,0.170050834366559,0.315239482993876,0.662128707808626,1.15686029736074 
 02/13  21:00:00,2.04115773695065,7.57136811091325,0.000000000000000E+000,6.45192593721270,0.000000000000000E+000,0.177642714204225,0.177642714204225,0.177642714204225,0.727283116899509,0.158456460951817,0.275771620076267,0.684891811129230,1.07226839156870 
 02/13  22:00:00,1.86120473392548,7.64045275252542,0.000000000000000E+000,6.62594154446916,0.000000000000000E+000,0.182433935474861,0.182433935474861,0.182433935474861,0.603112875541953,0.131402929055009,0.258240861123445,0.668902119040609,0.968438759359363 
 02/13  23:00:00,1.53909352859843,7.74246642288929,0.000000000000000E+000,6.90300444310730,0.000000000000000E+000,0.190062387164842,0.190062387164842,0.190062387164842,0.449378247217271,9.790805228712916E-002,0.205783766725856,0.578849061513729,0.799592179805740 
 02/13  24:00:00,1.23714132360408,7.89809230653268,0.000000000000000E+000,7.24687073664453,0.000000000000000E+000,0.199530155750805,0.199530155750805,0.199530155750805,0.313382200917121,6.827797879933933E-002,0.135829910826043,0.503009063621176,0.616575455579253 
 02/14  01:00:00,0.920376293594049,7.95213349394137,0.000000000000000E+000,7.49954431868029,0.000000000000000E+000,0.206487089441201,0.206487089441201,0.206487089441201,0.159647488999529,3.478312024422393E-002,8.628146833019194E-002,0.416065112889305,0.423931561504903 
 02/14  02:00:00,0.796300543222375,7.94326714350269,0.000000000000000E+000,7.58104693873445,0.000000000000000E+000,0.208731124289411,0.208731124289411,0.208731124289411,9.460593798332984E-002,2.061222345126557E-002,7.215287085224550E-002,0.383086372956525,0.335834091221711 
 02/14  03:00:00,0.742061193450435,7.87225141229437,0.000000000000000E+000,7.53490419247195,0.000000000000000E+000,0.207460662916067,0.207460662916067,0.207460662916067,6.504158445336204E-002,1.417090225678774E-002,5.963123831382165E-002,0.378644791820797,0.311267032230065 
 02/14  04:00:00,0.732478936592883,7.98218658406955,0.000000000000000E+000,7.63839269261154,0.000000000000000E+000,0.210310041261793,0.210310041261793,0.210310041261793,6.504158445336204E-002,1.417090225678774E-002,5.252950047341648E-002,0.373314894457924,0.318080815010640 
 02/14  05:00:00,0.733523878770947,8.21901412642682,0.000000000000000E+000,7.80564524700976,0.000000000000000E+000,0.214915053472104,0.214915053472104,0.214915053472104,6.504158445336204E-002,1.417090225678774E-002,6.307145054710674E-002,0.359212874351986,0.388627117874159 
 02/14  06:00:00,0.797520272691424,8.61234336603243,0.000000000000000E+000,7.89011198888079,0.000000000000000E+000,0.217240700330418,0.217240700330418,0.217240700330418,7.095445348749738E-002,1.545916758844918E-002,7.590124009602323E-002,0.400852697499435,0.694621559788481 
 02/14  07:00:00,0.986360569807174,8.95467687221185,0.000000000000000E+000,7.65625592729242,0.000000000000000E+000,0.210801874789341,0.210801874789341,0.210801874789341,0.135996046300150,2.963007348778983E-002,0.129674688612276,0.463145872928019,1.26652051604912 
 02/14  08:00:00,1.28172613468338,9.41157906687031,0.000000000000000E+000,7.95097384158515,0.000000000000000E+000,0.218916427053124,0.218916427053124,0.218916427053124,0.271992092600300,5.926014697557965E-002,0.207318252526134,0.492127189838642,1.42670862956395 
 02/14  09:00:00,1.20003490973495,8.78932192187558,0.000000000000000E+000,7.37326167215951,0.000000000000000E+000,0.203010113371861,0.203010113371861,0.203010113371861,0.242427705633169,5.281882031727245E-002,0.268601143833745,0.416065112889305,1.38740263595989 
 02/14  10:00:00,1.03042171038978,8.01548797057708,0.000000000000000E+000,6.72782819813959,0.000000000000000E+000,0.185239209725578,0.185239209725578,0.185239209725578,0.118257380682709,2.576527020769967E-002,0.329942780038288,0.354105056045902,1.26326982574190 
 02/14  11:00:00,1.02042650832416,7.70935598846100,0.000000000000000E+000,6.56929460528712,0.000000000000000E+000,0.180874259166485,0.180874259166485,0.180874259166485,9.460593798332984E-002,2.061222345126557E-002,0.344789053358086,0.362433020675390,1.11509782531420 
 02/14  12:00:00,0.989336898110658,5.85237259865756,0.000000000000000E+000,4.84615226700946,0.000000000000000E+000,0.133430490451419,0.133430490451419,0.133430490451419,9.460593798332984E-002,2.061222345126557E-002,0.361032172331260,0.362544060203783,0.981249125639578 
 02/14  13:00:00,0.943348127105740,4.63779502011566,0.000000000000000E+000,3.73464438303626,0.000000000000000E+000,0.102827027347548,0.102827027347548,0.102827027347548,9.460593798332984E-002,2.061222345126557E-002,0.351754038491839,0.356436886142159,0.878600079257851 
 02/14  14:00:00,0.899265420297525,3.76325100845484,0.000000000000000E+000,2.92072491711573,0.000000000000000E+000,8.041715090494315E-002,8.041715090494315E-002,8.041715090494315E-002,9.460593798332984E-002,2.061222345126557E-002,0.317755820474586,0.368762273793802,0.817126588994770 
 02/14  15:00:00,0.884347940174833,3.06170271092343,0.000000000000000E+000,2.27864390748196,0.000000000000000E+000,6.273855161531641E-002,6.273855161531641E-002,6.273855161531641E-002,0.100518798658175,2.190048514037410E-002,0.292551425468039,0.389526665603330,0.756229097261422 
 02/14  16:00:00,0.936658897803313,3.02857898891806,0.000000000000000E+000,2.23631937956195,0.000000000000000E+000,6.157321833494526E-002,6.157321833494526E-002,6.157321833494526E-002,0.118257380682709,2.576527020769967E-002,0.302771641248355,0.411179373640002,0.763938514149503 
 02/14  17:00:00,1.14863943327007,3.35350450532665,0.000000000000000E+000,2.48119005787130,0.000000000000000E+000,6.831531245493680E-002,6.831531245493680E-002,6.831531245493680E-002,0.183299015291815,3.993618521342261E-002,0.353623772258094,0.486353134362196,0.838815555474552 
 02/14  18:00:00,1.58145470670339,4.54036802954766,0.000000000000000E+000,3.50374759332203,0.000000000000000E+000,9.646968028171998E-002,9.646968028171998E-002,9.646968028171998E-002,0.354772225641034,7.729582883586360E-002,0.444963627674976,0.590841330580195,0.995924636173152 
 02/14  19:00:00,1.91507152646878,4.32799818471442,0.000000000000000E+000,3.14502925919542,0.000000000000000E+000,8.659298623265661E-002,8.659298623265661E-002,8.659298623265661E-002,0.609025736216799,0.132691190744118,0.398174220058118,0.641475355527490,1.13878556958906 
 02/14  20:00:00,2.04196864993041,4.72816540525471,0.000000000000000E+000,3.52078094868706,0.000000000000000E+000,9.693866450573289E-002,9.693866450573289E-002,9.693866450573289E-002,0.780498946566019,0.170050834366559,0.315239482993876,0.662128707808626,1.16177854495086 
 02/14  21:00:00,1.97950223782120,5.33652200563324,0.000000000000000E+000,4.21261814580074,0.000000000000000E+000,0.115987215074776,0.115987215074776,0.115987215074776,0.727283116899509,0.158456460951817,0.275771620076267,0.684891811129230,1.07673007770065 
 02/14  22:00:00,1.81284480517876,5.88741264437068,0.000000000000000E+000,4.86952457009193,0.000000000000000E+000,0.134074006728136,0.134074006728136,0.134074006728136,0.603112875541953,0.131402929055009,0.258240861123445,0.668902119040609,0.971815625581865 
 02/14  23:00:00,1.50371917617859,6.46048033073091,0.000000000000000E+000,5.61821940189659,0.000000000000000E+000,0.154688034745004,0.154688034745004,0.154688034745004,0.449378247217271,9.790805228712916E-002,0.205783766725856,0.578849061513729,0.802391128858070 
 02/14  24:00:00,1.21277715054492,7.01571225332773,0.000000000000000E+000,6.36197184955355,0.000000000000000E+000,0.175165982691644,0.175165982691644,0.175165982691644,0.313382200917121,6.827797879933933E-002,0.135829910826043,0.503009063621176,0.619094289465249 
 02/15  01:00:00,0.906335383794557,7.44399438500880,0.000000000000000E+000,6.98958301504213,0.000000000000000E+000,0.192446179641709,0.192446179641709,0.192446179641709,0.159647488999529,3.478312024422393E-002,8.628146833019194E-002,0.416065112889305,0.425753756210477 
 02/15  02:00:00,0.792176224087250,7.79526972857357,0.000000000000000E+000,7.43125300138964,0.000000000000000E+000,0.204606805154284,0.204606805154284,0.204606805154284,9.460593798332984E-002,2.061222345126557E-002,7.215287085224550E-002,0.383086372956525,0.337630613637394 
 02/15  03:00:00,0.747630556680600,8.07611067359476,0.000000000000000E+000,7.73718166407793,0.000000000000000E+000,0.213030026146231,0.213030026146231,0.213030026146231,6.504158445336204E-002,1.417090225678774E-002,5.963123831382165E-002,0.378644791820797,0.312848821924463 
 02/15  04:00:00,0.742412492903169,8.34413352659534,0.000000000000000E+000,7.99917624567879,0.000000000000000E+000,0.220243597572081,0.220243597572081,0.220243597572081,6.504158445336204E-002,1.417090225678774E-002,5.252950047341648E-002,0.373314894457924,0.319244204469182 
 02/15  05:00:00,0.744637192243505,8.62320667613418,0.000000000000000E+000,8.20927719872339,0.000000000000000E+000,0.226028366944660,0.226028366944660,0.226028366944660,6.504158445336204E-002,1.417090225678774E-002,6.307145054710674E-002,0.359212874351986,0.389187715867882 
 02/15  06:00:00,0.809728042117377,9.05618823547874,0.000000000000000E+000,8.33349422691766,0.000000000000000E+000,0.229448469756371,0.229448469756371,0.229448469756371,7.095445348749738E-002,1.545916758844918E-002,7.590124009602323E-002,0.400852697499435,0.695084191197911 
 02/15  07:00:00,0.998958261472439,9.41263878040236,0.000000000000000E+000,8.11380001497554,0.000000000000000E+000,0.223399566454605,0.223399566454605,0.223399566454605,0.135996046300150,2.963007348778983E-002,0.129674688612276,0.463145872928019,1.26693833655653 
 02/15  08:00:00,1.27897502401987,9.31203309831380,0.000000000000000E+000,7.85105439188763,0.000000000000000E+000,0.216165316389611,0.216165316389611,0.216165316389611,0.271992092600300,5.926014697557965E-002,0.207318252526134,0.492127189838642,1.42708211070495 
 02/15  09:00:00,1.20750701154513,9.06116549471751,0.000000000000000E+000,7.64464599372060,0.000000000000000E+000,0.210482215182039,0.210482215182039,0.210482215182039,0.242427705633169,5.281882031727245E-002,0.268601143833745,0.416065112889305,1.38786188724074 
 02/15  10:00:00,1.03685109883793,8.24918981535774,0.000000000000000E+000,6.96134150756461,0.000000000000000E+000,0.191668598173734,0.191668598173734,0.191668598173734,0.118257380682709,2.576527020769967E-002,0.329942780038288,0.354105056045902,1.26345836109752 
 02/15  11:00:00,1.02108192542480,7.73310191013794,0.000000000000000E+000,6.59309914244629,0.000000000000000E+000,0.181529676267128,0.181529676267128,0.181529676267128,9.460593798332984E-002,2.061222345126557E-002,0.344789053358086,0.362433020675390,1.11503920983198 
 02/15  12:00:00,0.987139739732724,5.77255085848316,0.000000000000000E+000,4.76635218519770,0.000000000000000E+000,0.131233332073484,0.131233332073484,0.131233332073484,9.460593798332984E-002,2.061222345126557E-002,0.361032172331260,0.362544060203783,0.981227467276921 
 02/15  13:00:00,0.942360480834509,4.60172374408691,0.000000000000000E+000,3.69877338983123,0.000000000000000E+000,0.101839381076318,0.101839381076318,0.101839381076318,9.460593798332984E-002,2.061222345126557E-002,0.351754038491839,0.356436886142159,0.878399796434144 
 02/15  14:00:00,0.893523760907915,3.55454974644938,0.000000000000000E+000,2.71218970471242,0.000000000000000E+000,7.467549151533098E-002,7.467549151533098E-002,7.467549151533098E-002,9.460593798332984E-002,2.061222345126557E-002,0.317755820474586,0.368762273793802,0.816960539392600 
 02/15  15:00:00,0.878929034105826,2.86490420275728,0.000000000000000E+000,2.08183099131722,0.000000000000000E+000,5.731964554630808E-002,5.731964554630808E-002,5.731964554630808E-002,0.100518798658175,2.190048514037410E-002,0.292551425468039,0.389526665603330,0.756243505260001 
 02/15  16:00:00,0.928191468867842,2.72104836157691,0.000000000000000E+000,1.92878509865999,0.000000000000000E+000,5.310578939947447E-002,5.310578939947447E-002,5.310578939947447E-002,0.118257380682709,2.576527020769967E-002,0.302771641248355,0.411179373640002,0.763942167710317 
 02/15  17:00:00,1.14365825383955,3.17299808455646,0.000000000000000E+000,2.30027523167286,0.000000000000000E+000,6.333413302441783E-002,6.333413302441783E-002,6.333413302441783E-002,0.183299015291815,3.993618521342261E-002,0.353623772258094,0.486353134362196,0.839223960902807 
 02/15  18:00:00,1.57345218776414,4.25016607778350,0.000000000000000E+000,3.21309869314937,0.000000000000000E+000,8.846716134247606E-002,8.846716134247606E-002,8.846716134247606E-002,0.354772225641034,7.729582883586360E-002,0.444963627674976,0.590841330580195,0.996371584581649 
 02/15  19:00:00,1.91181383816033,4.21000389299195,0.000000000000000E+000,3.02671107324095,0.000000000000000E+000,8.333529792420222E-002,8.333529792420222E-002,8.333529792420222E-002,0.609025736216799,0.132691190744118,0.398174220058118,0.641475355527490,1.13910946382105 
 02/15  20:00:00,2.03736751924331,4.56103247312142,0.000000000000000E+000,3.35366936995666,0.000000000000000E+000,9.233753381863018E-002,9.233753381863018E-002,9.233753381863018E-002,0.780498946566019,0.170050834366559,0.315239482993876,0.662128707808626,1.16175719154796 
 02/15  21:00:00,1.97180845092416,5.05686378290185,0.000000000000000E+000,3.93318229356926,0.000000000000000E+000,0.108293428177740,0.108293428177740,0.108293428177740,0.727283116899509,0.158456460951817,0.275771620076267,0.684891811129230,1.07650770720072 
 02/15  22:00:00,1.79915964796515,5.39048445026353,0.000000000000000E+000,4.37248408533689,0.000000000000000E+000,0.120388849514535,0.120388849514535,0.120388849514535,0.603112875541953,0.131402929055009,0.258240861123445,0.668902119040609,0.971927916229769 
 02/15  23:00:00,1.48228331290739,5.68231819761084,0.000000000000000E+000,4.83967577940389,0.000000000000000E+000,0.133252171473805,0.133252171473805,0.133252171473805,0.449378247217271,9.790805228712916E-002,0.205783766725856,0.578849061513729,0.802772618230711 
 02/15  24:00:00,1.18362876122417,5.95704594725731,0.000000000000000E+000,5.30331177486955,0.000000000000000E+000,0.146017593370895,0.146017593370895,0.146017593370895,0.313382200917121,6.827797879933933E-002,0.135829910826043,0.503009063621176,0.619088058078839 
 02/16  01:00:00,0.871461662478731,6.17788582549548,0.000000000000000E+000,5.72298073364462,0.000000000000000E+000,0.157572458325881,0.157572458325881,0.157572458325881,0.159647488999529,3.478312024422393E-002,8.628146833019194E-002,0.416065112889305,0.426247478094690 
 02/16  02:00:00,0.754311943378083,6.42086084421926,0.000000000000000E+000,6.05603456985564,0.000000000000000E+000,0.166742524445117,0.166742524445117,0.166742524445117,9.460593798332984E-002,2.061222345126557E-002,7.215287085224550E-002,0.383086372956525,0.338440160817079 
 02/16  03:00:00,0.709842277335109,6.70458881147012,0.000000000000000E+000,6.36472357749682,0.000000000000000E+000,0.175241746800741,0.175241746800741,0.175241746800741,6.504158445336204E-002,1.417090225678774E-002,5.963123831382165E-002,0.378644791820797,0.313785046380956 
 02/16  04:00:00,0.705673735251406,7.01112425472994,0.000000000000000E+000,6.66483644763967,0.000000000000000E+000,0.183504839920317,0.183504839920317,0.183504839920317,6.504158445336204E-002,1.417090225678774E-002,5.252950047341648E-002,0.373314894457924,0.320574730642902 
 02/16  05:00:00,0.709553996342237,7.35028582414657,0.000000000000000E+000,6.93506686811864,0.000000000000000E+000,0.190945171043394,0.190945171043394,0.190945171043394,6.504158445336204E-002,1.417090225678774E-002,6.307145054710674E-002,0.359212874351986,0.390477194485036 
 02/16  06:00:00,0.776433371689253,7.84822177254270,0.000000000000000E+000,7.12424256315852,0.000000000000000E+000,0.196153799328249,0.196153799328249,0.196153799328249,7.095445348749738E-002,1.545916758844918E-002,7.590124009602323E-002,0.400852697499435,0.696369392021010 
 02/16  07:00:00,0.966702491617802,8.24222783525305,0.000000000000000E+000,6.94228088410568,0.000000000000000E+000,0.191143796599968,0.191143796599968,0.191143796599968,0.135996046300150,2.963007348778983E-002,0.129674688612276,0.463145872928019,1.26804652227708 
 02/16  08:00:00,1.24650664361362,8.13385522049436,0.000000000000000E+000,6.67181331453324,0.000000000000000E+000,0.183696935983365,0.183696935983365,0.183696935983365,0.271992092600300,5.926014697557965E-002,0.207318252526134,0.492127189838642,1.42814531023990 
 02/16  09:00:00,1.17818981958229,7.99744894352843,0.000000000000000E+000,6.57985506166001,0.000000000000000E+000,0.181165023219200,0.181165023219200,0.181165023219200,0.242427705633169,5.281882031727245E-002,0.268601143833745,0.416065112889305,1.38893626811224 
 02/16  10:00:00,1.01772707232569,7.55587915106476,0.000000000000000E+000,6.26676304859993,0.000000000000000E+000,0.172544571661492,0.172544571661492,0.172544571661492,0.118257380682709,2.576527020769967E-002,0.329942780038288,0.354105056045902,1.26472615576922 
 02/16  11:00:00,1.01052346082252,7.35082115182174,0.000000000000000E+000,6.20961912228488,0.000000000000000E+000,0.170971211664853,0.170971211664853,0.170971211664853,9.460593798332984E-002,2.061222345126557E-002,0.344789053358086,0.362433020675390,1.11623847167721 
 02/16  12:00:00,0.987141402717943,5.77373327647737,0.000000000000000E+000,4.76641258428310,0.000000000000000E+000,0.131234995058703,0.131234995058703,0.131234995058703,9.460593798332984E-002,2.061222345126557E-002,0.361032172331260,0.362544060203783,0.982349486185752 
 02/16  13:00:00,0.946678202742001,4.75955939144366,0.000000000000000E+000,3.85559165332944,0.000000000000000E+000,0.106157102983809,0.106157102983809,0.106157102983809,9.460593798332984E-002,2.061222345126557E-002,0.351754038491839,0.356436886142159,0.879417180292673 
 02/16  14:00:00,0.906257885140270,4.01780049781010,0.000000000000000E+000,3.17468897911535,0.000000000000000E+000,8.740961574768609E-002,8.740961574768609E-002,8.740961574768609E-002,9.460593798332984E-002,2.061222345126557E-002,0.317755820474586,0.368762273793802,0.817712016350392 
 02/16  15:00:00,0.903220447077502,3.74739643016091,0.000000000000000E+000,2.96408725555860,0.000000000000000E+000,8.161105851798652E-002,8.161105851798652E-002,8.161105851798652E-002,0.100518798658175,2.190048514037410E-002,0.292551425468039,0.389526665603330,0.756479468422274 
 02/16  16:00:00,0.947872476807166,3.43607820765867,0.000000000000000E+000,2.64359294295042,0.000000000000000E+000,7.278679733879991E-002,7.278679733879991E-002,7.278679733879991E-002,0.118257380682709,2.576527020769967E-002,0.302771641248355,0.411179373640002,0.764164169501644 
 02/16  17:00:00,1.15136291384684,3.45213001010069,0.000000000000000E+000,2.58010599175280,0.000000000000000E+000,7.103879303170646E-002,7.103879303170646E-002,7.103879303170646E-002,0.183299015291815,3.993618521342261E-002,0.353623772258094,0.486353134362196,0.838525126367081 
 02/16  18:00:00,1.57356993070808,4.25411195108367,0.000000000000000E+000,3.21737507879981,0.000000000000000E+000,8.858490428641562E-002,8.858490428641562E-002,8.858490428641562E-002,0.354772225641034,7.729582883586360E-002,0.444963627674976,0.590841330580195,0.996041072231390 
 02/16  19:00:00,1.90758926480674,4.05701173098873,0.000000000000000E+000,2.87327593510008,0.000000000000000E+000,7.911072457061846E-002,7.911072457061846E-002,7.911072457061846E-002,0.609025736216799,0.132691190744118,0.398174220058118,0.641475355527490,1.13955243995872 
 02/16  20:00:00,2.03366887176603,4.42764745166077,0.000000000000000E+000,3.21933568957957,0.000000000000000E+000,8.863888634135651E-002,8.863888634135651E-002,8.863888634135651E-002,0.780498946566019,0.170050834366559,0.315239482993876,0.662128707808626,1.16270585046439 
 02/16  21:00:00,1.97224217300701,5.07388304923300,0.000000000000000E+000,3.94893493936970,0.000000000000000E+000,0.108727150260591,0.108727150260591,0.108727150260591,0.727283116899509,0.158456460951817,0.275771620076267,0.684891811129230,1.07777432773143 
 02/16  22:00:00,1.80452093544792,5.58602834946380,0.000000000000000E+000,4.56720431308081,0.000000000000000E+000,0.125750136997298,0.125750136997298,0.125750136997298,0.603112875541953,0.131402929055009,0.258240861123445,0.668902119040609,0.972751587686109 
 02/16  23:00:00,1.49402275398765,6.10943443577128,0.000000000000000E+000,5.26604848336419,0.000000000000000E+000,0.144991612554064,0.144991612554064,0.144991612554064,0.449378247217271,9.790805228712916E-002,0.205783766725856,0.578849061513729,0.803516152430841 
 02/16  24:00:00,1.20190547367942,6.62180165125708,0.000000000000000E+000,5.96711606127222,0.000000000000000E+000,0.164294305826139,0.164294305826139,0.164294305826139,0.313382200917121,6.827797879933933E-002,0.135829910826043,0.503009063621176,0.620039475675942 
 02/17  01:00:00,0.900402420160724,7.22921715067504,0.000000000000000E+000,6.77409969434895,0.000000000000000E+000,0.186513216007875,0.186513216007875,0.186513216007875,0.159647488999529,3.478312024422393E-002,8.628146833019194E-002,0.416065112889305,0.426459842569896 
 02/17  02:00:00,0.792786161161641,7.81827340000072,0.000000000000000E+000,7.45340571870180,0.000000000000000E+000,0.205216742228675,0.205216742228675,0.205216742228675,9.460593798332984E-002,2.061222345126557E-002,7.215287085224550E-002,0.383086372956525,0.338481567752396 
 02/17  03:00:00,0.756389701834786,8.39475475781638,0.000000000000000E+000,8.05531098371413,0.000000000000000E+000,0.221789171300419,0.221789171300419,0.221789171300419,6.504158445336204E-002,1.417090225678774E-002,5.963123831382165E-002,0.378644791820797,0.313363586509894 
 02/17  04:00:00,0.750840646268253,8.65091504893114,0.000000000000000E+000,8.30528405056448,0.000000000000000E+000,0.228671750937164,0.228671750937164,0.228671750937164,6.504158445336204E-002,1.417090225678774E-002,5.252950047341648E-002,0.373314894457924,0.319917921919305 
 02/17  05:00:00,0.751650609203487,8.87863778157410,0.000000000000000E+000,8.46400223484607,0.000000000000000E+000,0.233041783904643,0.233041783904643,0.233041783904643,6.504158445336204E-002,1.417090225678774E-002,6.307145054710674E-002,0.359212874351986,0.389893785185131 
 02/17  06:00:00,0.813583097024346,9.19665690319155,0.000000000000000E+000,8.47350857456527,0.000000000000000E+000,0.233303524663341,0.233303524663341,0.233303524663341,7.095445348749738E-002,1.545916758844918E-002,7.590124009602323E-002,0.400852697499435,0.695538511263106 
 02/17  07:00:00,1.01442486362792,9.97463390291582,0.000000000000000E+000,8.67554200397024,0.000000000000000E+000,0.238866168610086,0.238866168610086,0.238866168610086,0.135996046300150,2.963007348778983E-002,0.129674688612276,0.463145872928019,1.26719147007528 
 02/17  08:00:00,1.27929822276058,9.32380374715317,0.000000000000000E+000,7.86279286564043,0.000000000000000E+000,0.216488515130322,0.216488515130322,0.216488515130322,0.271992092600300,5.926014697557965E-002,0.207318252526134,0.492127189838642,1.42711428579150 
 02/17  09:00:00,1.20081711029814,8.81839096682632,0.000000000000000E+000,7.40167094368177,0.000000000000000E+000,0.203792313935055,0.203792313935055,0.203792313935055,0.242427705633169,5.281882031727245E-002,0.268601143833745,0.416065112889305,1.38806240938839 
 02/17  10:00:00,1.02210122218562,7.71402078413688,0.000000000000000E+000,6.42563075708405,0.000000000000000E+000,0.176918721521420,0.176918721521420,0.176918721521420,0.118257380682709,2.576527020769967E-002,0.329942780038288,0.354105056045902,1.26400008035721 
 02/17  11:00:00,1.00717435766421,7.22883239925904,0.000000000000000E+000,6.08798077854339,0.000000000000000E+000,0.167622108506536,0.167622108506536,0.167622108506536,9.460593798332984E-002,2.061222345126557E-002,0.344789053358086,0.362433020675390,1.11588806285598 
 02/17  12:00:00,0.988761662545681,5.83240130507101,0.000000000000000E+000,4.82525989729808,0.000000000000000E+000,0.132855254886441,0.132855254886441,0.132855254886441,9.460593798332984E-002,2.061222345126557E-002,0.361032172331260,0.362544060203783,0.982170201764402 
 02/17  13:00:00,0.942370990846265,4.60270203800705,0.000000000000000E+000,3.69915511005964,0.000000000000000E+000,0.101849891088072,0.101849891088072,0.101849891088072,9.460593798332984E-002,2.061222345126557E-002,0.351754038491839,0.356436886142159,0.878996370125864 
 02/17  14:00:00,0.902931926482288,3.89693242247211,0.000000000000000E+000,3.05389123614203,0.000000000000000E+000,8.408365708970547E-002,8.408365708970547E-002,8.408365708970547E-002,9.460593798332984E-002,2.061222345126557E-002,0.317755820474586,0.368762273793802,0.817641683985707 
 02/17  15:00:00,0.889870878944536,3.26282015765626,0.000000000000000E+000,2.47923525769584,0.000000000000000E+000,6.826149038501918E-002,6.826149038501918E-002,6.826149038501918E-002,0.100518798658175,2.190048514037410E-002,0.292551425468039,0.389526665603330,0.756755193780351 
 02/17  16:00:00,0.941919482453977,3.22003547616843,0.000000000000000E+000,2.42738211300739,0.000000000000000E+000,6.683380298560988E-002,6.683380298560988E-002,6.683380298560988E-002,0.118257380682709,2.576527020769967E-002,0.302771641248355,0.411179373640002,0.764332267954434 
 02/17  17:00:00,1.14722345815859,3.30259023694091,0.000000000000000E+000,2.42976229969321,0.000000000000000E+000,6.689933734345845E-002,6.689933734345845E-002,6.689933734345845E-002,0.183299015291815,3.993618521342261E-002,0.353623772258094,0.486353134362196,0.839329045266893 
 02/17  18:00:00,1.57438205679657,4.28412784159159,0.000000000000000E+000,3.24687123572385,0.000000000000000E+000,8.939703037490097E-002,8.939703037490097E-002,8.939703037490097E-002,0.354772225641034,7.729582883586360E-002,0.444963627674976,0.590841330580195,0.996560805815229 
 02/17  19:00:00,1.90466648923964,3.95086358897029,0.000000000000000E+000,2.76712167161381,0.000000000000000E+000,7.618794900351405E-002,7.618794900351405E-002,7.618794900351405E-002,0.609025736216799,0.132691190744118,0.398174220058118,0.641475355527490,1.13955856142655 
 02/17  20:00:00,2.02328135276023,4.05013650334289,0.000000000000000E+000,2.84206435820503,0.000000000000000E+000,7.825136733555572E-002,7.825136733555572E-002,7.825136733555572E-002,0.780498946566019,0.170050834366559,0.315239482993876,0.662128707808626,1.16246623352106 
 02/17  21:00:00,1.95106830061736,4.30436981360646,0.000000000000000E+000,3.17990674097736,0.000000000000000E+000,8.755327787094293E-002,8.755327787094293E-002,8.755327787094293E-002,0.727283116899509,0.158456460951817,0.275771620076267,0.684891811129230,1.07728929049723 
 02/17  22:00:00,1.77612407496856,4.55490064240163,0.000000000000000E+000,3.53583952290108,0.000000000000000E+000,9.735327651793696E-002,9.735327651793696E-002,9.735327651793696E-002,0.603112875541953,0.131402929055009,0.258240861123445,0.668902119040609,0.972988670803664 
 02/17  23:00:00,1.45831733125324,4.81316945905046,0.000000000000000E+000,3.96923907538347,0.000000000000000E+000,0.109286189819656,0.109286189819656,0.109286189819656,0.449378247217271,9.790805228712916E-002,0.205783766725856,0.578849061513729,0.804060583690772 
 02/17  24:00:00,1.15912632663628,5.06861615204407,0.000000000000000E+000,4.41339127376322,0.000000000000000E+000,0.121515158782998,0.121515158782998,0.121515158782998,0.313382200917121,6.827797879933933E-002,0.135829910826043,0.503009063621176,0.620578763971914 
 02/18  01:00:00,0.853953706742972,5.32155317944478,0.000000000000000E+000,4.84834320802652,0.000000000000000E+000,0.133490814254376,0.133490814254376,0.133490814254376,0.159647488999529,3.478312024422393E-002,9.285515666593923E-002,0.416065112889305,0.444552357662085 
 02/18  02:00:00,0.733625662391594,5.53677494614783,0.000000000000000E+000,5.16136078077071,0.000000000000000E+000,0.142109216225667,0.142109216225667,0.142109216225667,9.460593798332984E-002,2.061222345126557E-002,7.609989808520642E-002,0.383086372956525,0.349028051830587 
 02/18  03:00:00,0.684869941771565,5.71084713565197,0.000000000000000E+000,5.36289701372618,0.000000000000000E+000,0.147658170720977,0.147658170720977,0.147658170720977,6.504158445336204E-002,1.417090225678774E-002,6.224247883004267E-002,0.378644791820797,0.321869934333428 
 02/18  04:00:00,0.674906217496862,5.85240542968163,0.000000000000000E+000,5.49777907412202,0.000000000000000E+000,0.151371916901474,0.151371916901474,0.151371916901474,6.504158445336204E-002,1.417090225678774E-002,5.389490573771482E-002,0.373314894457924,0.328913279112243 
 02/18  05:00:00,0.675535543743961,6.03376588748604,0.000000000000000E+000,5.60251208416269,0.000000000000000E+000,0.154255560692717,0.154255560692717,0.154255560692717,6.504158445336204E-002,1.417090225678774E-002,6.574260829950677E-002,0.359212874351986,0.406512041780468 
 02/18  06:00:00,0.743067122166019,6.53071171670594,0.000000000000000E+000,5.76360050024968,0.000000000000000E+000,0.158690853927487,0.158690853927487,0.158690853927487,7.095445348749738E-002,1.545916758844918E-002,7.999793597354952E-002,0.400852697499435,0.739501399093099 
 02/18  07:00:00,0.937289379882751,6.88516415135328,0.000000000000000E+000,5.48809070033699,0.000000000000000E+000,0.151105164147003,0.151105164147003,0.151105164147003,0.135996046300150,2.963007348778983E-002,0.140300209330190,0.463145872928019,1.36517302214597 
 02/18  08:00:00,1.24116616510228,7.28976379527006,0.000000000000000E+000,5.70927442487905,0.000000000000000E+000,0.157195078623366,0.157195078623366,0.157195078623366,0.271992092600300,5.926014697557965E-002,0.228479631374793,0.492127189838642,1.54659277466978 
 02/18  09:00:00,1.18198999190996,7.08175776258807,0.000000000000000E+000,5.53976286983061,0.000000000000000E+000,0.152527868704835,0.152527868704835,0.152527868704835,0.242427705633169,5.281882031727245E-002,0.301038470675778,0.416065112889305,1.51333727900127 
 02/18  10:00:00,1.04103277494450,6.88208687114095,0.000000000000000E+000,5.47770384095129,0.000000000000000E+000,0.150819179789574,0.150819179789574,0.150819179789574,0.118257380682709,2.576527020769967E-002,0.374973874529018,0.354105056045902,1.37999308349404 
 02/18  11:00:00,1.06266076378702,7.49482806965369,0.000000000000000E+000,6.25396664391198,0.000000000000000E+000,0.172192244607068,0.172192244607068,0.172192244607068,9.460593798332984E-002,2.061222345126557E-002,0.395705323380369,0.362433020675390,1.21589786788204 
 02/18  12:00:00,1.08970208703143,7.67579361548615,0.000000000000000E+000,6.58500717642242,0.000000000000000E+000,0.181306877862168,0.181306877862168,0.181306877862168,9.460593798332984E-002,2.061222345126557E-002,0.413520973841281,0.362544060203783,1.06581523305521 
 02/18  13:00:00,1.04443809466551,6.64408007846750,0.000000000000000E+000,5.66973580592138,0.000000000000000E+000,0.156106450567824,0.156106450567824,0.156106450567824,9.460593798332984E-002,2.061222345126557E-002,0.399564582831336,0.356436886142159,0.949793714724592 
 02/18  14:00:00,1.01384644839705,6.40167065862999,0.000000000000000E+000,5.49916629392357,0.000000000000000E+000,0.151410111619322,0.151410111619322,0.151410111619322,9.460593798332984E-002,2.061222345126557E-002,0.361343887859729,0.368762273793802,0.877104862362076 
 02/18  15:00:00,1.02585838137618,6.83487976675944,0.000000000000000E+000,5.99722810643884,0.000000000000000E+000,0.165123389340999,0.165123389340999,0.165123389340999,0.100518798658175,2.190048514037410E-002,0.331677028943703,0.389526665603330,0.810821954140533 
 02/18  16:00:00,1.07528251069753,6.77126154194804,0.000000000000000E+000,5.92511318698073,0.000000000000000E+000,0.163137828726722,0.163137828726722,0.163137828726722,0.118257380682709,2.576527020769967E-002,0.339830643750797,0.411179373640002,0.817827259760709 
 02/18  17:00:00,1.27757317656320,6.79647845844694,0.000000000000000E+000,5.85949366591032,0.000000000000000E+000,0.161331107766010,0.161331107766010,0.161331107766010,0.183299015291815,3.993618521342261E-002,0.389541720240152,0.486353134362196,0.903485900555817 
 02/18  18:00:00,1.70065101004510,7.66346811414859,0.000000000000000E+000,6.54894708612020,0.000000000000000E+000,0.180314025126710,0.180314025126710,0.180314025126710,0.354772225641034,7.729582883586360E-002,0.480315586171698,0.590841330580195,1.07382522797592 
 02/18  19:00:00,2.03181827116261,7.42419439508429,0.000000000000000E+000,6.13909271246018,0.000000000000000E+000,0.169029387938688,0.169029387938688,0.169029387938688,0.609025736216799,0.132691190744118,0.432484563045918,0.641475355527490,1.24091832669417 
 02/18  20:00:00,2.11324271501689,6.18580568454073,0.000000000000000E+000,4.86567255148526,0.000000000000000E+000,0.133967948002864,0.133967948002864,0.133967948002864,0.780498946566019,0.170050834366559,0.349484264583227,0.662128707808626,1.27452722143868 
 02/18  21:00:00,2.01847011731423,5.59415893249051,0.000000000000000E+000,4.36198213611711,0.000000000000000E+000,0.120099696355929,0.120099696355929,0.120099696355929,0.727283116899509,0.158456460951817,0.310627018288144,0.684891811129230,1.18500301424155 
 02/18  22:00:00,1.83431410470367,5.46604274458200,0.000000000000000E+000,4.35605200253615,0.000000000000000E+000,0.119936420299265,0.119936420299265,0.119936420299265,0.603112875541953,0.131402929055009,0.293847747077229,0.668902119040609,1.06391829334898 
 02/18  23:00:00,1.50254785389613,5.46345184422162,0.000000000000000E+000,4.54807622510251,0.000000000000000E+000,0.125223477903708,0.125223477903708,0.125223477903708,0.449378247217271,9.790805228712916E-002,0.234077001284697,0.578849061513729,0.875505819142864 
 02/18  24:00:00,1.18736348757067,5.57461272018911,0.000000000000000E+000,4.87473481749851,0.000000000000000E+000,0.134217461953753,0.134217461953753,0.134217461953753,0.313382200917121,6.827797879933933E-002,0.151364768589688,0.503009063621176,0.665231788381677 
 02/19  01:00:00,0.863927481070935,5.68334537228597,0.000000000000000E+000,5.21058746649081,0.000000000000000E+000,0.143464588582339,0.143464588582339,0.143464588582339,0.159647488999529,3.478312024422393E-002,9.285515666593923E-002,0.416065112889305,0.444100292038980 
 02/19  02:00:00,0.741549040447013,5.82382183209152,0.000000000000000E+000,5.44913530963393,0.000000000000000E+000,0.150032594281086,0.150032594281086,0.150032594281086,9.460593798332984E-002,2.061222345126557E-002,7.609989808520642E-002,0.383086372956525,0.348300408911065 
 02/19  03:00:00,0.695327929116715,6.09026724201354,0.000000000000000E+000,5.74272773239915,0.000000000000000E+000,0.158116158066126,0.158116158066126,0.158116158066126,6.504158445336204E-002,1.417090225678774E-002,6.224247883004267E-002,0.378644791820797,0.321459322022007 
 02/19  04:00:00,0.689694283885913,6.38923810390117,0.000000000000000E+000,6.03487686349188,0.000000000000000E+000,0.166159983290527,0.166159983290527,0.166159983290527,6.504158445336204E-002,1.417090225678774E-002,5.389490573771482E-002,0.373314894457924,0.328648163961932 
 02/19  05:00:00,0.698957700857602,6.88424587151162,0.000000000000000E+000,6.45319725672340,0.000000000000000E+000,0.177677717806359,0.177677717806359,0.177677717806359,6.504158445336204E-002,1.417090225678774E-002,6.574260829950677E-002,0.359212874351986,0.406306853245314 
 02/19  06:00:00,0.779611966008252,7.85760838058243,0.000000000000000E+000,7.09089741143072,0.000000000000000E+000,0.195235697769719,0.195235697769719,0.195235697769719,7.095445348749738E-002,1.545916758844918E-002,7.999793597354952E-002,0.400852697499435,0.739101151788529 
 02/19  07:00:00,0.998365310248659,9.10234744396310,0.000000000000000E+000,7.70634874166698,0.000000000000000E+000,0.212181094512912,0.212181094512912,0.212181094512912,0.135996046300150,2.963007348778983E-002,0.140300209330190,0.463145872928019,1.36409827342584 
 02/19  08:00:00,1.29686875207235,9.31163405970437,0.000000000000000E+000,7.73237437160074,0.000000000000000E+000,0.212897665593439,0.212897665593439,0.212897665593439,0.271992092600300,5.926014697557965E-002,0.228479631374793,0.492127189838642,1.54536309238240 
 02/19  09:00:00,1.26380892050917,10.0518884442772,0.000000000000000E+000,8.51139989952233,0.000000000000000E+000,0.234346797304049,0.234346797304049,0.234346797304049,0.242427705633169,5.281882031727245E-002,0.301038470675778,0.416065112889305,1.51183093099867 
 02/19  10:00:00,1.12802473209089,10.0399373125879,0.000000000000000E+000,8.63722359472204,0.000000000000000E+000,0.237811136935966,0.237811136935966,0.237811136935966,0.118257380682709,2.576527020769967E-002,0.374973874529018,0.354105056045902,1.37832377117027 
 02/19  11:00:00,1.12983590604161,9.93206472657740,0.000000000000000E+000,8.69374608879303,0.000000000000000E+000,0.239367386861659,0.239367386861659,0.239367386861659,9.460593798332984E-002,2.061222345126557E-002,0.395705323380369,0.362433020675390,1.21335507992470 
 02/19  12:00:00,1.14505284390686,9.68353717730852,0.000000000000000E+000,8.59532876787471,0.000000000000000E+000,0.236657634737599,0.236657634737599,0.236657634737599,9.460593798332984E-002,2.061222345126557E-002,0.413520973841281,0.362544060203783,1.06323720342529 
 02/19  13:00:00,1.12343881209997,9.51176643095370,0.000000000000000E+000,8.53901631740814,0.000000000000000E+000,0.235107168002283,0.235107168002283,0.235107168002283,9.460593798332984E-002,2.061222345126557E-002,0.399564582831336,0.356436886142159,0.948199555723999 
 02/19  14:00:00,1.09640699793341,9.39926752074703,0.000000000000000E+000,8.49773875624134,0.000000000000000E+000,0.233970661155682,0.233970661155682,0.233970661155682,9.460593798332984E-002,2.061222345126557E-002,0.361343887859729,0.368762273793802,0.876129262161352 
 02/19  15:00:00,1.09594862250627,9.37829284000074,0.000000000000000E+000,8.54288299984921,0.000000000000000E+000,0.235213630471084,0.235213630471084,0.235213630471084,0.100518798658175,2.190048514037410E-002,0.331677028943703,0.389526665603330,0.808580133971451 
 02/19  16:00:00,1.15070585390949,9.50837866878232,0.000000000000000E+000,8.66446462348876,0.000000000000000E+000,0.238561171938681,0.238561171938681,0.238561171938681,0.118257380682709,2.576527020769967E-002,0.339830643750797,0.411179373640002,0.815592950086932 
 02/19  17:00:00,1.35152683597707,9.48060277009865,0.000000000000000E+000,8.54546666210997,0.000000000000000E+000,0.235284767179883,0.235284767179883,0.235284767179883,0.183299015291815,3.993618521342261E-002,0.389541720240152,0.486353134362196,0.901637216007876 
 02/19  18:00:00,1.78197520774555,10.6150679165987,0.000000000000000E+000,9.50261564954552,0.000000000000000E+000,0.261638222827164,0.261638222827164,0.261638222827164,0.354772225641034,7.729582883586360E-002,0.480315586171698,0.590841330580195,1.07175646700070 
 02/19  19:00:00,2.09756022977839,9.80887878833125,0.000000000000000E+000,8.52681939101505,0.000000000000000E+000,0.234771346554469,0.234771346554469,0.234771346554469,0.609025736216799,0.132691190744118,0.432484563045918,0.641475355527490,1.23787604138628 
 02/19  20:00:00,2.21089255293644,9.73046478042204,0.000000000000000E+000,8.41228308859648,0.000000000000000E+000,0.231617785922411,0.231617785922411,0.231617785922411,0.780498946566019,0.170050834366559,0.349484264583227,0.662128707808626,1.27257578020879 
 02/19  21:00:00,2.13474545071794,9.81494742328710,0.000000000000000E+000,8.58506464645845,0.000000000000000E+000,0.236375029759636,0.236375029759636,0.236375029759636,0.727283116899509,0.158456460951817,0.310627018288144,0.684891811129230,1.18270899469677 
 02/19  22:00:00,1.95565053257064,9.86986308872599,0.000000000000000E+000,8.76295182722371,0.000000000000000E+000,0.241272848166232,0.241272848166232,0.241272848166232,0.603112875541953,0.131402929055009,0.293847747077229,0.668902119040609,1.06083881280539 
 02/19  23:00:00,1.62448445580065,9.88858364342489,0.000000000000000E+000,8.97677417676126,0.000000000000000E+000,0.247160079808228,0.247160079808228,0.247160079808228,0.449378247217271,9.790805228712916E-002,0.234077001284697,0.578849061513729,0.871939666687389 
 02/19  24:00:00,1.30615776387685,9.88533872123120,0.000000000000000E+000,9.18930451953021,0.000000000000000E+000,0.253011738259928,0.253011738259928,0.253011738259928,0.313382200917121,6.827797879933933E-002,0.151364768589688,0.503009063621176,0.661388087392108 
 02/20  01:00:00,0.976151336299405,9.97717782155868,0.000000000000000E+000,9.52527583427807,0.000000000000000E+000,0.262262132146556,0.262262132146556,0.262262132146556,0.159647488999529,3.478312024422393E-002,8.628146833019194E-002,0.416065112889305,0.423244373524428 
 02/20  02:00:00,0.855167634611413,10.0811625480991,0.000000000000000E+000,9.71908066267628,0.000000000000000E+000,0.267598215678448,0.267598215678448,0.267598215678448,9.460593798332984E-002,2.061222345126557E-002,7.215287085224550E-002,0.383086372956525,0.335695771876250 
 02/20  03:00:00,0.804221759845421,10.1297759349190,0.000000000000000E+000,9.79255586364931,0.000000000000000E+000,0.269621229311054,0.269621229311054,0.269621229311054,6.504158445336204E-002,1.417090225678774E-002,5.963123831382165E-002,0.378644791820797,0.311139883677288 
 02/20  04:00:00,0.796985676426175,10.3249306115920,0.000000000000000E+000,9.98125662440772,0.000000000000000E+000,0.274816781095086,0.274816781095086,0.274816781095086,6.504158445336204E-002,1.417090225678774E-002,5.252950047341648E-002,0.373314894457924,0.317960910736958 
 02/20  05:00:00,0.798636815881622,10.5834602197388,0.000000000000000E+000,10.1705260679000,0.000000000000000E+000,0.280027990582777,0.280027990582777,0.280027990582777,6.504158445336204E-002,1.417090225678774E-002,6.307145054710674E-002,0.359212874351986,0.388192390295944 
 02/20  06:00:00,0.863781347124833,11.0181761562917,0.000000000000000E+000,10.2966927860702,0.000000000000000E+000,0.283501774763827,0.283501774763827,0.283501774763827,7.095445348749738E-002,1.545916758844918E-002,7.590124009602323E-002,0.400852697499435,0.693873552858384 
 02/20  07:00:00,1.06937653491838,11.9686241890451,0.000000000000000E+000,10.6713689360249,0.000000000000000E+000,0.293817839900542,0.293817839900542,0.293817839900542,0.135996046300150,2.963007348778983E-002,0.129674688612276,0.463145872928019,1.26535482414988 
 02/20  08:00:00,1.35540399438598,12.0863431655738,0.000000000000000E+000,10.6269298814541,0.000000000000000E+000,0.292594286755720,0.292594286755720,0.292594286755720,0.271992092600300,5.926014697557965E-002,0.207318252526134,0.492127189838642,1.42551668839854 
 02/20  09:00:00,1.27260363872722,11.4234634067908,0.000000000000000E+000,10.0089344432788,0.000000000000000E+000,0.275578842364134,0.275578842364134,0.275578842364134,0.242427705633169,5.281882031727245E-002,0.268601143833745,0.416065112889305,1.38587134975576 
 02/20  10:00:00,1.10773144111648,10.8220832167762,0.000000000000000E+000,9.53569261919957,0.000000000000000E+000,0.262548940452285,0.262548940452285,0.262548940452285,0.118257380682709,2.576527020769967E-002,0.329942780038288,0.354105056045902,1.26200065088106 
 02/20  11:00:00,1.11732740610258,11.2275259064560,0.000000000000000E+000,10.0887038786507,0.000000000000000E+000,0.277775156944912,0.277775156944912,0.277775156944912,9.460593798332984E-002,2.061222345126557E-002,0.344789053358086,0.362433020675390,1.11385846994557 
 02/20  12:00:00,1.09333996442430,9.62813240819260,0.000000000000000E+000,8.62351000500932,0.000000000000000E+000,0.237433556765058,0.237433556765058,0.237433556765058,9.460593798332984E-002,2.061222345126557E-002,0.361032172331260,0.362544060203783,0.979651197174775 
 02/20  13:00:00,1.06832379151542,9.17455438060338,0.000000000000000E+000,8.27372010216898,0.000000000000000E+000,0.227802691757232,0.227802691757232,0.227802691757232,9.460593798332984E-002,2.061222345126557E-002,0.351754038491839,0.356436886142159,0.876283720612866 
 02/20  14:00:00,1.02893917784448,8.47011447203213,0.000000000000000E+000,7.63043385981518,0.000000000000000E+000,0.210090908451900,0.210090908451900,0.210090908451900,9.460593798332984E-002,2.061222345126557E-002,0.317755820474586,0.368762273793802,0.814281109872608 
 02/20  15:00:00,1.02168812897061,8.04652466092705,0.000000000000000E+000,7.26679515411553,0.000000000000000E+000,0.200078740411095,0.200078740411095,0.200078740411095,0.100518798658175,2.190048514037410E-002,0.292551425468039,0.389526665603330,0.752899800631453 
 02/20  16:00:00,1.07582759158300,8.08000929011393,0.000000000000000E+000,7.29088133594440,0.000000000000000E+000,0.200741912114636,0.200741912114636,0.200741912114636,0.118257380682709,2.576527020769967E-002,0.302771641248355,0.411179373640002,0.760806858962928 
 02/20  17:00:00,1.28823412635060,8.41974397748843,0.000000000000000E+000,7.55122417110909,0.000000000000000E+000,0.207910005535476,0.207910005535476,0.207910005535476,0.183299015291815,3.993618521342261E-002,0.353623772258094,0.486353134362196,0.835020914398522 
 02/20  18:00:00,1.73237773451155,10.0176062830201,0.000000000000000E+000,8.98522316072822,0.000000000000000E+000,0.247392708089886,0.247392708089886,0.247392708089886,0.354772225641034,7.729582883586360E-002,0.444963627674976,0.590841330580195,0.991687322239415 
 02/20  19:00:00,2.05175782670663,9.28767362483001,0.000000000000000E+000,8.10943148484697,0.000000000000000E+000,0.223279286470508,0.223279286470508,0.223279286470508,0.609025736216799,0.132691190744118,0.398174220058118,0.641475355527490,1.13405878405312 
 02/20  20:00:00,2.16694140586065,9.26214693587290,0.000000000000000E+000,8.05975103278667,0.000000000000000E+000,0.221911420435967,0.221911420435967,0.221911420435967,0.780498946566019,0.170050834366559,0.315239482993876,0.662128707808626,1.15678999146944 
 02/20  21:00:00,2.09254277777996,9.43720158421362,0.000000000000000E+000,8.31821400422707,0.000000000000000E+000,0.229027755033540,0.229027755033540,0.229027755033540,0.727283116899509,0.158456460951817,0.275771620076267,0.684891811129230,1.07181379785468 
 02/20  22:00:00,1.91678436135705,9.65825483055641,0.000000000000000E+000,8.64457564051292,0.000000000000000E+000,0.238013562906437,0.238013562906437,0.238013562906437,0.603112875541953,0.131402929055009,0.258240861123445,0.668902119040609,0.967606741346599 
 02/20  23:00:00,1.59865963133565,9.90499331705623,0.000000000000000E+000,9.06642603318236,0.000000000000000E+000,0.249628489902063,0.249628489902063,0.249628489902063,0.449378247217271,9.790805228712916E-002,0.205783766725856,0.578849061513729,0.798697483897643 
 02/20  24:00:00,1.29927048556210,10.1539935740443,0.000000000000000E+000,9.50338180882595,0.000000000000000E+000,0.261659317708818,0.261659317708818,0.261659317708818,0.313382200917121,6.827797879933933E-002,0.135829910826043,0.503009063621176,0.615965650909457 
 02/21  01:00:00,0.987989036322411,10.4070120034744,0.000000000000000E+000,9.95521727126581,0.000000000000000E+000,0.274099832169561,0.274099832169561,0.274099832169561,0.159647488999529,3.478312024422393E-002,8.628146833019194E-002,0.416065112889305,0.423137118452382 
 02/21  02:00:00,0.869086308582552,10.5863347993764,0.000000000000000E+000,10.2246024005549,0.000000000000000E+000,0.281516889649587,0.281516889649587,0.281516889649587,9.460593798332984E-002,2.061222345126557E-002,7.215287085224550E-002,0.383086372956525,0.335346285274991 
 02/21  03:00:00,0.821427035486858,10.7542169157855,0.000000000000000E+000,10.4174459114351,0.000000000000000E+000,0.286826504952490,0.286826504952490,0.286826504952490,6.504158445336204E-002,1.417090225678774E-002,5.963123831382165E-002,0.378644791820797,0.310690816758049 
 02/21  04:00:00,0.812160759247324,10.8755135748843,0.000000000000000E+000,10.5324107254454,0.000000000000000E+000,0.289991863916236,0.289991863916236,0.289991863916236,6.504158445336204E-002,1.417090225678774E-002,5.252950047341648E-002,0.373314894457924,0.317389772991604 
 02/21  05:00:00,0.812454135490002,11.0846529408108,0.000000000000000E+000,10.6723666480973,0.000000000000000E+000,0.293845310191160,0.293845310191160,0.293845310191160,6.504158445336204E-002,1.417090225678774E-002,6.307145054710674E-002,0.359212874351986,0.387544531170613 
 02/21  06:00:00,0.874983929758700,11.4243623612677,0.000000000000000E+000,10.7035669648564,0.000000000000000E+000,0.294704357397695,0.294704357397695,0.294704357397695,7.095445348749738E-002,1.545916758844918E-002,7.590124009602323E-002,0.400852697499435,0.693185579048122 
 02/21  07:00:00,1.06795550010668,11.9161812358945,0.000000000000000E+000,10.6197574111710,0.000000000000000E+000,0.292396805088846,0.292396805088846,0.292396805088846,0.135996046300150,2.963007348778983E-002,0.129674688612276,0.463145872928019,1.26452339585321 
 02/21  08:00:00,1.36895682043629,12.5777192030235,0.000000000000000E+000,11.1191641411494,0.000000000000000E+000,0.306147112806039,0.306147112806039,0.306147112806039,0.271992092600300,5.926014697557965E-002,0.207318252526134,0.492127189838642,1.42465846615286 
 02/21  09:00:00,1.29403398703846,12.2013770755809,0.000000000000000E+000,10.7872777642088,0.000000000000000E+000,0.297009190675365,0.297009190675365,0.297009190675365,0.242427705633169,5.281882031727245E-002,0.268601143833745,0.416065112889305,1.38544169761589 
 02/21  10:00:00,1.14198250037137,12.0650550468749,0.000000000000000E+000,10.7796800158882,0.000000000000000E+000,0.296799999707171,0.296799999707171,0.296799999707171,0.118257380682709,2.576527020769967E-002,0.329942780038288,0.354105056045902,1.26098508429112 
 02/21  11:00:00,1.17245435669856,13.2285420778116,0.000000000000000E+000,12.0908968984034,0.000000000000000E+000,0.332902107540887,0.332902107540887,0.332902107540887,9.460593798332984E-002,2.061222345126557E-002,0.344789053358086,0.362433020675390,1.11268162154851 
 02/21  12:00:00,1.15563719005477,11.8894895737297,0.000000000000000E+000,10.8861250954292,0.000000000000000E+000,0.299730782395531,0.299730782395531,0.299730782395531,9.460593798332984E-002,2.061222345126557E-002,0.361032172331260,0.362544060203783,0.978393272291958 
 02/21  13:00:00,1.13248007228639,11.5028242400067,0.000000000000000E+000,10.6038554741459,0.000000000000000E+000,0.291958972528194,0.291958972528194,0.291958972528194,9.460593798332984E-002,2.061222345126557E-002,0.351754038491839,0.356436886142159,0.874418208039237 
 02/21  14:00:00,1.10875808368717,11.3671342570489,0.000000000000000E+000,10.5294307097186,0.000000000000000E+000,0.289909814294583,0.289909814294583,0.289909814294583,9.460593798332984E-002,2.061222345126557E-002,0.317755820474586,0.368762273793802,0.812304044985941 
 02/21  15:00:00,1.11149655090593,11.3060111566245,0.000000000000000E+000,10.5286079982859,0.000000000000000E+000,0.289887162346417,0.289887162346417,0.289887162346417,0.100518798658175,2.190048514037410E-002,0.292551425468039,0.389526665603330,0.750573452158476 
 02/21  16:00:00,1.17089612472575,11.5299840756347,0.000000000000000E+000,10.7437397182548,0.000000000000000E+000,0.295810445257378,0.295810445257378,0.295810445257378,0.118257380682709,2.576527020769967E-002,0.302771641248355,0.411179373640002,0.757923262173355 
 02/21  17:00:00,1.37425304798201,11.5406411111610,0.000000000000000E+000,10.6754035896172,0.000000000000000E+000,0.293928927166887,0.293928927166887,0.293928927166887,0.183299015291815,3.993618521342261E-002,0.353623772258094,0.486353134362196,0.831738629563005 
 02/21  18:00:00,1.80982633338461,12.8273155325818,0.000000000000000E+000,11.7981312279589,0.000000000000000E+000,0.324841306962938,0.324841306962938,0.324841306962938,0.354772225641034,7.729582883586360E-002,0.444963627674976,0.590841330580195,0.988488504570360 
 02/21  19:00:00,2.12095125974939,11.7981180148226,0.000000000000000E+000,10.6225145985183,0.000000000000000E+000,0.292472719513269,0.292472719513269,0.292472719513269,0.609025736216799,0.132691190744118,0.398174220058118,0.641475355527490,1.13142006037440 
 02/21  20:00:00,2.23041027277607,11.5642975769623,0.000000000000000E+000,10.3649197558132,0.000000000000000E+000,0.285380287351392,0.285380287351392,0.285380287351392,0.780498946566019,0.170050834366559,0.315239482993876,0.662128707808626,1.15377190953232 
 02/21  21:00:00,2.15026067766291,11.5310601146339,0.000000000000000E+000,10.4145094642712,0.000000000000000E+000,0.286745654916488,0.286745654916488,0.286745654916488,0.727283116899509,0.158456460951817,0.275771620076267,0.684891811129230,1.06937686823087 
 02/21  22:00:00,1.97041309250722,11.6038411118917,0.000000000000000E+000,10.5923538144592,0.000000000000000E+000,0.291642294056601,0.291642294056601,0.291642294056601,0.603112875541953,0.131402929055009,0.258240861123445,0.668902119040609,0.965414848735703 
 02/21  23:00:00,1.65178447293899,11.8324120389026,0.000000000000000E+000,10.9959031017260,0.000000000000000E+000,0.302753331505402,0.302753331505402,0.302753331505402,0.449378247217271,9.790805228712916E-002,0.205783766725856,0.578849061513729,0.796639137200419 
 02/21  24:00:00,1.35350710980661,12.1217016075539,0.000000000000000E+000,11.4732384633903,0.000000000000000E+000,0.315895941953335,0.315895941953335,0.315895941953335,0.313382200917121,6.827797879933933E-002,0.135829910826043,0.503009063621176,0.613817029854728 
 02/22  01:00:00,1.04312404442388,12.4073887173285,0.000000000000000E+000,11.9577029370127,0.000000000000000E+000,0.329234840271034,0.329234840271034,0.329234840271034,0.159647488999529,3.478312024422393E-002,8.628146833019194E-002,0.416065112889305,0.421028166559680 
 02/22  02:00:00,0.923415164163999,12.5574270362982,0.000000000000000E+000,12.1978088674526,0.000000000000000E+000,0.335845745231034,0.335845745231034,0.335845745231034,9.460593798332984E-002,2.061222345126557E-002,7.215287085224550E-002,0.383086372956525,0.333232055299125 
 02/22  03:00:00,0.873930403745452,12.6589699573926,0.000000000000000E+000,12.3243512690576,0.000000000000000E+000,0.339329873211084,0.339329873211084,0.339329873211084,6.504158445336204E-002,1.417090225678774E-002,5.963123831382165E-002,0.378644791820797,0.308538500742556 
 02/22  04:00:00,0.861267189859473,12.6568798125825,0.000000000000000E+000,12.3159404061855,0.000000000000000E+000,0.339098294528385,0.339098294528385,0.339098294528385,6.504158445336204E-002,1.417090225678774E-002,5.252950047341648E-002,0.373314894457924,0.315226329949676 
 02/22  05:00:00,0.860593191342350,12.8308430114014,0.000000000000000E+000,12.4207615903724,0.000000000000000E+000,0.341984366043505,0.341984366043505,0.341984366043505,6.504158445336204E-002,1.417090225678774E-002,6.307145054710674E-002,0.359212874351986,0.385339659486195 
 02/22  06:00:00,0.926428254315255,13.2904649030951,0.000000000000000E+000,12.5720081976742,0.000000000000000E+000,0.346148681954249,0.346148681954249,0.346148681954249,7.095445348749738E-002,1.545916758844918E-002,7.590124009602323E-002,0.400852697499435,0.690846888057760 
 02/22  07:00:00,1.11453989646677,13.6055636167599,0.000000000000000E+000,12.3116876234032,0.000000000000000E+000,0.338981201448936,0.338981201448936,0.338981201448936,0.135996046300150,2.963007348778983E-002,0.129674688612276,0.463145872928019,1.26197556448639 
 02/22  08:00:00,1.40646499586522,13.9372616772836,0.000000000000000E+000,12.4814489440555,0.000000000000000E+000,0.343655288234966,0.343655288234966,0.343655288234966,0.271992092600300,5.926014697557965E-002,0.207318252526134,0.492127189838642,1.42191613750692 
 02/22  09:00:00,1.33037849905333,13.5186123256145,0.000000000000000E+000,12.1072986881995,0.000000000000000E+000,0.333353702690235,0.333353702690235,0.333353702690235,0.242427705633169,5.281882031727245E-002,0.268601143833745,0.416065112889305,1.38265602365883 
 02/22  10:00:00,1.16925822938587,13.0533193055699,0.000000000000000E+000,11.7703256737942,0.000000000000000E+000,0.324075728721676,0.324075728721676,0.324075728721676,0.118257380682709,2.576527020769967E-002,0.329942780038288,0.354105056045902,1.25860368508003 
 02/22  11:00:00,1.17806031026378,13.4298496751470,0.000000000000000E+000,12.2945033191468,0.000000000000000E+000,0.338508061106110,0.338508061106110,0.338508061106110,9.460593798332984E-002,2.061222345126557E-002,0.344789053358086,0.362433020675390,1.11038279814057 
 02/22  12:00:00,1.16100204993670,12.0822947562830,0.000000000000000E+000,11.0809750715556,0.000000000000000E+000,0.305095642277457,0.305095642277457,0.305095642277457,9.460593798332984E-002,2.061222345126557E-002,0.361032172331260,0.362544060203783,0.976348478718858 
 02/22  13:00:00,1.12718233909840,11.3087044443497,0.000000000000000E+000,10.4114435178375,0.000000000000000E+000,0.286661239340208,0.286661239340208,0.286661239340208,9.460593798332984E-002,2.061222345126557E-002,0.351754038491839,0.356436886142159,0.872710368690711 
 02/22  14:00:00,1.09281314113688,10.7866169474080,0.000000000000000E+000,9.95031555226107,0.000000000000000E+000,0.273964871744296,0.273964871744296,0.273964871744296,9.460593798332984E-002,2.061222345126557E-002,0.317755820474586,0.368762273793802,0.810901892802601 
 02/22  15:00:00,1.08457994621172,10.3271939124622,0.000000000000000E+000,9.55100561956611,0.000000000000000E+000,0.262970557652202,0.262970557652202,0.262970557652202,0.100518798658175,2.190048514037410E-002,0.292551425468039,0.389526665603330,0.749358586716073 
 02/22  16:00:00,1.13513592558986,10.2303931281966,0.000000000000000E+000,9.44494084908483,0.000000000000000E+000,0.260050246121490,0.260050246121490,0.260050246121490,0.118257380682709,2.576527020769967E-002,0.302771641248355,0.411179373640002,0.757131183905137 
 02/22  17:00:00,1.33277298655021,10.0336212730840,0.000000000000000E+000,9.16886117143848,0.000000000000000E+000,0.252448865735076,0.252448865735076,0.252448865735076,0.183299015291815,3.993618521342261E-002,0.353623772258094,0.486353134362196,0.831261209664705 
 02/22  18:00:00,1.75549625964155,10.8538269071025,0.000000000000000E+000,9.82488051782551,0.000000000000000E+000,0.270511233219880,0.270511233219880,0.270511233219880,0.354772225641034,7.729582883586360E-002,0.444963627674976,0.590841330580195,0.988250589224500 
 02/22  19:00:00,2.07028295191326,9.95795932108445,0.000000000000000E+000,8.78225804205281,0.000000000000000E+000,0.241804411677132,0.241804411677132,0.241804411677132,0.609025736216799,0.132691190744118,0.398174220058118,0.641475355527490,1.13151792310168 
 02/22  20:00:00,2.18481922641879,9.90935845044058,0.000000000000000E+000,8.70906769447247,0.000000000000000E+000,0.239789240994107,0.239789240994107,0.239789240994107,0.780498946566019,0.170050834366559,0.315239482993876,0.662128707808626,1.15468484435133 
 02/22  21:00:00,2.11099877919193,10.1053312804835,0.000000000000000E+000,8.98853000756300,0.000000000000000E+000,0.247483756445510,0.247483756445510,0.247483756445510,0.727283116899509,0.158456460951817,0.275771620076267,0.684891811129230,1.06962749078866 
 02/22  22:00:00,1.93011059785817,10.1401926210620,0.000000000000000E+000,9.12858024105146,0.000000000000000E+000,0.251339799407555,0.251339799407555,0.251339799407555,0.603112875541953,0.131402929055009,0.258240861123445,0.668902119040609,0.965539931313655 
 02/22  23:00:00,1.60706090364563,10.2083376150552,0.000000000000000E+000,9.37155752683908,0.000000000000000E+000,0.258029762212047,0.258029762212047,0.258029762212047,0.449378247217271,9.790805228712916E-002,0.205783766725856,0.578849061513729,0.796910288239846 
 02/22  24:00:00,1.30323827225906,10.2963755577507,0.000000000000000E+000,9.64749053863317,0.000000000000000E+000,0.265627104405783,0.265627104405783,0.265627104405783,0.313382200917121,6.827797879933933E-002,0.135829910826043,0.503009063621176,0.614238904808606 
 02/23  01:00:00,0.991308499041359,10.5260731973187,0.000000000000000E+000,10.0757790838341,0.000000000000000E+000,0.277419294888512,0.277419294888512,0.277419294888512,0.159647488999529,3.478312024422393E-002,8.628146833019194E-002,0.416065112889305,0.421636499728408 
 02/23  02:00:00,0.874383599527639,10.7774262213340,0.000000000000000E+000,10.4169982947444,0.000000000000000E+000,0.286814180594675,0.286814180594675,0.286814180594675,9.460593798332984E-002,2.061222345126557E-002,7.215287085224550E-002,0.383086372956525,0.334041813043020 
 02/23  03:00:00,0.828616891968378,11.0142082793944,0.000000000000000E+000,10.6785791739263,0.000000000000000E+000,0.294016361434009,0.294016361434009,0.294016361434009,6.504158445336204E-002,1.417090225678774E-002,5.963123831382165E-002,0.378644791820797,0.309548917875700 
 02/23  04:00:00,0.821884416540743,11.2276134033036,0.000000000000000E+000,10.8855708140931,0.000000000000000E+000,0.299715521209656,0.299715521209656,0.299715521209656,6.504158445336204E-002,1.417090225678774E-002,5.252950047341648E-002,0.373314894457924,0.316329512763161 
 02/23  05:00:00,0.822800840016190,11.4593620032948,0.000000000000000E+000,11.0481556107700,0.000000000000000E+000,0.304192014717345,0.304192014717345,0.304192014717345,6.504158445336204E-002,1.417090225678774E-002,6.307145054710674E-002,0.359212874351986,0.386464630981863 
 02/23  06:00:00,0.886821735756724,11.8530401480924,0.000000000000000E+000,11.1335122508226,0.000000000000000E+000,0.306542163395718,0.306542163395718,0.306542163395718,7.095445348749738E-002,1.545916758844918E-002,7.590124009602323E-002,0.400852697499435,0.691918079906549 
 02/23  07:00:00,1.09705562151918,12.9714913361545,0.000000000000000E+000,11.6766644110353,0.000000000000000E+000,0.321496926501347,0.321496926501347,0.321496926501347,0.135996046300150,2.963007348778983E-002,0.129674688612276,0.463145872928019,1.26292649624884 
 02/23  08:00:00,1.38366944065760,13.1103616850795,0.000000000000000E+000,11.6535217501031,0.000000000000000E+000,0.320859733027348,0.320859733027348,0.320859733027348,0.271992092600300,5.926014697557965E-002,0.207318252526134,0.492127189838642,1.42294333925525 
 02/23  09:00:00,1.29637731674001,12.2842534452728,0.000000000000000E+000,10.8723867412285,0.000000000000000E+000,0.299352520376922,0.299352520376922,0.299352520376922,0.242427705633169,5.281882031727245E-002,0.268601143833745,0.416065112889305,1.38320909028816 
 02/23  10:00:00,1.11447339842638,11.0643992895181,0.000000000000000E+000,9.78055832861057,0.000000000000000E+000,0.269290897762183,0.269290897762183,0.269290897762183,0.118257380682709,2.576527020769967E-002,0.329942780038288,0.354105056045902,1.25945101421191 
 02/23  11:00:00,1.11442567066434,11.1200834317218,0.000000000000000E+000,9.98331378584100,0.000000000000000E+000,0.274873421506666,0.274873421506666,0.274873421506666,9.460593798332984E-002,2.061222345126557E-002,0.344789053358086,0.362433020675390,1.11180608802114 
 02/23  12:00:00,1.06900565544824,8.74248072414607,0.000000000000000E+000,7.73969577175964,0.000000000000000E+000,0.213099247788997,0.213099247788997,0.213099247788997,9.460593798332984E-002,2.061222345126557E-002,0.361032172331260,0.362544060203783,0.977813746377913 
 02/23  13:00:00,1.02155388884851,7.47496304758610,0.000000000000000E+000,6.57505236085826,0.000000000000000E+000,0.181032789090315,0.181032789090315,0.181032789090315,9.460593798332984E-002,2.061222345126557E-002,0.351754038491839,0.356436886142159,0.875360128906271 
 02/23  14:00:00,0.976319851753184,6.55884080595525,0.000000000000000E+000,5.71931695120498,0.000000000000000E+000,0.157471582360601,0.157471582360601,0.157471582360601,9.460593798332984E-002,2.061222345126557E-002,0.317755820474586,0.368762273793802,0.814124352405933 
 02/23  15:00:00,0.962428589734839,5.89474323551437,0.000000000000000E+000,5.11450785128248,0.000000000000000E+000,0.140819201175323,0.140819201175323,0.140819201175323,0.100518798658175,2.190048514037410E-002,0.292551425468039,0.389526665603330,0.753405678051819 
 02/23  16:00:00,1.01162855317885,5.74853319186326,0.000000000000000E+000,4.95919302055599,0.000000000000000E+000,0.136542873710482,0.136542873710482,0.136542873710482,0.118257380682709,2.576527020769967E-002,0.302771641248355,0.411179373640002,0.761019076100674 
 02/23  17:00:00,1.21787851898588,5.86517207327335,0.000000000000000E+000,4.99593126186553,0.000000000000000E+000,0.137554398170748,0.137554398170748,0.137554398170748,0.183299015291815,3.993618521342261E-002,0.353623772258094,0.486353134362196,0.835741919427014 
 02/23  18:00:00,1.66038892693033,7.40379820402396,0.000000000000000E+000,6.37061294773431,0.000000000000000E+000,0.175403900508660,0.175403900508660,0.175403900508660,0.354772225641034,7.729582883586360E-002,0.444963627674976,0.590841330580195,0.992489456237191 
 02/23  19:00:00,1.98682623024796,6.93010773354397,0.000000000000000E+000,5.75113689779889,0.000000000000000E+000,0.158347690011833,0.158347690011833,0.158347690011833,0.609025736216799,0.132691190744118,0.398174220058118,0.641475355527490,1.13478747981515 
 02/23  20:00:00,2.11483187363499,7.37074395858226,0.000000000000000E+000,6.16714967252921,0.000000000000000E+000,0.169801888210309,0.169801888210309,0.169801888210309,0.780498946566019,0.170050834366559,0.315239482993876,0.662128707808626,1.15798837443626 
 02/23  21:00:00,2.05540057329924,8.08940784272743,0.000000000000000E+000,6.96922114781907,0.000000000000000E+000,0.191885550552818,0.191885550552818,0.191885550552818,0.727283116899509,0.158456460951817,0.275771620076267,0.684891811129230,1.07301291277650 
 02/23  22:00:00,1.89047247087846,8.70316624953610,0.000000000000000E+000,7.68893628656344,0.000000000000000E+000,0.211701672427840,0.211701672427840,0.211701672427840,0.603112875541953,0.131402929055009,0.258240861123445,0.668902119040609,0.968157514275769 
 02/23  23:00:00,1.58285522054204,9.33124132689003,0.000000000000000E+000,8.49241494368513,0.000000000000000E+000,0.233824079108460,0.233824079108460,0.233824079108460,0.449378247217271,9.790805228712916E-002,0.205783766725856,0.578849061513729,0.798956583228647 
 02/23  24:00:00,1.29296143893970,9.92476165360858,0.000000000000000E+000,9.27423927559887,0.000000000000000E+000,0.255350271086427,0.255350271086427,0.255350271086427,0.313382200917121,6.827797879933933E-002,0.135829910826043,0.503009063621176,0.615876263700806 
 02/24  01:00:00,0.984137008542310,10.2668536930940,0.000000000000000E+000,9.81531286788726,0.000000000000000E+000,0.270247804389462,0.270247804389462,0.270247804389462,0.159647488999529,3.478312024422393E-002,8.628146833019194E-002,0.416065112889305,0.422883211450557 
 02/24  02:00:00,0.866373858812055,10.4875282101204,0.000000000000000E+000,10.1260871019903,0.000000000000000E+000,0.278804439879090,0.278804439879090,0.278804439879090,9.460593798332984E-002,2.061222345126557E-002,7.215287085224550E-002,0.383086372956525,0.335054994583551 
 02/24  03:00:00,0.818616987269530,10.6516964261653,0.000000000000000E+000,10.3153858688411,0.000000000000000E+000,0.284016456735161,0.284016456735161,0.284016456735161,6.504158445336204E-002,1.417090225678774E-002,5.963123831382165E-002,0.378644791820797,0.310230369731894 
 02/24  04:00:00,0.810329596197272,10.8085360472672,0.000000000000000E+000,10.4659034755938,0.000000000000000E+000,0.288160700866185,0.288160700866185,0.288160700866185,6.504158445336204E-002,1.417090225678774E-002,5.252950047341648E-002,0.373314894457924,0.316919495225988 
 02/24  05:00:00,0.810000106163461,10.9949084400572,0.000000000000000E+000,10.5832370964941,0.000000000000000E+000,0.291391280864616,0.291391280864616,0.291391280864616,6.504158445336204E-002,1.417090225678774E-002,6.307145054710674E-002,0.359212874351986,0.386929582020176 
 02/24  06:00:00,0.872088431835418,11.3182515099800,0.000000000000000E+000,10.5984034165733,0.000000000000000E+000,0.291808859474412,0.291808859474412,0.291808859474412,7.095445348749738E-002,1.545916758844918E-002,7.590124009602323E-002,0.400852697499435,0.692238276043495 
 02/24  07:00:00,1.05995017583185,11.6239076922075,0.000000000000000E+000,10.3290066221170,0.000000000000000E+000,0.284391480814016,0.284391480814016,0.284391480814016,0.135996046300150,2.963007348778983E-002,0.129674688612276,0.463145872928019,1.26300064122016 
 02/24  08:00:00,1.33703639012241,11.4166531000506,0.000000000000000E+000,9.95982443396389,0.000000000000000E+000,0.274226682492152,0.274226682492152,0.274226682492152,0.271992092600300,5.926014697557965E-002,0.207318252526134,0.492127189838642,1.42293207036545 
 02/24  09:00:00,1.26335117623079,11.0854097664052,0.000000000000000E+000,9.67288799729168,0.000000000000000E+000,0.266326379867698,0.266326379867698,0.266326379867698,0.242427705633169,5.281882031727245E-002,0.268601143833745,0.416065112889305,1.38386415535735 
 02/24  10:00:00,1.07969072628431,9.80147905157786,0.000000000000000E+000,8.51726292376225,0.000000000000000E+000,0.234508225620114,0.234508225620114,0.234508225620114,0.118257380682709,2.576527020769967E-002,0.329942780038288,0.354105056045902,1.25982618111999 
 02/24  11:00:00,1.06800503007442,9.43441805284088,0.000000000000000E+000,8.29733113022915,0.000000000000000E+000,0.228452780916745,0.228452780916745,0.228452780916745,9.460593798332984E-002,2.061222345126557E-002,0.344789053358086,0.362433020675390,1.11212336475205 
 02/24  12:00:00,1.02263735698013,7.05907552013187,0.000000000000000E+000,6.05561416508673,0.000000000000000E+000,0.166730949320892,0.166730949320892,0.166730949320892,9.460593798332984E-002,2.061222345126557E-002,0.361032172331260,0.362544060203783,0.978490149036604 
 02/24  13:00:00,0.973123004675039,5.71676442253299,0.000000000000000E+000,4.81605830832587,0.000000000000000E+000,0.132601904916847,0.132601904916847,0.132601904916847,9.460593798332984E-002,2.061222345126557E-002,0.351754038491839,0.356436886142159,0.876155556385579 
 02/24  14:00:00,0.928576020723289,4.82580520064552,0.000000000000000E+000,3.98527644668119,0.000000000000000E+000,0.109727751330707,0.109727751330707,0.109727751330707,9.460593798332984E-002,2.061222345126557E-002,0.317755820474586,0.368762273793802,0.815129251619982 
 02/24  15:00:00,0.914456723401802,4.15345246756729,0.000000000000000E+000,3.37218517828615,0.000000000000000E+000,9.284733484228511E-002,9.284733484228511E-002,9.284733484228511E-002,0.100518798658175,2.190048514037410E-002,0.292551425468039,0.389526665603330,0.754437583101084 
 02/24  16:00:00,0.961952817863050,3.94537003422564,0.000000000000000E+000,3.15498637707019,0.000000000000000E+000,8.686713839468373E-002,8.686713839468373E-002,8.686713839468373E-002,0.118257380682709,2.576527020769967E-002,0.302771641248355,0.411179373640002,0.762062561948842 
 02/24  17:00:00,1.16905844630202,4.09324250379238,0.000000000000000E+000,3.22280200848421,0.000000000000000E+000,8.873432548689332E-002,8.873432548689332E-002,8.873432548689332E-002,0.183299015291815,3.993618521342261E-002,0.353623772258094,0.486353134362196,0.836941603327394 
 02/24  18:00:00,1.60301301426559,5.32107458182712,0.000000000000000E+000,4.28673835287013,0.000000000000000E+000,0.118027987843918,0.118027987843918,0.118027987843918,0.354772225641034,7.729582883586360E-002,0.444963627674976,0.590841330580195,0.993640428904515 
 02/24  19:00:00,1.93194057938372,4.93809551923420,0.000000000000000E+000,3.75770780627584,0.000000000000000E+000,0.103462039147589,0.103462039147589,0.103462039147589,0.609025736216799,0.132691190744118,0.398174220058118,0.641475355527490,1.13620435702840 
 02/24  20:00:00,2.05384966580860,5.15689173805881,0.000000000000000E+000,3.95229560352831,0.000000000000000E+000,0.108819680383918,0.108819680383918,0.108819680383918,0.780498946566019,0.170050834366559,0.315239482993876,0.662128707808626,1.15899022291370 
 02/24  21:00:00,1.98573045663227,5.56007118689542,0.000000000000000E+000,4.43882503905719,0.000000000000000E+000,0.122215433885846,0.122215433885846,0.122215433885846,0.727283116899509,0.158456460951817,0.275771620076267,0.684891811129230,1.07407236570637 
 02/24  22:00:00,1.81474336044808,5.95428163168330,0.000000000000000E+000,4.93847948355562,0.000000000000000E+000,0.135972561997464,0.135972561997464,0.135972561997464,0.603112875541953,0.131402929055009,0.258240861123445,0.668902119040609,0.969729699430792 
 02/24  23:00:00,1.50051821522572,6.34276596874594,0.000000000000000E+000,5.50196153515357,0.000000000000000E+000,0.151487073792135,0.151487073792135,0.151487073792135,0.449378247217271,9.790805228712916E-002,0.205783766725856,0.578849061513729,0.800934633616130 
 02/24  24:00:00,1.20469638624289,6.72082549879132,0.000000000000000E+000,6.06848110310600,0.000000000000000E+000,0.167085218389614,0.167085218389614,0.167085218389614,0.313382200917121,6.827797879933933E-002,0.135829910826043,0.503009063621176,0.617698281376394 
 02/25  01:00:00,0.902329687270186,7.07626839749849,0.000000000000000E+000,6.60534317788068,0.000000000000000E+000,0.181866794781591,0.181866794781591,0.181866794781591,0.159647488999529,3.478312024422393E-002,9.285515666593923E-002,0.416065112889305,0.442267605861649 
 02/25  02:00:00,0.783918625381543,7.36042640228285,0.000000000000000E+000,6.98798493379450,0.000000000000000E+000,0.192402179215618,0.192402179215618,0.192402179215618,9.460593798332984E-002,2.061222345126557E-002,7.609989808520642E-002,0.383086372956525,0.346055354941815 
 02/25  03:00:00,0.737452865745112,7.61763148297220,0.000000000000000E+000,7.27269180919060,0.000000000000000E+000,0.200241094694522,0.200241094694522,0.200241094694522,6.504158445336204E-002,1.417090225678774E-002,6.224247883004267E-002,0.378644791820797,0.318859486189249 
 02/25  04:00:00,0.729357436148093,7.82717439023122,0.000000000000000E+000,7.47542972814677,0.000000000000000E+000,0.205823135552705,0.205823135552705,0.205823135552705,6.504158445336204E-002,1.417090225678774E-002,5.389490573771482E-002,0.373314894457924,0.326031585637099 
 02/25  05:00:00,0.731251068868976,8.05443319638110,0.000000000000000E+000,7.62608194048814,0.000000000000000E+000,0.209971085817732,0.209971085817732,0.209971085817732,6.504158445336204E-002,1.417090225678774E-002,6.574260829950677E-002,0.359212874351986,0.403609494350054 
 02/25  06:00:00,0.795426520560971,8.42875456182339,0.000000000000000E+000,7.66527691897902,0.000000000000000E+000,0.211050252322439,0.211050252322439,0.211050252322439,7.095445348749738E-002,1.545916758844918E-002,7.999793597354952E-002,0.400852697499435,0.735867825481214 
 02/25  07:00:00,1.00280045129752,9.25943325241765,0.000000000000000E+000,7.86743163041096,0.000000000000000E+000,0.216616235561773,0.216616235561773,0.216616235561773,0.135996046300150,2.963007348778983E-002,0.140300209330190,0.463145872928019,1.36010119313639 
 02/25  08:00:00,1.28001016789787,8.69498882922900,0.000000000000000E+000,7.12007604578831,0.000000000000000E+000,0.196039081418957,0.196039081418957,0.196039081418957,0.271992092600300,5.926014697557965E-002,0.228479631374793,0.492127189838642,1.54101618771946 
 02/25  09:00:00,1.21476276119987,8.26659645957346,0.000000000000000E+000,6.73005925301240,0.000000000000000E+000,0.185300637994750,0.185300637994750,0.185300637994750,0.242427705633169,5.281882031727245E-002,0.301038470675778,0.416065112889305,1.50787959280486 
 02/25  10:00:00,1.05534478131722,7.39706529539500,0.000000000000000E+000,5.99751128446711,0.000000000000000E+000,0.165131186162294,0.165131186162294,0.165131186162294,0.118257380682709,2.576527020769967E-002,0.374973874529018,0.354105056045902,1.37516406423229 
 02/25  11:00:00,1.05202089134505,7.10439548170273,0.000000000000000E+000,5.86752991733673,0.000000000000000E+000,0.161552372165091,0.161552372165091,0.161552372165091,9.460593798332984E-002,2.061222345126557E-002,0.395705323380369,0.362433020675390,1.21190200650632 
 02/25  12:00:00,1.02725773584708,5.40416198910469,0.000000000000000E+000,4.31704853346017,0.000000000000000E+000,0.118862526677816,0.118862526677816,0.118862526677816,9.460593798332984E-002,2.061222345126557E-002,0.413520973841281,0.362544060203783,1.06214224963600 
 02/25  13:00:00,0.986609757156285,4.54293766419942,0.000000000000000E+000,3.56942928700201,0.000000000000000E+000,9.827811305859782E-002,9.827811305859782E-002,9.827811305859782E-002,9.460593798332984E-002,2.061222345126557E-002,0.399564582831336,0.356436886142159,0.948957819375865 
 02/25  14:00:00,0.949191774802690,4.05395890155258,0.000000000000000E+000,3.15092945576141,0.000000000000000E+000,8.675543802496127E-002,8.675543802496127E-002,8.675543802496127E-002,9.460593798332984E-002,2.061222345126557E-002,0.361343887859729,0.368762273793802,0.877629943446826 
 02/25  15:00:00,0.940411654294327,3.73154736918887,0.000000000000000E+000,2.89383060894533,0.000000000000000E+000,7.967666225914520E-002,7.967666225914520E-002,7.967666225914520E-002,0.100518798658175,2.190048514037410E-002,0.331677028943703,0.389526665603330,0.810887054063477 
 02/25  16:00:00,0.994087769439168,3.82302225355777,0.000000000000000E+000,2.97614643967100,0.000000000000000E+000,8.194308746835975E-002,8.194308746835975E-002,8.194308746835975E-002,0.118257380682709,2.576527020769967E-002,0.339830643750797,0.411179373640002,0.818554718680176 
 02/25  17:00:00,1.20655485047988,4.21855336186832,0.000000000000000E+000,3.28013102710475,0.000000000000000E+000,9.031278168269087E-002,9.031278168269087E-002,9.031278168269087E-002,0.183299015291815,3.993618521342261E-002,0.389541720240152,0.486353134362196,0.904923442782756 
 02/25  18:00:00,1.65159542730853,5.88274231175267,0.000000000000000E+000,4.76726418377885,0.000000000000000E+000,0.131258442390137,0.131258442390137,0.131258442390137,0.354772225641034,7.729582883586360E-002,0.480315586171698,0.590841330580195,1.07478232792132 
 02/25  19:00:00,1.97882272462677,5.49828422071286,0.000000000000000E+000,4.21431159895911,0.000000000000000E+000,0.116033841402846,0.116033841402846,0.116033841402846,0.609025736216799,0.132691190744118,0.432484563045918,0.641475355527490,1.23978926582381 
 02/25  20:00:00,2.10157185423194,5.76207359263077,0.000000000000000E+000,4.44179066167446,0.000000000000000E+000,0.122297087217915,0.122297087217915,0.122297087217915,0.780498946566019,0.170050834366559,0.349484264583227,0.662128707808626,1.27467701933953 
 02/25  21:00:00,2.03434730175266,6.17017112924512,0.000000000000000E+000,4.93863634086244,0.000000000000000E+000,0.135976880794362,0.135976880794362,0.135976880794362,0.727283116899509,0.158456460951817,0.310627018288144,0.684891811129230,1.18436100625082 
 02/25  22:00:00,1.86280303424700,6.49935809283401,0.000000000000000E+000,5.39076071134765,0.000000000000000E+000,0.148425349842593,0.148425349842593,0.148425349842593,0.603112875541953,0.131402929055009,0.293847747077229,0.668902119040609,1.06252493278947 
 02/25  23:00:00,1.53962988849072,6.80857187275225,0.000000000000000E+000,5.89488373070280,0.000000000000000E+000,0.162305512498299,0.162305512498299,0.162305512498299,0.449378247217271,9.790805228712916E-002,0.234077001284697,0.578849061513729,0.873818342073209 
 02/25  24:00:00,1.22871890515255,7.07440293461510,0.000000000000000E+000,6.37675021135256,0.000000000000000E+000,0.175572879535627,0.175572879535627,0.175572879535627,0.313382200917121,6.827797879933933E-002,0.151364768589688,0.503009063621176,0.663006608953652 
 02/26  01:00:00,0.907859517907892,7.27720370535253,0.000000000000000E+000,6.80618483851182,0.000000000000000E+000,0.187396625419296,0.187396625419296,0.187396625419296,0.159647488999529,3.478312024422393E-002,9.285515666593923E-002,0.416065112889305,0.442361253084519 
 02/26  02:00:00,0.786486804367657,7.45427373116352,0.000000000000000E+000,7.08126036412179,0.000000000000000E+000,0.194970358201731,0.194970358201731,0.194970358201731,9.460593798332984E-002,2.061222345126557E-002,7.609989808520642E-002,0.383086372956525,0.346627253495203 
 02/26  03:00:00,0.738535530988721,7.65733000852941,0.000000000000000E+000,7.31201386074708,0.000000000000000E+000,0.201323759938133,0.201323759938133,0.201323759938133,6.504158445336204E-002,1.417090225678774E-002,6.224247883004267E-002,0.378644791820797,0.319235960189983 
 02/26  04:00:00,0.730126512433237,7.85518872194756,0.000000000000000E+000,7.50336233013414,0.000000000000000E+000,0.206592211837850,0.206592211837850,0.206592211837850,6.504158445336204E-002,1.417090225678774E-002,5.389490573771482E-002,0.373314894457924,0.326113315366074 
 02/26  05:00:00,0.729074394281690,7.97541264677096,0.000000000000000E+000,7.54702582332908,0.000000000000000E+000,0.207794411230446,0.207794411230446,0.207794411230446,6.504158445336204E-002,1.417090225678774E-002,6.574260829950677E-002,0.359212874351986,0.403645061898972 
 02/26  06:00:00,0.792968875630849,8.33930485344271,0.000000000000000E+000,7.57601604982288,0.000000000000000E+000,0.208592607392316,0.208592607392316,0.208592607392316,7.095445348749738E-002,1.545916758844918E-002,7.999793597354952E-002,0.400852697499435,0.735678986256657 
 02/26  07:00:00,0.994550245542002,8.95939535864489,0.000000000000000E+000,7.56778682516342,0.000000000000000E+000,0.208366029806255,0.208366029806255,0.208366029806255,0.135996046300150,2.963007348778983E-002,0.140300209330190,0.463145872928019,1.35970810461115 
 02/26  08:00:00,1.29802635036022,9.34917203024447,0.000000000000000E+000,7.77441796709406,0.000000000000000E+000,0.214055263881302,0.214055263881302,0.214055263881302,0.271992092600300,5.926014697557965E-002,0.228479631374793,0.492127189838642,1.54085746742922 
 02/26  09:00:00,1.23243413193397,8.90806690040801,0.000000000000000E+000,7.37187772384668,0.000000000000000E+000,0.202972008728844,0.202972008728844,0.202972008728844,0.242427705633169,5.281882031727245E-002,0.301038470675778,0.416065112889305,1.50753156280516 
 02/26  10:00:00,1.08488431780555,8.46938528815198,0.000000000000000E+000,7.07037769779608,0.000000000000000E+000,0.194670722650626,0.194670722650626,0.194670722650626,0.118257380682709,2.576527020769967E-002,0.374973874529018,0.354105056045902,1.37461764366028 
 02/26  11:00:00,1.10054781566259,8.86601381281924,0.000000000000000E+000,7.63001211684625,0.000000000000000E+000,0.210079296482632,0.210079296482632,0.210079296482632,9.460593798332984E-002,2.061222345126557E-002,0.395705323380369,0.362433020675390,1.21103813811333 
 02/26  12:00:00,1.08516817206404,7.50596034706625,0.000000000000000E+000,6.42033685089707,0.000000000000000E+000,0.176772962894779,0.176772962894779,0.176772962894779,9.460593798332984E-002,2.061222345126557E-002,0.413520973841281,0.362544060203783,1.06065229016065 
 02/26  13:00:00,1.04350284891658,6.60712943598321,0.000000000000000E+000,5.63576798274214,0.000000000000000E+000,0.155171204818897,0.155171204818897,0.155171204818897,9.460593798332984E-002,2.061222345126557E-002,0.399564582831336,0.356436886142159,0.946810895419505 
 02/26  14:00:00,1.01016017851571,6.26623234726895,0.000000000000000E+000,5.36528216382844,0.000000000000000E+000,0.147723841737984,0.147723841737984,0.147723841737984,9.460593798332984E-002,2.061222345126557E-002,0.361343887859729,0.368762273793802,0.875550681096160 
 02/26  15:00:00,1.01260350061180,6.35159630284228,0.000000000000000E+000,5.51581512318510,0.000000000000000E+000,0.151868508576621,0.151868508576621,0.151868508576621,0.100518798658175,2.190048514037410E-002,0.331677028943703,0.389526665603330,0.808951473477128 
 02/26  16:00:00,1.06635339172275,6.44519622909350,0.000000000000000E+000,5.60081047314357,0.000000000000000E+000,0.154208709751944,0.154208709751944,0.154208709751944,0.118257380682709,2.576527020769967E-002,0.339830643750797,0.411179373640002,0.816064660743317 
 02/26  17:00:00,1.27859625051307,6.83220956784664,0.000000000000000E+000,5.89665138094789,0.000000000000000E+000,0.162354181715887,0.162354181715887,0.162354181715887,0.183299015291815,3.993618521342261E-002,0.389541720240152,0.486353134362196,0.902059294917961 
 02/26  18:00:00,1.71806618337634,8.29385579377263,0.000000000000000E+000,7.18146055012684,0.000000000000000E+000,0.197729198457946,0.197729198457946,0.197729198457946,0.354772225641034,7.729582883586360E-002,0.480315586171698,0.590841330580195,1.07169944359331 
 02/26  19:00:00,2.04698683012175,7.97101741977428,0.000000000000000E+000,6.69000986893928,0.000000000000000E+000,0.184197946897828,0.184197946897828,0.184197946897828,0.609025736216799,0.132691190744118,0.432484563045918,0.641475355527490,1.23682419490508 
 02/26  20:00:00,2.16847536201741,8.18884375067759,0.000000000000000E+000,6.87170443047287,0.000000000000000E+000,0.189200595003382,0.189200595003382,0.189200595003382,0.780498946566019,0.170050834366559,0.349484264583227,0.662128707808626,1.27153340858794 
 02/26  21:00:00,2.10110880677116,8.59165301986164,0.000000000000000E+000,7.36339261508285,0.000000000000000E+000,0.202738385812866,0.202738385812866,0.202738385812866,0.727283116899509,0.158456460951817,0.310627018288144,0.684891811129230,1.18108662264693 
 02/26  22:00:00,1.92038953474422,8.58773614663439,0.000000000000000E+000,7.48228378819185,0.000000000000000E+000,0.206011850339821,0.206011850339821,0.206011850339821,0.603112875541953,0.131402929055009,0.293847747077229,0.668902119040609,1.05937990974564 
 02/26  23:00:00,1.58796942839552,8.56107955504500,0.000000000000000E+000,7.65056018893420,0.000000000000000E+000,0.210645052403095,0.210645052403095,0.210645052403095,0.449378247217271,9.790805228712916E-002,0.234077001284697,0.578849061513729,0.870649566134571 
 02/26  24:00:00,1.27460755370953,8.73897697607929,0.000000000000000E+000,8.04341108835347,0.000000000000000E+000,0.221461528092610,0.221461528092610,0.221461528092610,0.313382200917121,6.827797879933933E-002,0.151364768589688,0.503009063621176,0.660919773416910 
 02/27  01:00:00,0.941173702853574,8.70697103796403,0.000000000000000E+000,8.25489949791990,0.000000000000000E+000,0.227284498700724,0.227284498700724,0.227284498700724,0.159647488999529,3.478312024422393E-002,8.628146833019194E-002,0.416065112889305,0.423413926287948 
 02/27  02:00:00,0.821466591906362,8.85732893818023,0.000000000000000E+000,8.49506968922390,0.000000000000000E+000,0.233897172973396,0.233897172973396,0.233897172973396,9.460593798332984E-002,2.061222345126557E-002,7.215287085224550E-002,0.383086372956525,0.335873135409785 
 02/27  03:00:00,0.773127177715834,9.00071378774644,0.000000000000000E+000,8.66321069547068,0.000000000000000E+000,0.238526647181466,0.238526647181466,0.238526647181466,6.504158445336204E-002,1.417090225678774E-002,5.963123831382165E-002,0.378644791820797,0.311422904683394 
 02/27  04:00:00,0.765506543354414,9.18180621068029,0.000000000000000E+000,8.83794469035801,0.000000000000000E+000,0.243337648023323,0.243337648023323,0.243337648023323,6.504158445336204E-002,1.417090225678774E-002,5.252950047341648E-002,0.373314894457924,0.318148443874926 
 02/27  05:00:00,0.765365349791446,9.37500353817614,0.000000000000000E+000,8.96211717819167,0.000000000000000E+000,0.246756524492602,0.246756524492602,0.246756524492602,6.504158445336204E-002,1.417090225678774E-002,6.307145054710674E-002,0.359212874351986,0.388144598441547 
 02/27  06:00:00,0.828272196017410,9.72761086390883,0.000000000000000E+000,9.00701190011503,0.000000000000000E+000,0.247992623656406,0.247992623656406,0.247992623656406,7.095445348749738E-002,1.545916758844918E-002,7.590124009602323E-002,0.400852697499435,0.692989146430604 
 02/27  07:00:00,1.01752052075807,10.0828503606120,0.000000000000000E+000,8.78797526992320,0.000000000000000E+000,0.241961825740236,0.241961825740236,0.241961825740236,0.135996046300150,2.963007348778983E-002,0.129674688612276,0.463145872928019,1.26297466181848 
 02/27  08:00:00,1.30403110697860,10.2176220879150,0.000000000000000E+000,8.76108322279464,0.000000000000000E+000,0.241221399348346,0.241221399348346,0.241221399348346,0.271992092600300,5.926014697557965E-002,0.207318252526134,0.492127189838642,1.42264226939911 
 02/27  09:00:00,1.23810915585580,10.1682058510182,0.000000000000000E+000,8.75610597955143,0.000000000000000E+000,0.241084359492716,0.241084359492716,0.241084359492716,0.242427705633169,5.281882031727245E-002,0.268601143833745,0.416065112889305,1.38344225771057 
 02/27  10:00:00,1.06530918331251,9.27879160670149,0.000000000000000E+000,7.99492993345314,0.000000000000000E+000,0.220126682648310,0.220126682648310,0.220126682648310,0.118257380682709,2.576527020769967E-002,0.329942780038288,0.354105056045902,1.25947172655275 
 02/27  11:00:00,1.05778629702279,9.06295444847723,0.000000000000000E+000,7.92619005013141,0.000000000000000E+000,0.218234047865117,0.218234047865117,0.218234047865117,9.460593798332984E-002,2.061222345126557E-002,0.344789053358086,0.362433020675390,1.11180084048614 
 02/27  12:00:00,1.03100069724051,7.36276641337195,0.000000000000000E+000,6.35936797896773,0.000000000000000E+000,0.175094289581276,0.175094289581276,0.175094289581276,9.460593798332984E-002,2.061222345126557E-002,0.361032172331260,0.362544060203783,0.978427228395679 
 02/27  13:00:00,0.990926924105244,6.36304297576384,0.000000000000000E+000,5.46269090494187,0.000000000000000E+000,0.150405824347053,0.150405824347053,0.150405824347053,9.460593798332984E-002,2.061222345126557E-002,0.351754038491839,0.356436886142159,0.875801513000430 
 02/27  14:00:00,0.951181730498178,5.64576681055922,0.000000000000000E+000,4.80630851590546,0.000000000000000E+000,0.132333461105597,0.132333461105597,0.132333461105597,9.460593798332984E-002,2.061222345126557E-002,0.317755820474586,0.368762273793802,0.814058792309407 
 02/27  15:00:00,0.941962844700659,5.15137709432827,0.000000000000000E+000,4.37119860946015,0.000000000000000E+000,0.120353456141144,0.120353456141144,0.120353456141144,0.100518798658175,2.190048514037410E-002,0.292551425468039,0.389526665603330,0.753348778688066 
 02/27  16:00:00,0.993504091167598,5.09056691124244,0.000000000000000E+000,4.30091842104740,0.000000000000000E+000,0.118418411699233,0.118418411699233,0.118418411699233,0.118257380682709,2.576527020769967E-002,0.302771641248355,0.411179373640002,0.761327394988429 
 02/27  17:00:00,1.20300578911929,5.32483514135532,0.000000000000000E+000,4.45575852236860,0.000000000000000E+000,0.122681668304165,0.122681668304165,0.122681668304165,0.183299015291815,3.993618521342261E-002,0.353623772258094,0.486353134362196,0.835577727005905 
 02/27  18:00:00,1.64098394434955,6.69860581596445,0.000000000000000E+000,5.66583025521049,0.000000000000000E+000,0.155998917927881,0.155998917927881,0.155998917927881,0.354772225641034,7.729582883586360E-002,0.444963627674976,0.590841330580195,0.992079760701471 
 02/27  19:00:00,1.96798184990460,6.24529009936108,0.000000000000000E+000,5.06671509726145,0.000000000000000E+000,0.139503309668475,0.139503309668475,0.139503309668475,0.609025736216799,0.132691190744118,0.398174220058118,0.641475355527490,1.13439164616969 
 02/27  20:00:00,2.08982788930892,6.46187704817872,0.000000000000000E+000,5.25901304711396,0.000000000000000E+000,0.144797903884240,0.144797903884240,0.144797903884240,0.780498946566019,0.170050834366559,0.315239482993876,0.662128707808626,1.15725808944795 
 02/27  21:00:00,2.02260113082712,6.89766785794676,0.000000000000000E+000,5.77795600328447,0.000000000000000E+000,0.159086108080694,0.159086108080694,0.159086108080694,0.727283116899509,0.158456460951817,0.275771620076267,0.684891811129230,1.07253807253042 
 02/27  22:00:00,1.85440462633164,7.39327922370329,0.000000000000000E+000,6.37896383554899,0.000000000000000E+000,0.175633827881022,0.175633827881022,0.175633827881022,0.603112875541953,0.131402929055009,0.258240861123445,0.668902119040609,0.968242939457426 
 02/27  23:00:00,1.54437051136492,7.93426159220311,0.000000000000000E+000,7.09466275081697,0.000000000000000E+000,0.195339369931331,0.195339369931331,0.195339369931331,0.449378247217271,9.790805228712916E-002,0.205783766725856,0.578849061513729,0.799729041409891 
 02/27  24:00:00,1.25297166660357,8.47324405424910,0.000000000000000E+000,7.82182367547402,0.000000000000000E+000,0.215360498750292,0.215360498750292,0.215360498750292,0.313382200917121,6.827797879933933E-002,0.135829910826043,0.503009063621176,0.616774264466192 
 02/28  01:00:00,0.947411666585410,8.93405644223671,0.000000000000000E+000,8.48146032354752,0.000000000000000E+000,0.233522462432562,0.233522462432562,0.233522462432562,0.159647488999529,3.478312024422393E-002,8.628146833019194E-002,0.416065112889305,0.423938504933005 
 02/28  02:00:00,0.834590290056217,9.33448624192299,0.000000000000000E+000,8.97171816233756,0.000000000000000E+000,0.247020871123253,0.247020871123253,0.247020871123253,9.460593798332984E-002,2.061222345126557E-002,7.215287085224550E-002,0.383086372956525,0.336381966038894 
 02/28  03:00:00,0.792207005613878,9.69404112009291,0.000000000000000E+000,9.35618387505978,0.000000000000000E+000,0.257606475079509,0.257606475079509,0.257606475079509,6.504158445336204E-002,1.417090225678774E-002,5.963123831382165E-002,0.378644791820797,0.311777057440785 
 02/28  04:00:00,0.789138357566228,10.0401021337472,0.000000000000000E+000,9.69624454092951,0.000000000000000E+000,0.266969462235139,0.266969462235139,0.266969462235139,6.504158445336204E-002,1.417090225678774E-002,5.252950047341648E-002,0.373314894457924,0.318144516370337 
 02/28  05:00:00,0.793279849839169,10.3888325441963,0.000000000000000E+000,9.97596279347082,0.000000000000000E+000,0.274671024540327,0.274671024540327,0.274671024540327,6.504158445336204E-002,1.417090225678774E-002,6.307145054710674E-002,0.359212874351986,0.388127989182604 
 02/28  06:00:00,0.860175945782998,10.8858783072033,0.000000000000000E+000,10.1657457751800,0.000000000000000E+000,0.279896373421992,0.279896373421992,0.279896373421992,7.095445348749738E-002,1.545916758844918E-002,7.590124009602323E-002,0.400852697499435,0.692522714660051 
 02/28  07:00:00,1.06447636913842,11.7871321338398,0.000000000000000E+000,10.4933964994182,0.000000000000000E+000,0.288917674120582,0.288917674120582,0.288917674120582,0.135996046300150,2.963007348778983E-002,0.129674688612276,0.463145872928019,1.26183520555137 
 02/28  08:00:00,1.32535416279202,10.9904985663999,0.000000000000000E+000,9.53552971489809,0.000000000000000E+000,0.262544455161761,0.262544455161761,0.262544455161761,0.271992092600300,5.926014697557965E-002,0.207318252526134,0.492127189838642,1.42107225578063 
 02/28  09:00:00,1.24698095303757,10.4892117958915,0.000000000000000E+000,9.07832678440203,0.000000000000000E+000,0.249956156674482,0.249956156674482,0.249956156674482,0.242427705633169,5.281882031727245E-002,0.268601143833745,0.416065112889305,1.38222739773332 
 02/28  10:00:00,1.07299639791618,9.55733057716040,0.000000000000000E+000,8.27412708211498,0.000000000000000E+000,0.227813897251985,0.227813897251985,0.227813897251985,0.118257380682709,2.576527020769967E-002,0.329942780038288,0.354105056045902,1.25881354834979 
 02/28  11:00:00,1.08117301717133,9.91189898660471,0.000000000000000E+000,8.77558816357861,0.000000000000000E+000,0.241620768013659,0.241620768013659,0.241620768013659,9.460593798332984E-002,2.061222345126557E-002,0.344789053358086,0.362433020675390,1.11134726516642 
 02/28  12:00:00,1.06218017579683,8.49434748165869,0.000000000000000E+000,7.49179655791284,0.000000000000000E+000,0.206273768137589,0.206273768137589,0.206273768137589,9.460593798332984E-002,2.061222345126557E-002,0.361032172331260,0.362544060203783,0.977579717737332 
 02/28  13:00:00,1.02338669131575,7.54086935757510,0.000000000000000E+000,6.64161915381207,0.000000000000000E+000,0.182865591557557,0.182865591557557,0.182865591557557,9.460593798332984E-002,2.061222345126557E-002,0.351754038491839,0.356436886142159,0.874699645941482 
 02/28  14:00:00,0.993677193706208,7.18800070268791,0.000000000000000E+000,6.34972999825535,0.000000000000000E+000,0.174828924313625,0.174828924313625,0.174828924313625,9.460593798332984E-002,2.061222345126557E-002,0.317755820474586,0.368762273793802,0.812871202088208 
 02/28  15:00:00,0.991319857566290,6.94251099761347,0.000000000000000E+000,6.16382935661815,0.000000000000000E+000,0.169710469006773,0.169710469006773,0.169710469006773,0.100518798658175,2.190048514037410E-002,0.292551425468039,0.389526665603330,0.751851934815264 
 02/28  16:00:00,1.04722780326508,7.04001554439299,0.000000000000000E+000,6.25214627228699,0.000000000000000E+000,0.172142123796713,0.172142123796713,0.172142123796713,0.118257380682709,2.576527020769967E-002,0.302771641248355,0.411179373640002,0.759548176899380 
 02/28  17:00:00,1.25471893239917,7.20097233321256,0.000000000000000E+000,6.33396316429189,0.000000000000000E+000,0.174394811584041,0.174394811584041,0.174394811584041,0.183299015291815,3.993618521342261E-002,0.353623772258094,0.486353134362196,0.833510276939874 
 02/28  18:00:00,1.69170933696933,8.53877136971041,0.000000000000000E+000,7.50816011255915,0.000000000000000E+000,0.206724310547667,0.206724310547667,0.206724310547667,0.354772225641034,7.729582883586360E-002,0.444963627674976,0.590841330580195,0.989915457098810 
 02/28  19:00:00,2.00894919889744,7.73072810119728,0.000000000000000E+000,6.55463596544794,0.000000000000000E+000,0.180470658661316,0.180470658661316,0.180470658661316,0.609025736216799,0.132691190744118,0.398174220058118,0.641475355527490,1.13190877981942 
 02/28  20:00:00,2.12377133293234,7.69244814619032,0.000000000000000E+000,6.49182794353864,0.000000000000000E+000,0.178741347507663,0.178741347507663,0.178741347507663,0.780498946566019,0.170050834366559,0.315239482993876,0.662128707808626,1.15501429103487 
 02/28  21:00:00,2.04900682016071,7.85459831196954,0.000000000000000E+000,6.73700210131662,0.000000000000000E+000,0.185491797414289,0.185491797414289,0.185491797414289,0.727283116899509,0.158456460951817,0.275771620076267,0.684891811129230,1.07042242852105 
 02/28  22:00:00,1.87422854876411,8.11167052877895,0.000000000000000E+000,7.09896228801743,0.000000000000000E+000,0.195457750313490,0.195457750313490,0.195457750313490,0.603112875541953,0.131402929055009,0.258240861123445,0.668902119040609,0.966635792064657 
 02/28  23:00:00,1.55645619417532,8.37174231902330,0.000000000000000E+000,7.53361084245521,0.000000000000000E+000,0.207425052741737,0.207425052741737,0.207425052741737,0.449378247217271,9.790805228712916E-002,0.205783766725856,0.578849061513729,0.798261676591847 
 02/28  24:00:00,1.25751505409576,8.63754652467589,0.000000000000000E+000,7.98683804003715,0.000000000000000E+000,0.219903886242484,0.219903886242484,0.219903886242484,0.313382200917121,6.827797879933933E-002,0.135829910826043,0.503009063621176,0.616062370329794 
 03/01  01:00:00,0.906195660841249,8.91872388814407,0.000000000000000E+000,8.47031401777943,0.000000000000000E+000,0.233215568021612,0.233215568021612,0.233215568021612,0.159755323849397,3.480661471051949E-002,9.827947445740333E-002,0.363026666112717,0.423405423564457 
 03/01  02:00:00,0.792785514311490,9.14939484972166,0.000000000000000E+000,8.79049933290837,0.000000000000000E+000,0.242031321485207,0.242031321485207,0.242031321485207,9.485471047418767E-002,2.066642463862648E-002,8.386910965267348E-002,0.334251934371197,0.335873007749877 
 03/01  03:00:00,0.746363093732631,9.35069730948206,0.000000000000000E+000,9.01634578372438,0.000000000000000E+000,0.248249616131918,0.248249616131918,0.248249616131918,6.490060501591859E-002,1.414018642934009E-002,7.158412284098968E-002,0.330376549624864,0.311595944335570 
 03/01  04:00:00,0.739990678401133,9.56588790453078,0.000000000000000E+000,9.22518440986479,0.000000000000000E+000,0.253999629498360,0.253999629498360,0.253999629498360,6.490060501591859E-002,1.414018642934009E-002,6.411215583864807E-002,0.325726087929265,0.318268226413458 
 03/01  05:00:00,0.741030995259869,9.76208452629037,0.000000000000000E+000,9.35247045056451,0.000000000000000E+000,0.257504232305375,0.257504232305375,0.257504232305375,6.490060501591859E-002,1.414018642934009E-002,7.395221645997889E-002,0.313421741359659,0.388026302734505 
 03/01  06:00:00,0.797263403945218,10.1237582865704,0.000000000000000E+000,9.40711370000155,0.000000000000000E+000,0.259008740453391,0.259008740453391,0.259008740453391,6.989295731884501E-002,1.522789461883095E-002,8.626832450802412E-002,0.349753473356527,0.692554366940170 
 03/01  07:00:00,0.950643150910879,10.6316247068768,0.000000000000000E+000,9.34200615108105,0.000000000000000E+000,0.257216115767681,0.257216115767681,0.257216115767681,0.109831800820130,2.392955102837551E-002,0.138447925181248,0.404105744423842,1.26178467599769 
 03/01  08:00:00,1.18485918052879,11.3320278482857,0.000000000000000E+000,9.88118214992134,0.000000000000000E+000,0.272061402089914,0.272061402089914,0.272061402089914,0.194701840125627,4.242057021567902E-002,0.214170712514307,0.429392629893665,1.42127011570669 
 03/01  09:00:00,1.09984915177139,10.7051285133047,0.000000000000000E+000,9.29820617073899,0.000000000000000E+000,0.256010158435595,0.256010158435595,0.256010158435595,0.154762988265052,3.371891198485800E-002,0.275218413283566,0.363026666112717,1.38191789576548 
 03/01  10:00:00,1.01566374982013,10.5725950922398,0.000000000000000E+000,9.29307465039372,0.000000000000000E+000,0.255868870824578,0.255868870824578,0.255868870824578,7.987766192469842E-002,1.740330735525975E-002,0.336436847124624,0.308965048901375,1.25823963564225 
 03/01  11:00:00,1.07614593118101,12.4688446798935,0.000000000000000E+000,11.3361053685031,0.000000000000000E+000,0.312120217399141,0.312120217399141,0.312120217399141,6.490060501591859E-002,1.414018642934009E-002,0.351641513346258,0.316231395300750,1.11095801585905 
 03/01  12:00:00,1.04984142089483,10.8225193452983,0.000000000000000E+000,9.82463675800245,0.000000000000000E+000,0.270504521711254,0.270504521711254,0.270504521711254,6.490060501591859E-002,1.414018642934009E-002,0.366855814129303,0.316328279919408,0.976094618573520 
 03/01  13:00:00,1.01856055351350,10.1273229519507,0.000000000000000E+000,9.23284462057223,0.000000000000000E+000,0.254210540261237,0.254210540261237,0.254210540261237,6.490060501591859E-002,1.414018642934009E-002,0.357197582224207,0.310999625893199,0.873057388162985 
 03/01  14:00:00,0.992111163149379,9.89354548690636,0.000000000000000E+000,9.06035085764483,0.000000000000000E+000,0.249461220363905,0.249461220363905,0.249461220363905,6.490060501591859E-002,1.414018642934009E-002,0.324743319086342,0.321753818564274,0.811032961841328 
 03/01  15:00:00,0.983062064503445,9.75787318379636,0.000000000000000E+000,8.98454621302692,0.000000000000000E+000,0.247374069496046,0.247374069496046,0.247374069496046,6.490060501591859E-002,1.414018642934009E-002,0.299663947619161,0.339871242253379,0.749917416626126 
 03/01  16:00:00,1.02824172224114,9.96926613526414,0.000000000000000E+000,9.18705748688669,0.000000000000000E+000,0.252949870070246,0.252949870070246,0.252949870070246,7.488530962177171E-002,1.631560098704535E-002,0.308215184980723,0.358763742891751,0.757497821982714 
 03/01  17:00:00,1.19349731277536,10.2135087448058,0.000000000000000E+000,9.35306122622886,0.000000000000000E+000,0.257520498299982,0.257520498299982,0.257520498299982,0.114824136404476,2.501725375403699E-002,0.354668780903828,0.424354629723432,0.831218941852980 
 03/01  18:00:00,1.55787702754594,12.1583267145871,0.000000000000000E+000,11.1353748773134,0.000000000000000E+000,0.306593447621326,0.306593447621326,0.306593447621326,0.229648272808951,5.003450750807398E-002,0.438965730037081,0.515523055880909,0.987443787787745 
 03/01  19:00:00,1.81662184879034,11.0177536124042,0.000000000000000E+000,9.85006941319339,0.000000000000000E+000,0.271204766249319,0.271204766249319,0.271204766249319,0.444319538864866,9.680590683916351E-002,0.397477157158294,0.559702441989101,1.12913317461388 
 03/01  20:00:00,1.98943959200933,10.7672685980306,0.000000000000000E+000,9.57553446716892,0.000000000000000E+000,0.263645917398558,0.263645917398558,0.263645917398558,0.663983056912221,0.144664990683150,0.322310632266247,0.577722981059548,1.15194189273263 
 03/01  21:00:00,2.04156297609922,10.9674473048395,0.000000000000000E+000,9.85857247006508,0.000000000000000E+000,0.271438883335663,0.271438883335663,0.271438883335663,0.713906579941488,0.155542054365294,0.285979116882669,0.597584327884505,1.06771459248364 
 03/01  22:00:00,1.88066442197115,11.1953237196928,0.000000000000000E+000,10.1913621314118,0.000000000000000E+000,0.280601675853128,0.280601675853128,0.280601675853128,0.599082443537010,0.130524800611257,0.269710545482451,0.583632942797706,0.963762285499028 
 03/01  23:00:00,1.57842742467131,11.4033345503646,0.000000000000000E+000,10.5729086797375,0.000000000000000E+000,0.291106905624738,0.291106905624738,0.291106905624738,0.449311874449212,9.789360956482500E-002,0.217943504277125,0.505059517065810,0.795638525772664 
 03/01  24:00:00,1.29470965211562,11.8258630603884,0.000000000000000E+000,11.1823562057328,0.000000000000000E+000,0.307886997916007,0.307886997916007,0.307886997916007,0.314518312114448,6.852552669537749E-002,0.147779479178003,0.438887322522180,0.613277299276747 
 03/02  01:00:00,0.992415640674019,12.0482240103138,0.000000000000000E+000,11.6017958051466,0.000000000000000E+000,0.319435547854381,0.319435547854381,0.319435547854381,0.159755323849397,3.480661471051949E-002,9.827947445740333E-002,0.363026666112717,0.421423758367018 
 03/02  02:00:00,0.870692694762090,11.9769975934720,0.000000000000000E+000,11.6200629347484,0.000000000000000E+000,0.319938501935808,0.319938501935808,0.319938501935808,9.485471047418767E-002,2.066642463862648E-002,8.386910965267348E-002,0.334251934371197,0.333912149660223 
 03/02  03:00:00,0.818490030440514,11.9680099299233,0.000000000000000E+000,11.6359728019330,0.000000000000000E+000,0.320376552839804,0.320376552839804,0.320376552839804,6.490060501591859E-002,1.414018642934009E-002,7.158412284098968E-002,0.330376549624864,0.309281546568264 
 03/02  04:00:00,0.808971517298785,12.0691238345007,0.000000000000000E+000,11.7305461729304,0.000000000000000E+000,0.322980468396012,0.322980468396012,0.322980468396012,6.490060501591859E-002,1.414018642934009E-002,6.411215583864807E-002,0.325726087929265,0.316142393317790 
 03/02  05:00:00,0.812322681630895,12.3494388226989,0.000000000000000E+000,11.9417614466256,0.000000000000000E+000,0.328795918676400,0.328795918676400,0.328795918676400,6.490060501591859E-002,1.414018642934009E-002,7.395221645997889E-002,0.313421741359659,0.386089603081991 
 03/02  06:00:00,0.864624909869697,12.5679102464082,0.000000000000000E+000,11.8536618131102,0.000000000000000E+000,0.326370246377869,0.326370246377869,0.326370246377869,6.989295731884501E-002,1.522789461883095E-002,8.626832450802412E-002,0.349753473356527,0.690158213669376 
 03/02  07:00:00,1.03122824770918,13.5556906468792,0.000000000000000E+000,12.2688308087363,0.000000000000000E+000,0.337801212565979,0.337801212565979,0.337801212565979,0.109831800820130,2.392955102837551E-002,0.138447925181248,0.404105744423842,1.25902595834479 
 03/02  08:00:00,1.22648134889344,12.8405220249223,0.000000000000000E+000,11.3928858459491,0.000000000000000E+000,0.313683570454567,0.313683570454567,0.313683570454567,0.194701840125627,4.242057021567902E-002,0.214170712514307,0.429392629893665,1.41806059631553 
 03/02  09:00:00,1.15127673240613,12.5703239375890,0.000000000000000E+000,11.1660392697308,0.000000000000000E+000,0.307437739070339,0.307437739070339,0.307437739070339,0.154762988265052,3.371891198485800E-002,0.275218413283566,0.363026666112717,1.37928022105798 
 03/02  10:00:00,1.07048321301004,12.5614361455347,0.000000000000000E+000,11.2840998269872,0.000000000000000E+000,0.310688334014482,0.310688334014482,0.310688334014482,7.987766192469842E-002,1.740330735525975E-002,0.336436847124624,0.308965048901375,1.25605551234363 
 03/02  11:00:00,1.12485639438796,14.2354542408151,0.000000000000000E+000,13.1052536411269,0.000000000000000E+000,0.360830680606097,0.360830680606097,0.360830680606097,6.490060501591859E-002,1.414018642934009E-002,0.351641513346258,0.316231395300750,1.10841930415696 
 03/02  12:00:00,1.14433681745212,14.2538513543297,0.000000000000000E+000,13.2566790048594,0.000000000000000E+000,0.364999918268551,0.364999918268551,0.364999918268551,6.490060501591859E-002,1.414018642934009E-002,0.366855814129303,0.316328279919408,0.975384380748008 
 03/02  13:00:00,1.07942459824633,12.3348009962688,0.000000000000000E+000,11.4434070442241,0.000000000000000E+000,0.315074584994064,0.315074584994064,0.315074584994064,6.490060501591859E-002,1.414018642934009E-002,0.357197582224207,0.310999625893199,0.869973008829078 
 03/02  14:00:00,1.05016904506336,11.9982600243888,0.000000000000000E+000,11.1689943551194,0.000000000000000E+000,0.307519102277891,0.307519102277891,0.307519102277891,6.490060501591859E-002,1.414018642934009E-002,0.324743319086342,0.321753818564274,0.807104001849243 
 03/02  15:00:00,1.05009051228136,12.1898182099326,0.000000000000000E+000,11.4189977619504,0.000000000000000E+000,0.314402517273963,0.314402517273963,0.314402517273963,6.490060501591859E-002,1.414018642934009E-002,0.299663947619161,0.339871242253379,0.747410893838795 
 03/02  16:00:00,1.09176603726316,12.2738948977391,0.000000000000000E+000,11.4942400672150,0.000000000000000E+000,0.316474185092265,0.316474185092265,0.316474185092265,7.488530962177171E-002,1.631560098704535E-002,0.308215184980723,0.358763742891751,0.754944004129376 
 03/02  17:00:00,1.25249368664118,12.3533990798694,0.000000000000000E+000,11.4957904479226,0.000000000000000E+000,0.316516872165801,0.316516872165801,0.316516872165801,0.114824136404476,2.501725375403699E-002,0.354668780903828,0.424354629723432,0.828380055222867 
 03/02  18:00:00,1.61497925989649,14.2293484510678,0.000000000000000E+000,13.2093094916635,0.000000000000000E+000,0.363695679971875,0.363695679971875,0.363695679971875,0.229648272808951,5.003450750807398E-002,0.438965730037081,0.515523055880909,0.984530909918373 
 03/02  19:00:00,1.86744148034844,12.8606540652215,0.000000000000000E+000,11.6958219983082,0.000000000000000E+000,0.322024397807412,0.322024397807412,0.322024397807412,0.444319538864866,9.680590683916351E-002,0.397477157158294,0.559702441989101,1.12628104231645 
 03/02  20:00:00,2.03709371956937,12.4940802017784,0.000000000000000E+000,11.3063169706746,0.000000000000000E+000,0.311300044958609,0.311300044958609,0.311300044958609,0.663983056912221,0.144664990683150,0.322310632266247,0.577722981059548,1.14797099297473 
 03/02  21:00:00,2.07419967850145,12.1497080042099,0.000000000000000E+000,11.0439269478850,0.000000000000000E+000,0.304075585737896,0.304075585737896,0.304075585737896,0.713906579941488,0.155542054365294,0.285979116882669,0.597584327884505,1.06462081403411 
 03/02  22:00:00,1.90679169146672,12.1417489170881,0.000000000000000E+000,11.1402961109568,0.000000000000000E+000,0.306728945348696,0.306728945348696,0.306728945348696,0.599082443537010,0.130524800611257,0.269710545482451,0.583632942797706,0.961253503349257 
 03/02  23:00:00,1.59248991586486,11.9120136350872,0.000000000000000E+000,11.0836538126292,0.000000000000000E+000,0.305169396818289,0.305169396818289,0.305169396818289,0.449311874449212,9.789360956482500E-002,0.217943504277125,0.505059517065810,0.793572477603610 
 03/02  24:00:00,1.29341064678917,11.7771377981319,0.000000000000000E+000,11.1351767523237,0.000000000000000E+000,0.306587992589562,0.306587992589562,0.306587992589562,0.314518312114448,6.852552669537749E-002,0.147779479178003,0.438887322522180,0.611731490429318 
 03/03  01:00:00,0.985033917855557,11.7787171348471,0.000000000000000E+000,11.3336940193396,0.000000000000000E+000,0.312053825035919,0.312053825035919,0.312053825035919,0.159755323849397,3.480661471051949E-002,9.827947445740333E-002,0.363026666112717,0.420018668707252 
 03/03  02:00:00,0.859419822649711,11.5664608041585,0.000000000000000E+000,11.2106358648312,0.000000000000000E+000,0.308665629823426,0.308665629823426,0.308665629823426,9.485471047418767E-002,2.066642463862648E-002,8.386910965267348E-002,0.334251934371197,0.332802430263801 
 03/03  03:00:00,0.805161046359261,11.4832331203866,0.000000000000000E+000,11.1518684101724,0.000000000000000E+000,0.307047568758550,0.307047568758550,0.307047568758550,6.490060501591859E-002,1.414018642934009E-002,7.158412284098968E-002,0.330376549624864,0.308609128792136 
 03/03  04:00:00,0.788307103848190,11.3180122398932,0.000000000000000E+000,10.9800213584654,0.000000000000000E+000,0.302316054945417,0.302316054945417,0.302316054945417,6.490060501591859E-002,1.414018642934009E-002,6.411215583864807E-002,0.325726087929265,0.315555613175302 
 03/03  05:00:00,0.785613710358238,11.3787330726203,0.000000000000000E+000,10.9717002466361,0.000000000000000E+000,0.302086947403742,0.302086947403742,0.302086947403742,6.490060501591859E-002,1.414018642934009E-002,7.395221645997889E-002,0.313421741359659,0.385445052992812 
 03/03  06:00:00,0.844832418653005,11.8487182815770,0.000000000000000E+000,11.1348049322352,0.000000000000000E+000,0.306577755161180,0.306577755161180,0.306577755161180,6.989295731884501E-002,1.522789461883095E-002,8.626832450802412E-002,0.349753473356527,0.689823129713151 
 03/03  07:00:00,1.01930518354218,13.1219930609769,0.000000000000000E+000,11.8357889736420,0.000000000000000E+000,0.325878148398977,0.325878148398977,0.325878148398977,0.109831800820130,2.392955102837551E-002,0.138447925181248,0.404105744423842,1.25837020753674 
 03/03  08:00:00,1.23058958958474,12.9889647782447,0.000000000000000E+000,11.5420958194132,0.000000000000000E+000,0.317791811145865,0.317791811145865,0.317791811145865,0.194701840125627,4.242057021567902E-002,0.214170712514307,0.429392629893665,1.41729337617375 
 03/03  09:00:00,1.16618412441980,13.1105871594787,0.000000000000000E+000,11.7074709272016,0.000000000000000E+000,0.322345131084010,0.322345131084010,0.322345131084010,0.154762988265052,3.371891198485800E-002,0.275218413283566,0.363026666112717,1.37811178547693 
 03/03  10:00:00,1.08562468028551,13.1101569002612,0.000000000000000E+000,11.8340330222758,0.000000000000000E+000,0.325829801289952,0.325829801289952,0.325829801289952,7.987766192469842E-002,1.740330735525975E-002,0.336436847124624,0.308965048901375,1.25484307178162 
 03/03  11:00:00,1.11674038014478,13.9391514419774,0.000000000000000E+000,12.8104826282150,0.000000000000000E+000,0.352714666362910,0.352714666362910,0.352714666362910,6.490060501591859E-002,1.414018642934009E-002,0.351641513346258,0.316231395300750,1.10688751823110 
 03/03  12:00:00,1.09727488017498,12.5428250784239,0.000000000000000E+000,11.5474046609379,0.000000000000000E+000,0.317937980991412,0.317937980991412,0.317937980991412,6.490060501591859E-002,1.414018642934009E-002,0.366855814129303,0.316328279919408,0.973632448763644 
 03/03  13:00:00,1.08191660118352,12.4255429529681,0.000000000000000E+000,11.5339157850868,0.000000000000000E+000,0.317566587931250,0.317566587931250,0.317566587931250,6.490060501591859E-002,1.414018642934009E-002,0.357197582224207,0.310999625893199,0.870206224665726 
 03/03  14:00:00,1.04390262872576,11.7715503036367,0.000000000000000E+000,10.9414001400508,0.000000000000000E+000,0.301252685940284,0.301252685940284,0.301252685940284,6.490060501591859E-002,1.414018642934009E-002,0.324743319086342,0.321753818564274,0.807988496165657 
 03/03  15:00:00,1.04610499920948,12.0445624008044,0.000000000000000E+000,11.2742452159382,0.000000000000000E+000,0.310417004202080,0.310417004202080,0.310417004202080,6.490060501591859E-002,1.414018642934009E-002,0.299663947619161,0.339871242253379,0.746907630722896 
 03/03  16:00:00,1.10303253451056,12.6826820880667,0.000000000000000E+000,11.9034356040974,0.000000000000000E+000,0.327740682339664,0.327740682339664,0.327740682339664,7.488530962177171E-002,1.631560098704535E-002,0.308215184980723,0.358763742891751,0.754535657574607 
 03/03  17:00:00,1.25817128287833,12.5589794722307,0.000000000000000E+000,11.7019989073443,0.000000000000000E+000,0.322194468402960,0.322194468402960,0.322194468402960,0.114824136404476,2.501725375403699E-002,0.354668780903828,0.424354629723432,0.827751988162439 
 03/03  18:00:00,1.61987748945402,14.4064382094036,0.000000000000000E+000,13.3872116052977,0.000000000000000E+000,0.368593909529403,0.368593909529403,0.368593909529403,0.229648272808951,5.003450750807398E-002,0.438965730037081,0.515523055880909,0.983718554619989 
 03/03  19:00:00,1.88845804821356,13.6230750838211,0.000000000000000E+000,12.4591369472359,0.000000000000000E+000,0.343040965672536,0.343040965672536,0.343040965672536,0.444319538864866,9.680590683916351E-002,0.397477157158294,0.559702441989101,1.12538711198828 
 03/03  20:00:00,2.06102844136979,13.3632897066275,0.000000000000000E+000,12.1756183269154,0.000000000000000E+000,0.335234766759018,0.335234766759018,0.335234766759018,0.663983056912221,0.144664990683150,0.322310632266247,0.577722981059548,1.14787914158307 
 03/03  21:00:00,2.11694935445049,13.7014221702087,0.000000000000000E+000,12.5965813547860,0.000000000000000E+000,0.346825261686937,0.346825261686937,0.346825261686937,0.713906579941488,0.155542054365294,0.285979116882669,0.597584327884505,1.06368057313195 
 03/03  22:00:00,1.95154992466966,13.7660733575708,0.000000000000000E+000,12.7659006678308,0.000000000000000E+000,0.351487178551632,0.351487178551632,0.351487178551632,0.599082443537010,0.130524800611257,0.269710545482451,0.583632942797706,0.959973386957979 
 03/03  23:00:00,1.64431197758193,13.7924806482956,0.000000000000000E+000,12.9658143369714,0.000000000000000E+000,0.356991458535355,0.356991458535355,0.356991458535355,0.449311874449212,9.789360956482500E-002,0.217943504277125,0.505059517065810,0.791878966469858 
 03/03  24:00:00,1.35279146913663,13.9322337873253,0.000000000000000E+000,13.2918690185549,0.000000000000000E+000,0.365968814937018,0.365968814937018,0.365968814937018,0.314518312114448,6.852552669537749E-002,0.147779479178003,0.438887322522180,0.610135213391461 
 03/04  01:00:00,1.04979114188534,13.9073107349469,0.000000000000000E+000,13.4469012214741,0.000000000000000E+000,0.370237360729957,0.370237360729957,0.370237360729957,0.159755323849397,3.480661471051949E-002,0.104853162793151,0.363026666112717,0.435405066672619 
 03/04  02:00:00,0.940580289180860,14.3783854284306,0.000000000000000E+000,14.0150030123444,0.000000000000000E+000,0.385879069121617,0.385879069121617,0.385879069121617,9.485471047418767E-002,2.066642463862648E-002,8.781613688563442E-002,0.334251934371197,0.340359907022816 
 03/04  03:00:00,0.890936099915646,14.5085788345912,0.000000000000000E+000,14.1723512078765,0.000000000000000E+000,0.390211381798711,0.390211381798711,0.390211381798711,6.490060501591859E-002,1.414018642934009E-002,7.419536335721098E-002,0.330376549624864,0.313472045292547 
 03/04  04:00:00,0.881887179451640,14.6724843756848,0.000000000000000E+000,14.3292283665767,0.000000000000000E+000,0.394530725284569,0.394530725284569,0.394530725284569,6.490060501591859E-002,1.414018642934009E-002,6.547756110294642E-002,0.325726087929265,0.320820740855612 
 03/04  05:00:00,0.884164188079229,14.8736499281670,0.000000000000000E+000,14.4540061442847,0.000000000000000E+000,0.397966267372334,0.397966267372334,0.397966267372334,6.490060501591859E-002,1.414018642934009E-002,7.662337421237893E-002,0.313421741359659,0.398056010890951 
 03/04  06:00:00,0.947384243712247,15.4635432225916,0.000000000000000E+000,14.7106633875887,0.000000000000000E+000,0.405032884342893,0.405032884342893,0.405032884342893,6.989295731884501E-002,1.522789461883095E-002,9.036502038555042E-002,0.349753473356527,0.728789615374193 
 03/04  07:00:00,1.10669669232442,16.0021694312270,0.000000000000000E+000,14.6239048370297,0.000000000000000E+000,0.402644136463313,0.402644136463313,0.402644136463313,0.109831800820130,2.392955102837551E-002,0.149073445899162,0.404105744423842,1.35043071439924 
 03/04  08:00:00,1.35422096936551,16.8239132297162,0.000000000000000E+000,15.2637731184891,0.000000000000000E+000,0.420261812077975,0.420261812077975,0.420261812077975,0.194701840125627,4.242057021567902E-002,0.235332091362966,0.429392629893665,1.53056452856943 
 03/04  09:00:00,1.28594048144683,16.4007776354010,0.000000000000000E+000,14.8788698679718,0.000000000000000E+000,0.409664161269003,0.409664161269003,0.409664161269003,0.154762988265052,3.371891198485800E-002,0.307655740125598,0.363026666112717,1.49690332062900 
 03/04  10:00:00,1.18381960955862,15.1505391298225,0.000000000000000E+000,13.7649263104735,0.000000000000000E+000,0.378993636072336,0.378993636072336,0.378993636072336,7.987766192469842E-002,1.740330735525975E-002,0.381467941615351,0.308965048901375,1.36433201314521 
 03/04  11:00:00,1.21263390936812,15.6675003495048,0.000000000000000E+000,14.4440421385163,0.000000000000000E+000,0.397691925563969,0.397691925563969,0.397691925563969,6.490060501591859E-002,1.414018642934009E-002,0.402557783368541,0.316231395300750,1.20167691545714 
 03/04  12:00:00,1.17364971324560,13.4883579155094,0.000000000000000E+000,12.4149376034133,0.000000000000000E+000,0.341824012552011,0.341824012552011,0.341824012552011,6.490060501591859E-002,1.414018642934009E-002,0.419344615639324,0.316328279919408,1.05163234337377 
 03/04  13:00:00,1.12731932329769,12.4065637533623,0.000000000000000E+000,11.4464644604582,0.000000000000000E+000,0.315158765705925,0.315158765705925,0.315158765705925,6.490060501591859E-002,1.414018642934009E-002,0.405008126563703,0.310999625893199,0.938678349688571 
 03/04  14:00:00,1.07497291169184,11.3768176621889,0.000000000000000E+000,10.4867582577109,0.000000000000000E+000,0.288734901521225,0.288734901521225,0.288734901521225,6.490060501591859E-002,1.414018642934009E-002,0.368331386471487,0.321753818564274,0.867897737057829 
 03/04  15:00:00,1.06046627154134,11.1994232045544,0.000000000000000E+000,10.3748127166084,0.000000000000000E+000,0.285652673058275,0.285652673058275,0.285652673058275,6.490060501591859E-002,1.414018642934009E-002,0.338789551094827,0.339871242253379,0.801200933802656 
 03/04  16:00:00,1.09968871690243,11.2692720494125,0.000000000000000E+000,10.4360182423686,0.000000000000000E+000,0.287337862229098,0.287337862229098,0.287337862229098,7.488530962177171E-002,1.631560098704535E-002,0.345274187483165,0.358763742891751,0.808542980649145 
 03/04  17:00:00,1.26402012809732,11.5334322612048,0.000000000000000E+000,10.6098988181577,0.000000000000000E+000,0.292125365639889,0.292125365639889,0.292125365639889,0.114824136404476,2.501725375403699E-002,0.390586728885886,0.424354629723432,0.894304866323046 
 03/04  18:00:00,1.62967672577115,13.5581491819538,0.000000000000000E+000,12.4591449984827,0.000000000000000E+000,0.343041187349808,0.343041187349808,0.343041187349808,0.229648272808951,5.003450750807398E-002,0.474317688533803,0.515523055880909,1.06349613398510 
 03/04  19:00:00,1.90651157009290,13.1351971364305,0.000000000000000E+000,11.8686944613946,0.000000000000000E+000,0.326784144564070,0.326784144564070,0.326784144564070,0.444319538864866,9.680590683916351E-002,0.431787500146093,0.559702441989101,1.22795165043894 
 03/04  20:00:00,2.08993453324792,13.2842532273287,0.000000000000000E+000,11.9817188429269,0.000000000000000E+000,0.329896077047803,0.329896077047803,0.329896077047803,0.663983056912221,0.144664990683150,0.356555413855597,0.577722981059548,1.26274214627279 
 03/04  21:00:00,2.13644157830666,13.2523489714016,0.000000000000000E+000,12.0385958300347,0.000000000000000E+000,0.331462087331230,0.331462087331230,0.331462087331230,0.713906579941488,0.155542054365294,0.320834515094546,0.597584327884505,1.17259289907611 
 03/04  22:00:00,1.97700014532857,13.4889207981999,0.000000000000000E+000,12.3970138685880,0.000000000000000E+000,0.341330513256756,0.341330513256756,0.341330513256756,0.599082443537010,0.130524800611257,0.305317431436236,0.583632942797706,1.05170762682988 
 03/04  23:00:00,1.66746824110872,13.6781626933027,0.000000000000000E+000,12.7792412101824,0.000000000000000E+000,0.351854487503312,0.351854487503312,0.351854487503312,0.449311874449212,9.789360956482500E-002,0.246236738835966,0.505059517065810,0.864134138265924 
 03/04  24:00:00,1.36280825925280,13.7767123151735,0.000000000000000E+000,13.0914545859253,0.000000000000000E+000,0.360450747289545,0.360450747289545,0.360450747289545,0.314518312114448,6.852552669537749E-002,0.163314336941647,0.438887322522180,0.655028173869317 
 03/05  01:00:00,1.05368175125882,14.0483896824047,0.000000000000000E+000,13.5882068958485,0.000000000000000E+000,0.374127970103437,0.374127970103437,0.374127970103437,0.159755323849397,3.480661471051949E-002,0.104853162793151,0.363026666112717,0.435178339755988 
 03/05  02:00:00,0.937894544444124,14.2805729371043,0.000000000000000E+000,13.9174576319706,0.000000000000000E+000,0.383193324384881,0.383193324384881,0.383193324384881,9.485471047418767E-002,2.066642463862648E-002,8.781613688563442E-002,0.334251934371197,0.340092796070339 
 03/05  03:00:00,0.896738985274125,14.7191475667626,0.000000000000000E+000,14.3831101276711,0.000000000000000E+000,0.396014267157194,0.396014267157194,0.396014267157194,6.490060501591859E-002,1.414018642934009E-002,7.419536335721098E-002,0.330376549624864,0.313281857669361 
 03/05  04:00:00,0.888615195266621,14.9166659011655,0.000000000000000E+000,14.5735877254004,0.000000000000000E+000,0.401258741099550,0.401258741099550,0.401258741099550,6.490060501591859E-002,1.414018642934009E-002,6.547756110294642E-002,0.325726087929265,0.320642907512543 
 03/05  05:00:00,0.898898967218357,15.4082496258139,0.000000000000000E+000,14.9891685579683,0.000000000000000E+000,0.412701046511462,0.412701046511462,0.412701046511462,6.490060501591859E-002,1.414018642934009E-002,7.662337421237893E-002,0.313421741359659,0.397493294854290 
 03/05  06:00:00,0.956224735070823,15.7838605933747,0.000000000000000E+000,15.0317471750641,0.000000000000000E+000,0.413873375701469,0.413873375701469,0.413873375701469,6.989295731884501E-002,1.522789461883095E-002,9.036502038555042E-002,0.349753473356527,0.728023198681873 
 03/05  07:00:00,1.13070182876673,16.8724547833764,0.000000000000000E+000,15.4957636302949,0.000000000000000E+000,0.426649272905617,0.426649272905617,0.426649272905617,0.109831800820130,2.392955102837551E-002,0.149073445899162,0.404105744423842,1.34885727328339 
 03/05  08:00:00,1.35702807618400,16.9242861930908,0.000000000000000E+000,15.3657263304282,0.000000000000000E+000,0.423068918896459,0.423068918896459,0.423068918896459,0.194701840125627,4.242057021567902E-002,0.235332091362966,0.429392629893665,1.52898428000491 
 03/05  09:00:00,1.27291534355931,15.9259915471930,0.000000000000000E+000,14.4058010717156,0.000000000000000E+000,0.396639023381482,0.396639023381482,0.396639023381482,0.154762988265052,3.371891198485800E-002,0.307655740125598,0.363026666112717,1.49518602867722 
 03/05  10:00:00,1.17720060683597,14.9090142374418,0.000000000000000E+000,13.5245262719124,0.000000000000000E+000,0.372374633349682,0.372374633349682,0.372374633349682,7.987766192469842E-002,1.740330735525975E-002,0.381467941615351,0.308965048901375,1.36320715932550 
 03/05  11:00:00,1.20287463511277,15.3120629980542,0.000000000000000E+000,14.0895884533286,0.000000000000000E+000,0.387932651308623,0.387932651308623,0.387932651308623,6.490060501591859E-002,1.414018642934009E-002,0.402557783368541,0.316231395300750,1.20069324919437 
 03/05  12:00:00,1.15173847074800,12.6917897829420,0.000000000000000E+000,11.6191283611367,0.000000000000000E+000,0.319912770054411,0.319912770054411,0.319912770054411,6.490060501591859E-002,1.414018642934009E-002,0.419344615639324,0.316328279919408,1.05087345308297 
 03/05  13:00:00,1.09804701611551,11.3430378203685,0.000000000000000E+000,10.3833037291175,0.000000000000000E+000,0.285886458523753,0.285886458523753,0.285886458523753,6.490060501591859E-002,1.414018642934009E-002,0.405008126563703,0.310999625893199,0.938313148035490 
 03/05  14:00:00,1.05797700708715,10.7594670312897,0.000000000000000E+000,9.86947249827743,0.000000000000000E+000,0.271738996916536,0.271738996916536,0.271738996916536,6.490060501591859E-002,1.414018642934009E-002,0.368331386471487,0.321753818564274,0.867832865592101 
 03/05  15:00:00,1.03358433841098,10.2228974562654,0.000000000000000E+000,9.39846959787622,0.000000000000000E+000,0.258770739927913,0.258770739927913,0.258770739927913,6.490060501591859E-002,1.414018642934009E-002,0.338789551094827,0.339871242253379,0.801018304245856 
 03/05  16:00:00,1.06094098493544,9.86177187704272,0.000000000000000E+000,9.02871314682379,0.000000000000000E+000,0.248590130262103,0.248590130262103,0.248590130262103,7.488530962177171E-002,1.631560098704535E-002,0.345274187483165,0.358763742891751,0.808347903824209 
 03/05  17:00:00,1.22692145524560,10.1862307989003,0.000000000000000E+000,9.26248701643888,0.000000000000000E+000,0.255026692788174,0.255026692788174,0.255026692788174,0.114824136404476,2.501725375403699E-002,0.390586728885886,0.424354629723432,0.894515205737481 
 03/05  18:00:00,1.58844667587909,12.0606886076858,0.000000000000000E+000,10.9616829185838,0.000000000000000E+000,0.301811137457750,0.301811137457750,0.301811137457750,0.229648272808951,5.003450750807398E-002,0.474317688533803,0.515523055880909,1.06349763961601 
 03/05  19:00:00,1.85460255296630,11.2499757552764,0.000000000000000E+000,9.98337574469646,0.000000000000000E+000,0.274875127437478,0.274875127437478,0.274875127437478,0.444319538864866,9.680590683916351E-002,0.431787500146093,0.559702441989101,1.22804898598298 
 03/05  20:00:00,2.04083051284562,11.5013378198610,0.000000000000000E+000,10.1982767002290,0.000000000000000E+000,0.280792056645499,0.280792056645499,0.280792056645499,0.663983056912221,0.144664990683150,0.356555413855597,0.577722981059548,1.26326888150291 
 03/05  21:00:00,2.09894685632589,11.8912555348143,0.000000000000000E+000,10.6767996520154,0.000000000000000E+000,0.293967365350465,0.293967365350465,0.293967365350465,0.713906579941488,0.155542054365294,0.320834515094546,0.597584327884505,1.17329564050808 
 03/05  22:00:00,1.94422618312459,12.2990295675823,0.000000000000000E+000,11.2066741591532,0.000000000000000E+000,0.308556551052779,0.308556551052779,0.308556551052779,0.599082443537010,0.130524800611257,0.305317431436236,0.583632942797706,1.05215610564710 
 03/05  23:00:00,1.65347857596436,13.1706652287423,0.000000000000000E+000,12.2711410958482,0.000000000000000E+000,0.337864822358953,0.337864822358953,0.337864822358953,0.449311874449212,9.789360956482500E-002,0.246236738835966,0.505059517065810,0.864736788039694 
 03/05  24:00:00,1.35409870314903,13.4607179461906,0.000000000000000E+000,12.7751263245650,0.000000000000000E+000,0.351741191185772,0.351741191185772,0.351741191185772,0.314518312114448,6.852552669537749E-002,0.163314336941647,0.438887322522180,0.655362066246678 
 03/06  01:00:00,1.04743103402328,14.0435498367544,0.000000000000000E+000,13.5999371017718,0.000000000000000E+000,0.374450941203644,0.374450941203644,0.374450941203644,0.159755323849397,3.480661471051949E-002,9.827947445740333E-002,0.363026666112717,0.418608288182435 
 03/06  02:00:00,0.948220465993266,14.7902536417374,0.000000000000000E+000,14.4358465164248,0.000000000000000E+000,0.397466273166981,0.397466273166981,0.397466273166981,9.485471047418767E-002,2.066642463862648E-002,8.386910965267348E-002,0.334251934371197,0.331384616249139 
 03/06  03:00:00,0.910640094315454,15.3124013145215,0.000000000000000E+000,14.9828333241552,0.000000000000000E+000,0.412526616714743,0.412526616714743,0.412526616714743,6.490060501591859E-002,1.414018642934009E-002,7.158412284098968E-002,0.330376549624864,0.306812408944197 
 03/06  04:00:00,0.901072351760046,15.4113745495107,0.000000000000000E+000,15.0756186987667,0.000000000000000E+000,0.415081302857274,0.415081302857274,0.415081302857274,6.490060501591859E-002,1.414018642934009E-002,6.411215583864807E-002,0.325726087929265,0.313320582491421 
 03/06  05:00:00,0.902616764212417,15.6253545793841,0.000000000000000E+000,15.2212133284224,0.000000000000000E+000,0.419090001257922,0.419090001257922,0.419090001257922,6.490060501591859E-002,1.414018642934009E-002,7.395221645997889E-002,0.313421741359659,0.382553477970385 
 03/06  06:00:00,0.968279931488034,16.3285052460404,0.000000000000000E+000,15.6183786803206,0.000000000000000E+000,0.430025267996206,0.430025267996206,0.430025267996206,6.989295731884501E-002,1.522789461883095E-002,8.626832450802412E-002,0.349753473356527,0.686036346091082 
 03/06  07:00:00,1.15321366064751,17.9801261455201,0.000000000000000E+000,16.6993015613596,0.000000000000000E+000,0.459786625504314,0.459786625504314,0.459786625504314,0.109831800820130,2.392955102837551E-002,0.138447925181248,0.404105744423842,1.25299070436234 
 03/06  08:00:00,1.36959813244205,18.0320617195084,0.000000000000000E+000,16.5908411460814,0.000000000000000E+000,0.456800354003177,0.456800354003177,0.456800354003177,0.194701840125627,4.242057021567902E-002,0.214170712514307,0.429392629893665,1.41164499076933 
 03/06  09:00:00,1.25301928368099,16.2576204794392,0.000000000000000E+000,14.8612958324838,0.000000000000000E+000,0.409180290345193,0.409180290345193,0.409180290345193,0.154762988265052,3.371891198485800E-002,0.275218413283566,0.363026666112717,1.37132020015519 
 03/06  10:00:00,1.12617224566231,14.5768485856221,0.000000000000000E+000,13.3067074852694,0.000000000000000E+000,0.366377366666756,0.366377366666756,0.366377366666756,7.987766192469842E-002,1.740330735525975E-002,0.336436847124624,0.308965048901375,1.24886029414884 
 03/06  11:00:00,1.12782323177498,14.3369987263535,0.000000000000000E+000,13.2130082156645,0.000000000000000E+000,0.363797517993112,0.363797517993112,0.363797517993112,6.490060501591859E-002,1.414018642934009E-002,0.351641513346258,0.316231395300750,1.10220921515772 
 03/06  12:00:00,1.06448519957785,11.3476404771871,0.000000000000000E+000,10.3564940645462,0.000000000000000E+000,0.285148300394274,0.285148300394274,0.285148300394274,6.490060501591859E-002,1.414018642934009E-002,0.366855814129303,0.316328279919408,0.969358443918643 
 03/06  13:00:00,0.998588210707716,9.39661405879004,0.000000000000000E+000,8.50745558813816,0.000000000000000E+000,0.234238197455450,0.234238197455450,0.234238197455450,6.490060501591859E-002,1.414018642934009E-002,0.357197582224207,0.310999625893199,0.867737527436342 
 03/06  14:00:00,0.947738328646153,8.27805803926630,0.000000000000000E+000,7.44874385692160,0.000000000000000E+000,0.205088385860679,0.205088385860679,0.205088385860679,6.490060501591859E-002,1.414018642934009E-002,0.324743319086342,0.321753818564274,0.807152514924543 
 03/06  15:00:00,0.919603600911362,7.45026659192845,0.000000000000000E+000,6.67975533534010,0.000000000000000E+000,0.183915605903963,0.183915605903963,0.183915605903963,6.490060501591859E-002,1.414018642934009E-002,0.299663947619161,0.339871242253379,0.747101702445037 
 03/06  16:00:00,0.948280643275849,7.06236371066103,0.000000000000000E+000,6.28289695514340,0.000000000000000E+000,0.172988791104957,0.172988791104957,0.172988791104957,7.488530962177171E-002,1.631560098704535E-002,0.308215184980723,0.358763742891751,0.754755929122871 
 03/06  17:00:00,1.10695565555277,7.06813178663307,0.000000000000000E+000,6.20989622008150,0.000000000000000E+000,0.170978841077398,0.170978841077398,0.170978841077398,0.114824136404476,2.501725375403699E-002,0.354668780903828,0.424354629723432,0.829006989827578 
 03/06  18:00:00,1.46919386039843,8.93528772284343,0.000000000000000E+000,7.91443092317284,0.000000000000000E+000,0.217910280473811,0.217910280473811,0.217910280473811,0.229648272808951,5.003450750807398E-002,0.438965730037081,0.515523055880909,0.985348750184661 
 03/06  19:00:00,1.74128093217066,8.27877219998993,0.000000000000000E+000,7.11371168386338,0.000000000000000E+000,0.195863849629640,0.195863849629640,0.195863849629640,0.444319538864866,9.680590683916351E-002,0.397477157158294,0.559702441989101,1.12650949152963 
 03/06  20:00:00,1.93011491374747,8.61015747805333,0.000000000000000E+000,7.42088133597199,0.000000000000000E+000,0.204321239136704,0.204321239136704,0.204321239136704,0.663983056912221,0.144664990683150,0.322310632266247,0.577722981059548,1.14948390395229 
 03/06  21:00:00,1.98820658393519,9.02696352461796,0.000000000000000E+000,7.92068556003185,0.000000000000000E+000,0.218082491171641,0.218082491171641,0.218082491171641,0.713906579941488,0.155542054365294,0.285979116882669,0.597584327884505,1.06511772229533 
 03/06  22:00:00,1.83676017304383,9.59833512614507,0.000000000000000E+000,8.59677400728323,0.000000000000000E+000,0.236697426925808,0.236697426925808,0.236697426925808,0.599082443537010,0.130524800611257,0.269710545482451,0.583632942797706,0.961361816079804 
 03/06  23:00:00,1.53654147119593,9.87988504503824,0.000000000000000E+000,9.05162439378564,0.000000000000000E+000,0.249220952149353,0.249220952149353,0.249220952149353,0.449311874449212,9.789360956482500E-002,0.217943504277125,0.505059517065810,0.793473306398226 
 03/06  24:00:00,1.25696912107081,10.4535422430924,0.000000000000000E+000,9.81163232199244,0.000000000000000E+000,0.270146466871196,0.270146466871196,0.270146466871196,0.314518312114448,6.852552669537749E-002,0.147779479178003,0.438887322522180,0.611680365721040 
 03/07  01:00:00,0.951165523572769,10.5492922834712,0.000000000000000E+000,10.1036048906988,0.000000000000000E+000,0.278185430753133,0.278185430753133,0.278185430753133,0.159755323849397,3.480661471051949E-002,9.827947445740333E-002,0.363026666112717,0.420682945972157 
 03/07  02:00:00,0.835684429117153,10.7046188982512,0.000000000000000E+000,10.3485740468239,0.000000000000000E+000,0.284930236290868,0.284930236290868,0.284930236290868,9.485471047418767E-002,2.066642463862648E-002,8.386910965267348E-002,0.334251934371197,0.333022342363875 
 03/07  03:00:00,0.786658242724485,10.8111530209358,0.000000000000000E+000,10.4798525652381,0.000000000000000E+000,0.288544765123772,0.288544765123772,0.288544765123772,6.490060501591859E-002,1.414018642934009E-002,7.158412284098968E-002,0.330376549624864,0.308544874275577 
 03/07  04:00:00,0.778961517083451,10.9782946444827,0.000000000000000E+000,10.6405926691662,0.000000000000000E+000,0.292970468180679,0.292970468180679,0.292970468180679,6.490060501591859E-002,1.414018642934009E-002,6.411215583864807E-002,0.325726087929265,0.315266707063919 
 03/07  05:00:00,0.778948574122530,11.1361688963047,0.000000000000000E+000,10.7296246537988,0.000000000000000E+000,0.295421811168035,0.295421811168035,0.295421811168035,6.490060501591859E-002,1.414018642934009E-002,7.395221645997889E-002,0.313421741359659,0.384956469514557 
 03/07  06:00:00,0.833244731181379,11.4259665087737,0.000000000000000E+000,10.7139438702692,0.000000000000000E+000,0.294990067689551,0.294990067689551,0.294990067689551,6.989295731884501E-002,1.522789461883095E-002,8.626832450802412E-002,0.349753473356527,0.687932418875809 
 03/07  07:00:00,0.982055884664746,11.7651431376616,0.000000000000000E+000,10.4829064833757,0.000000000000000E+000,0.288628849521548,0.288628849521548,0.288628849521548,0.109831800820130,2.392955102837551E-002,0.138447925181248,0.404105744423842,1.25440277448779 
 03/07  08:00:00,1.19585088578493,11.7231274377033,0.000000000000000E+000,10.2803973305379,0.000000000000000E+000,0.283053107346049,0.283053107346049,0.283053107346049,0.194701840125627,4.242057021567902E-002,0.214170712514307,0.429392629893665,1.41315452450771 
 03/07  09:00:00,1.11117038418965,11.1084388672307,0.000000000000000E+000,9.70938967132774,0.000000000000000E+000,0.267331390853854,0.267331390853854,0.267331390853854,0.154762988265052,3.371891198485800E-002,0.275218413283566,0.363026666112717,1.37404474910279 
 03/07  10:00:00,1.00379160944476,10.1342892334039,0.000000000000000E+000,8.86188235094449,0.000000000000000E+000,0.243996730449202,0.243996730449202,0.243996730449202,7.987766192469842E-002,1.740330735525975E-002,0.336436847124624,0.308965048901375,1.25112607625555 
 03/07  11:00:00,1.00227905948675,9.77935866266103,0.000000000000000E+000,8.65328447421607,0.000000000000000E+000,0.238253345704881,0.238253345704881,0.238253345704881,6.490060501591859E-002,1.414018642934009E-002,0.351641513346258,0.316231395300750,1.10429289291366 
 03/07  12:00:00,0.972374623773110,8.00469522490425,0.000000000000000E+000,7.01106773626490,0.000000000000000E+000,0.193037724589539,0.193037724589539,0.193037724589539,6.490060501591859E-002,1.414018642934009E-002,0.366855814129303,0.316328279919408,0.971839519917002 
 03/07  13:00:00,0.925100041444511,6.72960470307193,0.000000000000000E+000,5.83838904368950,0.000000000000000E+000,0.160750028192244,0.160750028192244,0.160750028192244,6.490060501591859E-002,1.414018642934009E-002,0.357197582224207,0.310999625893199,0.869794716166914 
 03/07  14:00:00,0.885063057358693,6.00363726499600,0.000000000000000E+000,5.17239827048503,0.000000000000000E+000,0.142413114573220,0.142413114573220,0.142413114573220,6.490060501591859E-002,1.414018642934009E-002,0.324743319086342,0.321753818564274,0.809077327090788 
 03/07  15:00:00,0.861155010030679,5.32906073101840,0.000000000000000E+000,4.55692141453508,0.000000000000000E+000,0.125467015023282,0.125467015023282,0.125467015023282,6.490060501591859E-002,1.414018642934009E-002,0.299663947619161,0.339871242253379,0.748729762339970 
 03/07  16:00:00,0.889018750459090,4.91168611921678,0.000000000000000E+000,4.13052417100997,0.000000000000000E+000,0.113726898288197,0.113726898288197,0.113726898288197,7.488530962177171E-002,1.631560098704535E-002,0.308215184980723,0.358763742891751,0.756451121812077 
 03/07  17:00:00,1.04928361588066,4.97451271692566,0.000000000000000E+000,4.11526638806542,0.000000000000000E+000,0.113306801405284,0.113306801405284,0.113306801405284,0.114824136404476,2.501725375403699E-002,0.354668780903828,0.424354629723432,0.830017752136243 
 03/07  18:00:00,1.38911607832815,6.02769623120510,0.000000000000000E+000,5.00603177239349,0.000000000000000E+000,0.137832498403531,0.137832498403531,0.137832498403531,0.229648272808951,5.003450750807398E-002,0.438965730037081,0.515523055880909,0.986156409325666 
 03/07  19:00:00,1.66899251307025,5.65477370943229,0.000000000000000E+000,4.48821967737531,0.000000000000000E+000,0.123575430529230,0.123575430529230,0.123575430529230,0.444319538864866,9.680590683916351E-002,0.397477157158294,0.559702441989101,1.12800300746005 
 03/07  20:00:00,1.85081802653209,5.73137171787726,0.000000000000000E+000,4.54084403381196,0.000000000000000E+000,0.125024351921327,0.125024351921327,0.125024351921327,0.663983056912221,0.144664990683150,0.322310632266247,0.577722981059548,1.15073544593627 
 03/07  21:00:00,1.90164042848740,5.88409937602843,0.000000000000000E+000,4.77663078626646,0.000000000000000E+000,0.131516335723843,0.131516335723843,0.131516335723843,0.713906579941488,0.155542054365294,0.285979116882669,0.597584327884505,1.06630834747119 
 03/07  22:00:00,1.74255307148401,6.17847457305409,0.000000000000000E+000,5.17520254151117,0.000000000000000E+000,0.142490325365981,0.142490325365981,0.142490325365981,0.599082443537010,0.130524800611257,0.269710545482451,0.583632942797706,0.963072728760883 
 03/07  23:00:00,1.44423394438739,6.52957764093371,0.000000000000000E+000,5.69904486873239,0.000000000000000E+000,0.156913425340813,0.156913425340813,0.156913425340813,0.449311874449212,9.789360956482500E-002,0.217943504277125,0.505059517065810,0.795745427346963 
 03/07  24:00:00,1.15883479744281,6.89171475211061,0.000000000000000E+000,6.24742542061406,0.000000000000000E+000,0.172012143243201,0.172012143243201,0.172012143243201,0.314518312114448,6.852552669537749E-002,0.147779479178003,0.438887322522180,0.614059776117631 
 03/08  01:00:00,0.860415252459940,7.25554606397171,0.000000000000000E+000,6.80758438895832,0.000000000000000E+000,0.187435159640302,0.187435159640302,0.187435159640302,0.159755323849397,3.480661471051949E-002,9.827947445740333E-002,0.363026666112717,0.422957228213203 
 03/08  02:00:00,0.747263147880037,7.49594009156764,0.000000000000000E+000,7.13714170426538,0.000000000000000E+000,0.196508955053753,0.196508955053753,0.196508955053753,9.485471047418767E-002,2.066642463862648E-002,8.386910965267348E-002,0.334251934371197,0.335775878238827 
 03/08  03:00:00,0.706498363461755,7.90235278423934,0.000000000000000E+000,7.56847167097602,0.000000000000000E+000,0.208384885861043,0.208384885861043,0.208384885861043,6.490060501591859E-002,1.414018642934009E-002,7.158412284098968E-002,0.330376549624864,0.311125531841210 
 03/08  04:00:00,0.697952448298737,8.03858421261536,0.000000000000000E+000,7.69836948606022,0.000000000000000E+000,0.211961399395964,0.211961399395964,0.211961399395964,6.490060501591859E-002,1.414018642934009E-002,6.411215583864807E-002,0.325726087929265,0.317779458302619 
 03/08  05:00:00,0.694697269354840,8.07820213102417,0.000000000000000E+000,7.66964450820309,0.000000000000000E+000,0.211170506400345,0.211170506400345,0.211170506400345,6.490060501591859E-002,1.414018642934009E-002,7.395221645997889E-002,0.313421741359659,0.386969849829729 
 03/08  06:00:00,0.753345238643645,8.52601962637186,0.000000000000000E+000,7.81202013766014,0.000000000000000E+000,0.215090575151818,0.215090575151818,0.215090575151818,6.989295731884501E-002,1.522789461883095E-002,8.626832450802412E-002,0.349753473356527,0.689909269083043 
 03/08  07:00:00,0.922755727974250,9.61294265178661,0.000000000000000E+000,8.32914396772126,0.000000000000000E+000,0.229328692831053,0.229328692831053,0.229328692831053,0.109831800820130,2.392955102837551E-002,0.138447925181248,0.404105744423842,1.25596480426721 
 03/08  08:00:00,1.12243372656347,9.05739343115709,0.000000000000000E+000,7.61390984784381,0.000000000000000E+000,0.209635948124595,0.209635948124595,0.209635948124595,0.194701840125627,4.242057021567902E-002,0.214170712514307,0.429392629893665,1.41390800065559 
 03/08  09:00:00,1.04517269902405,8.71260682536283,0.000000000000000E+000,7.31237508717539,0.000000000000000E+000,0.201333705688254,0.201333705688254,0.201333705688254,0.154762988265052,3.371891198485800E-002,0.275218413283566,0.363026666112717,1.37522729138725 
 03/08  10:00:00,0.947106244466514,8.07676541460255,0.000000000000000E+000,6.80308822475795,0.000000000000000E+000,0.187311365470958,0.187311365470958,0.187311365470958,7.987766192469842E-002,1.740330735525975E-002,0.336436847124624,0.308965048901375,1.25239638364078 
 03/08  11:00:00,0.955716204632094,8.08957649962958,0.000000000000000E+000,6.96213664249561,0.000000000000000E+000,0.191690490850227,0.191690490850227,0.191690490850227,6.490060501591859E-002,1.414018642934009E-002,0.351641513346258,0.316231395300750,1.10565856160268 
 03/08  12:00:00,0.925730091375328,6.31179124326496,0.000000000000000E+000,5.31695340258935,0.000000000000000E+000,0.146393192191757,0.146393192191757,0.146393192191757,6.490060501591859E-002,1.414018642934009E-002,0.366855814129303,0.316328279919408,0.973049871953258 
 03/08  13:00:00,0.885706854922220,5.30021888391297,0.000000000000000E+000,4.40764124741104,0.000000000000000E+000,0.121356841669955,0.121356841669955,0.121356841669955,6.490060501591859E-002,1.414018642934009E-002,0.357197582224207,0.310999625893199,0.871156693286405 
 03/08  14:00:00,0.839902238534520,4.36457424171204,0.000000000000000E+000,3.53217193402818,0.000000000000000E+000,9.725229574904602E-002,9.725229574904602E-002,9.725229574904602E-002,6.490060501591859E-002,1.414018642934009E-002,0.324743319086342,0.321753818564274,0.810240640263708 
 03/08  15:00:00,0.815137784720273,3.65911006736693,0.000000000000000E+000,2.88559067142647,0.000000000000000E+000,7.944978971287425E-002,7.944978971287425E-002,7.944978971287425E-002,6.490060501591859E-002,1.414018642934009E-002,0.299663947619161,0.339871242253379,0.750109841797141 
 03/08  16:00:00,0.842473485794858,3.22292683805838,0.000000000000000E+000,2.44001520931770,0.000000000000000E+000,6.718163362396584E-002,6.718163362396584E-002,6.718163362396584E-002,7.488530962177171E-002,1.631560098704535E-002,0.308215184980723,0.358763742891751,0.758200802345951 
 03/08  17:00:00,1.00086989636790,3.21768785938703,0.000000000000000E+000,2.35689575045958,0.000000000000000E+000,6.489308189252398E-002,6.489308189252398E-002,6.489308189252398E-002,0.114824136404476,2.501725375403699E-002,0.354668780903828,0.424354629723432,0.831563532203466 
 03/08  18:00:00,1.34182713764768,4.31191619718648,0.000000000000000E+000,3.28851273826742,0.000000000000000E+000,9.054355772307017E-002,9.054355772307017E-002,9.054355772307017E-002,0.229648272808951,5.003450750807398E-002,0.438965730037081,0.515523055880909,0.987895409433137 
 03/08  19:00:00,1.62692647100838,4.12879006758536,0.000000000000000E+000,2.96039463219589,0.000000000000000E+000,8.150938846735917E-002,8.150938846735917E-002,8.150938846735917E-002,0.444319538864866,9.680590683916351E-002,0.397477157158294,0.559702441989101,1.12984441079252 
 03/08  20:00:00,1.81353725657950,4.37906352507766,0.000000000000000E+000,3.18681852427203,0.000000000000000E+000,8.774358196872885E-002,8.774358196872885E-002,8.774358196872885E-002,0.663983056912221,0.144664990683150,0.322310632266247,0.577722981059548,1.15245276267659 
 03/08  21:00:00,1.87665018373359,4.97860365520282,0.000000000000000E+000,3.86899317767307,0.000000000000000E+000,0.106526090970039,0.106526090970039,0.106526090970039,0.713906579941488,0.155542054365294,0.285979116882669,0.597584327884505,1.06845023523898 
 03/08  22:00:00,1.72211444868414,5.43769130944271,0.000000000000000E+000,4.43287837046875,0.000000000000000E+000,0.122051702566113,0.122051702566113,0.122051702566113,0.599082443537010,0.130524800611257,0.269710545482451,0.583632942797706,0.964613636191905 
 03/08  23:00:00,1.42943520656638,5.99326957921902,0.000000000000000E+000,5.16155949640468,0.000000000000000E+000,0.142114687519807,0.142114687519807,0.142114687519807,0.449311874449212,9.789360956482500E-002,0.217943504277125,0.505059517065810,0.796922737959947 
 03/08  24:00:00,1.14577798821645,6.41892726454673,0.000000000000000E+000,5.77320633157259,0.000000000000000E+000,0.158955334016842,0.158955334016842,0.158955334016842,0.314518312114448,6.852552669537749E-002,0.147779479178003,0.438887322522180,0.615491377595214 
 03/09  01:00:00,0.849298263494887,6.85292903567006,0.000000000000000E+000,6.40381894454572,0.000000000000000E+000,0.176318170675250,0.176318170675250,0.176318170675250,0.159755323849397,3.480661471051949E-002,9.827947445740333E-002,0.363026666112717,0.424105644324163 
 03/09  02:00:00,0.739929294573782,7.23039923354943,0.000000000000000E+000,6.87077852366264,0.000000000000000E+000,0.189175101747498,0.189175101747498,0.189175101747498,9.485471047418767E-002,2.066642463862648E-002,8.386910965267348E-002,0.334251934371197,0.336598200823354 
 03/09  03:00:00,0.696808297237858,7.55171918719860,0.000000000000000E+000,7.21653159911135,0.000000000000000E+000,0.198694819637146,0.198694819637146,0.198694819637146,6.490060501591859E-002,1.414018642934009E-002,7.158412284098968E-002,0.330376549624864,0.312432006665125 
 03/09  04:00:00,0.689440789916605,7.73040694001071,0.000000000000000E+000,7.38922880595762,0.000000000000000E+000,0.203449741013833,0.203449741013833,0.203449741013833,6.490060501591859E-002,1.414018642934009E-002,6.411215583864807E-002,0.325726087929265,0.318742865800561 
 03/09  05:00:00,0.688800687204817,7.86493432344767,0.000000000000000E+000,7.45548255123760,0.000000000000000E+000,0.205273924250322,0.205273924250322,0.205273924250322,6.490060501591859E-002,1.414018642934009E-002,7.395221645997889E-002,0.313421741359659,0.387863999218709 
 03/09  06:00:00,0.746212176916100,8.26712608698527,0.000000000000000E+000,7.55294964226799,0.000000000000000E+000,0.207957513424272,0.207957513424272,0.207957513424272,6.989295731884501E-002,1.522789461883095E-002,8.626832450802412E-002,0.349753473356527,0.690086225088600 
 03/09  07:00:00,0.898011971055299,8.71399233784277,0.000000000000000E+000,7.43045871758527,0.000000000000000E+000,0.204584935912103,0.204584935912103,0.204584935912103,0.109831800820130,2.392955102837551E-002,0.138447925181248,0.404105744423842,1.25569974045939 
 03/09  08:00:00,1.10713586871378,8.50179085300477,0.000000000000000E+000,7.05829659747007,0.000000000000000E+000,0.194338090274903,0.194338090274903,0.194338090274903,0.194701840125627,4.242057021567902E-002,0.214170712514307,0.429392629893665,1.41391867287699 
 03/09  09:00:00,1.02916556585346,8.13103060345867,0.000000000000000E+000,6.73100118649875,0.000000000000000E+000,0.185326572517672,0.185326572517672,0.185326572517672,0.154762988265052,3.371891198485800E-002,0.275218413283566,0.363026666112717,1.37502497015973 
 03/09  10:00:00,0.922499481278133,7.18276196545981,0.000000000000000E+000,5.90937854261780,0.000000000000000E+000,0.162704602282577,0.162704602282577,0.162704602282577,7.987766192469842E-002,1.740330735525975E-002,0.336436847124624,0.308965048901375,1.25210261663816 
 03/09  11:00:00,0.914209579414126,6.58200485991467,0.000000000000000E+000,5.45462943619331,0.000000000000000E+000,0.150183865632259,0.150183865632259,0.150183865632259,6.490060501591859E-002,1.414018642934009E-002,0.351641513346258,0.316231395300750,1.10559412819006 
 03/09  12:00:00,0.888782745836522,4.97058339828304,0.000000000000000E+000,3.97503775994205,0.000000000000000E+000,0.109445846652953,0.109445846652953,0.109445846652953,6.490060501591859E-002,1.414018642934009E-002,0.366855814129303,0.316328279919408,0.973757669618646 
 03/09  13:00:00,0.844507748202869,3.80468779240297,0.000000000000000E+000,2.91130301353910,0.000000000000000E+000,8.015773495060415E-002,8.015773495060415E-002,8.015773495060415E-002,6.490060501591859E-002,1.414018642934009E-002,0.357197582224207,0.310999625893199,0.871963835648352 
 03/09  14:00:00,0.801774685415924,2.98067185331594,0.000000000000000E+000,2.14739153371564,0.000000000000000E+000,5.912474263044932E-002,5.912474263044932E-002,5.912474263044932E-002,6.490060501591859E-002,1.414018642934009E-002,0.324743319086342,0.321753818564274,0.811118652180119 
 03/09  15:00:00,0.778859734834945,2.34236395931704,0.000000000000000E+000,1.56798363048953,0.000000000000000E+000,4.317173982754784E-002,4.317173982754784E-002,4.317173982754784E-002,6.490060501591859E-002,1.414018642934009E-002,0.299663947619161,0.339871242253379,0.750970774684186 
 03/09  16:00:00,0.808887253109749,2.00365235265282,0.000000000000000E+000,1.22017409866461,0.000000000000000E+000,3.359540093885759E-002,3.359540093885759E-002,3.359540093885759E-002,7.488530962177171E-002,1.631560098704535E-002,0.308215184980723,0.358763742891751,0.758767427593481 
 03/09  17:00:00,0.965036169960291,1.91684685138066,0.000000000000000E+000,1.05542639455668,0.000000000000000E+000,2.905935548491829E-002,2.905935548491829E-002,2.905935548491829E-002,0.114824136404476,2.501725375403699E-002,0.354668780903828,0.424354629723432,0.832191880099980 
 03/09  18:00:00,1.30081828026996,2.82315198864751,0.000000000000000E+000,1.79908429896400,0.000000000000000E+000,4.953470034534191E-002,4.953470034534191E-002,4.953470034534191E-002,0.229648272808951,5.003450750807398E-002,0.438965730037081,0.515523055880909,0.988559640197563 
 03/09  19:00:00,1.59544458191925,2.98641317203049,0.000000000000000E+000,1.81698260048655,0.000000000000000E+000,5.002749937822804E-002,5.002749937822804E-002,5.002749937822804E-002,0.444319538864866,9.680590683916351E-002,0.397477157158294,0.559702441989101,1.13087954694703 
 03/09  20:00:00,1.78022863960211,3.16995861559664,0.000000000000000E+000,1.97706032635328,0.000000000000000E+000,5.443496499133937E-002,5.443496499133937E-002,5.443496499133937E-002,0.663983056912221,0.144664990683150,0.322310632266247,0.577722981059548,1.15310605111433 
 03/09  21:00:00,1.83553890962673,3.48576215746555,0.000000000000000E+000,2.37584499588520,0.000000000000000E+000,6.541481686318051E-002,6.541481686318051E-002,6.541481686318051E-002,0.713906579941488,0.155542054365294,0.285979116882669,0.597584327884505,1.06875691928959 
 03/09  22:00:00,1.67515498412175,3.73292513207088,0.000000000000000E+000,2.72732580241140,0.000000000000000E+000,7.509223800372428E-002,7.509223800372428E-002,7.509223800372428E-002,0.599082443537010,0.130524800611257,0.269710545482451,0.583632942797706,0.965400026877456 
 03/09  23:00:00,1.37740599549155,4.10462925250647,0.000000000000000E+000,3.27187537437259,0.000000000000000E+000,9.008547644497711E-002,9.008547644497711E-002,9.008547644497711E-002,0.449311874449212,9.789360956482500E-002,0.217943504277125,0.505059517065810,0.797966533279508 
 03/09  24:00:00,1.09239033274821,4.48137201573241,0.000000000000000E+000,3.83418394843959,0.000000000000000E+000,0.105567678548606,0.105567678548606,0.105567678548606,0.314518312114448,6.852552669537749E-002,0.147779479178003,0.438887322522180,0.616958511913898 
 03/10  01:00:00,0.794349472162405,4.85871840627345,0.000000000000000E+000,4.40809661163344,0.000000000000000E+000,0.121369379342768,0.121369379342768,0.121369379342768,0.159755323849397,3.480661471051949E-002,9.827947445740333E-002,0.363026666112717,0.425617347839820 
 03/10  02:00:00,0.686872988654343,5.30544004982703,0.000000000000000E+000,4.94379064899655,0.000000000000000E+000,0.136118795828059,0.136118795828059,0.136118795828059,9.485471047418767E-002,2.066642463862648E-002,8.386910965267348E-002,0.334251934371197,0.338626891767074 
 03/10  03:00:00,0.649815412604414,5.84697657665113,0.000000000000000E+000,5.50976522488004,0.000000000000000E+000,0.151701935003703,0.151701935003703,0.151701935003703,6.490060501591859E-002,1.414018642934009E-002,7.158412284098968E-002,0.330376549624864,0.314455770348998 
 03/10  04:00:00,0.651934523879318,6.37034134412503,0.000000000000000E+000,6.02701335153846,0.000000000000000E+000,0.165943474976548,0.165943474976548,0.165943474976548,6.490060501591859E-002,1.414018642934009E-002,6.411215583864807E-002,0.325726087929265,0.320892724334044 
 03/10  05:00:00,0.659470807532866,6.80170777149173,0.000000000000000E+000,6.39023080568475,0.000000000000000E+000,0.175944044578370,0.175944044578370,0.175944044578370,6.490060501591859E-002,1.414018642934009E-002,7.395221645997889E-002,0.313421741359659,0.389889192815644 
 03/10  06:00:00,0.718145809126974,7.24936433049582,0.000000000000000E+000,6.53358823972919,0.000000000000000E+000,0.179891145635145,0.179891145635145,0.179891145635145,6.989295731884501E-002,1.522789461883095E-002,8.626832450802412E-002,0.349753473356527,0.691685871137982 
 03/10  07:00:00,0.883529744740939,8.18862441444571,0.000000000000000E+000,6.90446894083154,0.000000000000000E+000,0.190102709597742,0.190102709597742,0.190102709597742,0.109831800820130,2.392955102837551E-002,0.138447925181248,0.404105744423842,1.25632159381606 
 03/10  08:00:00,1.07908077109548,7.48247524713610,0.000000000000000E+000,6.03934452389120,0.000000000000000E+000,0.166282992656599,0.166282992656599,0.166282992656599,0.194701840125627,4.242057021567902E-002,0.214170712514307,0.429392629893665,1.41355514058720 
 03/10  09:00:00,0.992176062960796,6.78726129291894,0.000000000000000E+000,5.38755440239116,0.000000000000000E+000,0.148337069625004,0.148337069625004,0.148337069625004,0.154762988265052,3.371891198485800E-002,0.275218413283566,0.363026666112717,1.37470244372759 
 03/10  10:00:00,0.878852550180639,5.59756697846503,0.000000000000000E+000,4.32413611886204,0.000000000000000E+000,0.119057671185083,0.119057671185083,0.119057671185083,7.987766192469842E-002,1.740330735525975E-002,0.336436847124624,0.308965048901375,1.25215005339916 
 03/10  11:00:00,0.851249212391053,4.29566063680612,0.000000000000000E+000,3.16792926482800,0.000000000000000E+000,8.722349860918557E-002,8.722349860918557E-002,8.722349860918557E-002,6.490060501591859E-002,1.414018642934009E-002,0.351641513346258,0.316231395300750,1.10595007644683 
 03/10  12:00:00,0.830299010786408,2.84749180977051,0.000000000000000E+000,1.85092741426744,0.000000000000000E+000,5.096211160283777E-002,5.096211160283777E-002,5.096211160283777E-002,6.490060501591859E-002,1.414018642934009E-002,0.366855814129303,0.316328279919408,0.974776426780751 
 03/10  13:00:00,0.783228518448825,1.57997560581382,0.000000000000000E+000,0.685661204170994,0.000000000000000E+000,1.887850519655732E-002,1.887850519655732E-002,1.887850519655732E-002,6.490060501591859E-002,1.414018642934009E-002,0.357197582224207,0.310999625893199,0.872893458427291 
 03/10  14:00:00,0.742649942785476,0.834405953994299,0.000000000000000E+000,0.000000000000000E+000,0.000000000000000E+000,0.000000000000000E+000,0.000000000000000E+000,0.000000000000000E+000,6.490060501591859E-002,1.414018642934009E-002,0.324743319086342,0.321753818564274,0.812244286574121 
 03/10  15:00:00,0.735687995007397,0.775708538846076,0.000000000000000E+000,0.000000000000000E+000,0.000000000000000E+000,0.000000000000000E+000,0.000000000000000E+000,0.000000000000000E+000,6.490060501591859E-002,1.414018642934009E-002,0.299663947619161,0.339871242253379,0.752298984702751 
 03/10  16:00:00,0.775291852170891,0.784364923962429,0.000000000000000E+000,0.000000000000000E+000,0.000000000000000E+000,0.000000000000000E+000,0.000000000000000E+000,0.000000000000000E+000,7.488530962177171E-002,1.631560098704535E-002,0.308215184980723,0.358763742891751,0.759654097567695 
 03/10  17:00:00,0.935976814475372,0.861784907369766,0.000000000000000E+000,0.000000000000000E+000,0.000000000000000E+000,0.000000000000000E+000,0.000000000000000E+000,0.000000000000000E+000,0.114824136404476,2.501725375403699E-002,0.354668780903828,0.424354629723432,0.832556330645773 
 03/10  18:00:00,1.25128357992462,1.02321608723160,0.000000000000000E+000,0.000000000000000E+000,0.000000000000000E+000,0.000000000000000E+000,0.000000000000000E+000,0.000000000000000E+000,0.229648272808951,5.003450750807398E-002,0.438965730037081,0.515523055880909,0.987708037745676 
 03/10  19:00:00,1.54541708254102,1.16935274292955,0.000000000000000E+000,0.000000000000000E+000,0.000000000000000E+000,0.000000000000000E+000,0.000000000000000E+000,0.000000000000000E+000,0.444319538864866,9.680590683916351E-002,0.397477157158294,0.559702441989101,1.13080171833263 
 03/10  20:00:00,1.72579367461077,1.19341930065552,0.000000000000000E+000,0.000000000000000E+000,0.000000000000000E+000,0.000000000000000E+000,0.000000000000000E+000,0.000000000000000E+000,0.663983056912221,0.144664990683150,0.322310632266247,0.577722981059548,1.15362706252648 
 03/10  21:00:00,1.77012409276355,1.11061867934744,0.000000000000000E+000,0.000000000000000E+000,0.000000000000000E+000,0.000000000000000E+000,0.000000000000000E+000,0.000000000000000E+000,0.713906579941488,0.155542054365294,0.285979116882669,0.597584327884505,1.06945843705666 
 03/10  22:00:00,1.60417658485652,1.15646722606792,0.000000000000000E+000,0.149413292727891,0.000000000000000E+000,4.113838738489830E-003,4.113838738489830E-003,4.113838738489830E-003,0.599082443537010,0.130524800611257,0.269710545482451,0.583632942797706,0.966854630557991 
 03/10  23:00:00,1.31625309330487,1.88601901893358,0.000000000000000E+000,1.05082174140207,0.000000000000000E+000,2.893257425830228E-002,2.893257425830228E-002,2.893257425830228E-002,0.449311874449212,9.789360956482500E-002,0.217943504277125,0.505059517065810,0.800409932677139 
 03/10  24:00:00,1.04942716159452,2.92361860801090,0.000000000000000E+000,2.27377546474166,0.000000000000000E+000,6.260450739491613E-002,6.260450739491613E-002,6.260450739491613E-002,0.314518312114448,6.852552669537749E-002,0.147779479178003,0.438887322522180,0.619613587890310 
 03/11  01:00:00,0.765988498784231,3.60946137243193,0.000000000000000E+000,3.13928099468295,0.000000000000000E+000,8.643471762884768E-002,8.643471762884768E-002,8.643471762884768E-002,0.159755323849397,3.480661471051949E-002,0.104853162793151,0.363026666112717,0.445175930948810 
 03/11  02:00:00,0.669661957597762,4.54853568898178,0.000000000000000E+000,4.17533681360639,0.000000000000000E+000,0.114960737538517,0.114960737538517,0.114960737538517,9.485471047418767E-002,2.066642463862648E-002,8.781613688563442E-002,0.334251934371197,0.350176366311983 
 03/11  03:00:00,0.641117042330957,5.44435674760366,0.000000000000000E+000,5.09900381808335,0.000000000000000E+000,0.140392324214023,0.140392324214023,0.140392324214023,6.490060501591859E-002,1.414018642934009E-002,7.419536335721098E-002,0.330376549624864,0.322597348098219 
 03/11  04:00:00,0.645649310716591,6.10042808219464,0.000000000000000E+000,5.74914536417867,0.000000000000000E+000,0.158292856549520,0.158292856549520,0.158292856549520,6.490060501591859E-002,1.414018642934009E-002,6.547756110294642E-002,0.325726087929265,0.328847449763452 
 03/11  05:00:00,0.649288349233111,6.35029413948169,0.000000000000000E+000,5.92339162702573,0.000000000000000E+000,0.163090428526217,0.163090428526217,0.163090428526217,6.490060501591859E-002,1.414018642934009E-002,7.662337421237893E-002,0.313421741359659,0.405314739464604 
 03/11  06:00:00,0.712852138135551,6.94982428944996,0.000000000000000E+000,6.19253315152531,0.000000000000000E+000,0.170500778766198,0.170500778766198,0.170500778766198,6.989295731884501E-002,1.522789461883095E-002,9.036502038555042E-002,0.349753473356527,0.733200918295985 
 03/11  07:00:00,0.888326822957018,8.07096462729637,0.000000000000000E+000,6.69278179385454,0.000000000000000E+000,0.184274267095907,0.184274267095907,0.184274267095907,0.109831800820130,2.392955102837551E-002,0.149073445899162,0.404105744423842,1.35034895364371 
 03/11  08:00:00,1.10124924903132,7.63414218891667,0.000000000000000E+000,6.07592203708160,0.000000000000000E+000,0.167290091743789,0.167290091743789,0.167290091743789,0.194701840125627,4.242057021567902E-002,0.235332091362966,0.429392629893665,1.52864456917735 
 03/11  09:00:00,1.02886603670792,7.06250311829178,0.000000000000000E+000,5.54200916284501,0.000000000000000E+000,0.152589716530098,0.152589716530098,0.152589716530098,0.154762988265052,3.371891198485800E-002,0.307655740125598,0.363026666112717,1.49548950864658 
 03/11  10:00:00,0.933672184656397,6.06495781928962,0.000000000000000E+000,4.67965272588844,0.000000000000000E+000,0.128846211170111,0.128846211170111,0.128846211170111,7.987766192469842E-002,1.740330735525975E-002,0.381467941615351,0.308965048901375,1.36402428719735 
 03/11  11:00:00,0.928009690574695,5.33091486046720,0.000000000000000E+000,4.10658254824555,0.000000000000000E+000,0.113067706770546,0.113067706770546,0.113067706770546,6.490060501591859E-002,1.414018642934009E-002,0.402557783368541,0.316231395300750,1.20255101669033 
 03/11  12:00:00,0.907268503701356,3.81664861439109,0.000000000000000E+000,2.74005820999921,0.000000000000000E+000,7.544280300776579E-002,7.544280300776579E-002,7.544280300776579E-002,6.490060501591859E-002,1.414018642934009E-002,0.419344615639324,0.316328279919408,1.05480243566955 
 03/11  13:00:00,0.861486701576679,2.75548506241868,0.000000000000000E+000,1.79150959939238,0.000000000000000E+000,4.932614398491889E-002,4.932614398491889E-002,4.932614398491889E-002,6.490060501591859E-002,1.414018642934009E-002,0.405008126563703,0.310999625893199,0.942554519810768 
 03/11  14:00:00,0.820218280821230,2.12897760667891,0.000000000000000E+000,1.23415244214373,0.000000000000000E+000,3.398027065061116E-002,3.398027065061116E-002,3.398027065061116E-002,6.490060501591859E-002,1.414018642934009E-002,0.368331386471487,0.321753818564274,0.872663497115009 
 03/11  15:00:00,0.794520021297036,1.54572068442497,0.000000000000000E+000,0.715730904319479,0.000000000000000E+000,1.970642281397369E-002,1.970642281397369E-002,1.970642281397369E-002,6.490060501591859E-002,1.414018642934009E-002,0.338789551094827,0.339871242253379,0.806580225962173 
 03/11  16:00:00,0.828691126325051,1.43181267921376,0.000000000000000E+000,0.593473382587507,0.000000000000000E+000,1.634027165171592E-002,1.634027165171592E-002,1.634027165171592E-002,7.488530962177171E-002,1.631560098704535E-002,0.345274187483165,0.358763742891751,0.813628470231517 
 03/11  17:00:00,0.990910171832759,1.61964116691641,0.000000000000000E+000,0.690633519674474,0.000000000000000E+000,1.901540937532713E-002,1.901540937532713E-002,1.901540937532713E-002,0.114824136404476,2.501725375403699E-002,0.390586728885886,0.424354629723432,0.899779070517942 
 03/11  18:00:00,1.31788293849136,2.23849591235776,0.000000000000000E+000,1.13489546635999,0.000000000000000E+000,3.124740007002533E-002,3.124740007002533E-002,3.124740007002533E-002,0.229648272808951,5.003450750807398E-002,0.474317688533803,0.515523055880909,1.06809239651184 
 03/11  19:00:00,1.61015297076002,2.37645411076298,0.000000000000000E+000,1.10504596436938,0.000000000000000E+000,3.042554523119782E-002,3.042554523119782E-002,3.042554523119782E-002,0.444319538864866,9.680590683916351E-002,0.431787500146093,0.559702441989101,1.23285712179668 
 03/11  20:00:00,1.79851151330837,2.70435663557014,0.000000000000000E+000,1.39732899349435,0.000000000000000E+000,3.847305710825161E-002,3.847305710825161E-002,3.847305710825161E-002,0.663983056912221,0.144664990683150,0.356555413855597,0.577722981059548,1.26723540394675 
 03/11  21:00:00,1.85769665019463,3.13352416663805,0.000000000000000E+000,1.91467017618003,0.000000000000000E+000,5.271715921919614E-002,5.271715921919614E-002,5.271715921919614E-002,0.713906579941488,0.155542054365294,0.320834515094546,0.597584327884505,1.17769374816724 
 03/11  22:00:00,1.70530431162445,3.62651328639675,0.000000000000000E+000,2.52910904422827,0.000000000000000E+000,6.963467955263880E-002,6.963467955263880E-002,6.963467955263880E-002,0.599082443537010,0.130524800611257,0.305317431436236,0.583632942797706,1.05720493938645 
 03/11  23:00:00,1.40403900400166,4.11681923774387,0.000000000000000E+000,3.21157650113478,0.000000000000000E+000,8.842525039624984E-002,8.842525039624984E-002,8.842525039624984E-002,0.449311874449212,9.789360956482500E-002,0.246236738835966,0.505059517065810,0.870455391754717 
 03/11  24:00:00,1.10783065782395,4.52336528760111,0.000000000000000E+000,3.83075055178299,0.000000000000000E+000,0.105473145860699,0.105473145860699,0.105473145860699,0.314518312114448,6.852552669537749E-002,0.163314336941647,0.438887322522180,0.662385180439190 
 03/12  01:00:00,0.799831025439414,4.83704514496433,0.000000000000000E+000,4.36843061945375,0.000000000000000E+000,0.120277244284031,0.120277244284031,0.120277244284031,0.159755323849397,3.480661471051949E-002,0.104853162793151,0.363026666112717,0.443610078710407 
 03/12  02:00:00,0.694608771227867,5.45317980836566,0.000000000000000E+000,5.08139701783100,0.000000000000000E+000,0.139907551168623,0.139907551168623,0.139907551168623,9.485471047418767E-002,2.066642463862648E-002,8.781613688563442E-002,0.334251934371197,0.348760281471244 
 03/12  03:00:00,0.654188787471297,5.91806814217539,0.000000000000000E+000,5.57376537469093,0.000000000000000E+000,0.153464069354364,0.153464069354364,0.153464069354364,6.490060501591859E-002,1.414018642934009E-002,7.419536335721098E-002,0.330376549624864,0.321547186062338 
 03/12  04:00:00,0.651102043191998,6.29815253393777,0.000000000000000E+000,5.94718684448570,0.000000000000000E+000,0.163745589024928,0.163745589024928,0.163745589024928,6.490060501591859E-002,1.414018642934009E-002,6.547756110294642E-002,0.325726087929265,0.328530421199535 
 03/12  05:00:00,0.660253834998781,6.74809709240891,0.000000000000000E+000,6.32165452422696,0.000000000000000E+000,0.174055914291887,0.174055914291887,0.174055914291887,6.490060501591859E-002,1.414018642934009E-002,7.662337421237893E-002,0.313421741359659,0.404854795190602 
 03/12  06:00:00,0.717047914587731,7.10158130266602,0.000000000000000E+000,6.34492239551897,0.000000000000000E+000,0.174696555218378,0.174696555218378,0.174696555218378,6.989295731884501E-002,1.522789461883095E-002,9.036502038555042E-002,0.349753473356527,0.732568687518392 
 03/12  07:00:00,0.889548670944062,8.11428989962875,0.000000000000000E+000,6.73715891764629,0.000000000000000E+000,0.185496115082951,0.185496115082951,0.185496115082951,0.109831800820130,2.392955102837551E-002,0.149073445899162,0.404105744423842,1.34929710218435 
 03/12  08:00:00,1.11127923823420,7.99753998050289,0.000000000000000E+000,6.44020800162484,0.000000000000000E+000,0.177320080946659,0.177320080946659,0.177320080946659,0.194701840125627,4.242057021567902E-002,0.235332091362966,0.429392629893665,1.52775639622036 
 03/12  09:00:00,1.05373118309760,7.96453929354220,0.000000000000000E+000,6.44510323930530,0.000000000000000E+000,0.177454862919777,0.177454862919777,0.177454862919777,0.154762988265052,3.371891198485800E-002,0.307655740125598,0.363026666112717,1.49443160743672 
 03/12  10:00:00,0.981442383109692,7.79920710921211,0.000000000000000E+000,6.41465088670397,0.000000000000000E+000,0.176616409623405,0.176616409623405,0.176616409623405,7.987766192469842E-002,1.740330735525975E-002,0.381467941615351,0.308965048901375,1.36327541630431 
 03/12  11:00:00,1.01496343292656,8.48784258572505,0.000000000000000E+000,7.26471435303619,0.000000000000000E+000,0.200021449122409,0.200021449122409,0.200021449122409,6.490060501591859E-002,1.414018642934009E-002,0.402557783368541,0.316231395300750,1.20134693715756 
 03/12  12:00:00,0.997212731611072,7.08103060888468,0.000000000000000E+000,6.00680348324539,0.000000000000000E+000,0.165387030917482,0.165387030917482,0.165387030917482,6.490060501591859E-002,1.414018642934009E-002,0.419344615639324,0.316328279919408,1.05243915691698 
 03/12  13:00:00,0.963753140045448,6.46700331234334,0.000000000000000E+000,5.50579357562378,0.000000000000000E+000,0.151592582453687,0.151592582453687,0.151592582453687,6.490060501591859E-002,1.414018642934009E-002,0.405008126563703,0.310999625893199,0.939788793504025 
 03/12  14:00:00,0.924289866910746,5.90560323746739,0.000000000000000E+000,5.01399879624680,0.000000000000000E+000,0.138051856740127,0.138051856740127,0.138051856740127,6.490060501591859E-002,1.414018642934009E-002,0.368331386471487,0.321753818564274,0.869442773800438 
 03/12  15:00:00,0.905852800319244,5.58594949153057,0.000000000000000E+000,4.75930143775299,0.000000000000000E+000,0.131039201836182,0.131039201836182,0.131039201836182,6.490060501591859E-002,1.414018642934009E-002,0.338789551094827,0.339871242253379,0.803238499634269 
 03/12  16:00:00,0.934090465200333,5.25687540251821,0.000000000000000E+000,4.42154328852650,0.000000000000000E+000,0.121739610526999,0.121739610526999,0.121739610526999,7.488530962177171E-002,1.631560098704535E-002,0.345274187483165,0.358763742891751,0.810621287596995 
 03/12  17:00:00,1.08749616662442,5.12334895171352,0.000000000000000E+000,4.19860561838586,0.000000000000000E+000,0.115601404166984,0.115601404166984,0.115601404166984,0.114824136404476,2.501725375403699E-002,0.390586728885886,0.424354629723432,0.895514756603685 
 03/12  18:00:00,1.42035530982657,5.95608585394557,0.000000000000000E+000,4.85665885770989,0.000000000000000E+000,0.133719771405233,0.133719771405233,0.133719771405233,0.229648272808951,5.003450750807398E-002,0.474317688533803,0.515523055880909,1.06391894674973 
 03/12  19:00:00,1.69173898579484,5.33499199414065,0.000000000000000E+000,4.06822364871723,0.000000000000000E+000,0.112011560266012,0.112011560266012,0.112011560266012,0.444319538864866,9.680590683916351E-002,0.431787500146093,0.559702441989101,1.22821732082650 
 03/12  20:00:00,1.86897709891823,5.25945065521844,0.000000000000000E+000,3.95661627703868,0.000000000000000E+000,0.108938642718118,0.108938642718118,0.108938642718118,0.663983056912221,0.144664990683150,0.356555413855597,0.577722981059548,1.26304214005071 
 03/12  21:00:00,1.91670752176219,5.27287022862428,0.000000000000000E+000,4.05792594971313,0.000000000000000E+000,0.111728030786760,0.111728030786760,0.111728030786760,0.713906579941488,0.155542054365294,0.320834515094546,0.597584327884505,1.17378403662039 
 03/12  22:00:00,1.75561324747853,5.45045255406850,0.000000000000000E+000,4.35631332651226,0.000000000000000E+000,0.119943615406719,0.119943615406719,0.119943615406719,0.599082443537010,0.130524800611257,0.305317431436236,0.583632942797706,1.05393992477422 
 03/12  23:00:00,1.44546355943804,5.61870396027171,0.000000000000000E+000,4.71610295950771,0.000000000000000E+000,0.129849805832622,0.129849805832622,0.129849805832622,0.449311874449212,9.789360956482500E-002,0.246236738835966,0.505059517065810,0.867813655909636 
 03/12  24:00:00,1.14362031741921,5.82116110765005,0.000000000000000E+000,5.13061941531075,0.000000000000000E+000,0.141262805455953,0.141262805455953,0.141262805455953,0.314518312114448,6.852552669537749E-002,0.163314336941647,0.438887322522180,0.660312136960373 
 03/13  01:00:00,0.831684198338196,6.21433342635268,0.000000000000000E+000,5.76408179375238,0.000000000000000E+000,0.158704105518559,0.158704105518559,0.158704105518559,0.159755323849397,3.480661471051949E-002,9.827947445740333E-002,0.363026666112717,0.425247185800121 
 03/13  02:00:00,0.718237138308940,6.44466037705829,0.000000000000000E+000,6.08292642251597,0.000000000000000E+000,0.167482945482657,0.167482945482657,0.167482945482657,9.485471047418767E-002,2.066642463862648E-002,8.386910965267348E-002,0.334251934371197,0.338711445478892 
 03/13  03:00:00,0.673161989888633,6.69435090063766,0.000000000000000E+000,6.35770536247566,0.000000000000000E+000,0.175048512287921,0.175048512287921,0.175048512287921,6.490060501591859E-002,1.414018642934009E-002,7.158412284098968E-002,0.330376549624864,0.313889956739901 
 03/13  04:00:00,0.664858975539549,6.83930019390439,0.000000000000000E+000,6.49642525657738,0.000000000000000E+000,0.178867926636778,0.178867926636778,0.178867926636778,6.490060501591859E-002,1.414018642934009E-002,6.411215583864807E-002,0.325726087929265,0.320439669074483 
 03/13  05:00:00,0.665629294710624,7.02507851393101,0.000000000000000E+000,6.61390506856777,0.000000000000000E+000,0.182102531756127,0.182102531756127,0.182102531756127,6.490060501591859E-002,1.414018642934009E-002,7.395221645997889E-002,0.313421741359659,0.389585672371900 
 03/13  06:00:00,0.721454204330304,7.36848406654051,0.000000000000000E+000,6.65374808370893,0.000000000000000E+000,0.183199540838476,0.183199540838476,0.183199540838476,6.989295731884501E-002,1.522789461883095E-002,8.626832450802412E-002,0.349753473356527,0.690645763202885 
 03/13  07:00:00,0.870973585321416,7.72965197649661,0.000000000000000E+000,6.44843329088381,0.000000000000000E+000,0.177546550178218,0.177546550178218,0.177546550178218,0.109831800820130,2.392955102837551E-002,0.138447925181248,0.404105744423842,1.25338480581470 
 03/13  08:00:00,1.08439417696999,7.67288233205490,0.000000000000000E+000,6.23232570710663,0.000000000000000E+000,0.171596398531115,0.171596398531115,0.171596398531115,0.194701840125627,4.242057021567902E-002,0.214170712514307,0.429392629893665,1.41098104229056 
 03/13  09:00:00,1.01362749305424,7.56404431802661,0.000000000000000E+000,6.16666340683417,0.000000000000000E+000,0.169788499718450,0.169788499718450,0.169788499718450,0.154762988265052,3.371891198485800E-002,0.275218413283566,0.363026666112717,1.37237646439225 
 03/13  10:00:00,0.925138430113141,7.27673747214390,0.000000000000000E+000,6.00522431097277,0.000000000000000E+000,0.165343551117585,0.165343551117585,0.165343551117585,7.987766192469842E-002,1.740330735525975E-002,0.336436847124624,0.308965048901375,1.25023235496732 
 03/13  11:00:00,0.948412521887833,7.82280285536108,0.000000000000000E+000,6.69686924694853,0.000000000000000E+000,0.184386808105966,0.184386808105966,0.184386808105966,6.490060501591859E-002,1.414018642934009E-002,0.351641513346258,0.316231395300750,1.10415231288126 
 03/13  12:00:00,0.933687866526740,6.59960214697733,0.000000000000000E+000,5.60597722285630,0.000000000000000E+000,0.154350967343169,0.154350967343169,0.154350967343169,6.490060501591859E-002,1.414018642934009E-002,0.366855814129303,0.316328279919408,0.971836955398667 
 03/13  13:00:00,0.904738341162105,5.99024916690169,0.000000000000000E+000,5.09885867360765,0.000000000000000E+000,0.140388327909840,0.140388327909840,0.140388327909840,6.490060501591859E-002,1.414018642934009E-002,0.357197582224207,0.310999625893199,0.869969550078536 
 03/13  14:00:00,0.874248388761485,5.61052715986691,0.000000000000000E+000,4.77961300407395,0.000000000000000E+000,0.131598445976011,0.131598445976011,0.131598445976011,6.490060501591859E-002,1.414018642934009E-002,0.324743319086342,0.321753818564274,0.808752488372779 
 03/13  15:00:00,0.859848343149177,5.28125541736965,0.000000000000000E+000,4.50946369592371,0.000000000000000E+000,0.124160348141779,0.124160348141779,0.124160348141779,6.490060501591859E-002,1.414018642934009E-002,0.299663947619161,0.339871242253379,0.748382167302610 
 03/13  16:00:00,0.899161301653869,5.28005966274463,0.000000000000000E+000,4.49889835070116,0.000000000000000E+000,0.123869449482975,0.123869449482975,0.123869449482975,7.488530962177171E-002,1.631560098704535E-002,0.308215184980723,0.358763742891751,0.756450485648721 
 03/13  17:00:00,1.06005015917111,5.36481641918081,0.000000000000000E+000,4.50630375889707,0.000000000000000E+000,0.124073344695740,0.124073344695740,0.124073344695740,0.114824136404476,2.501725375403699E-002,0.354668780903828,0.424354629723432,0.829284083559781 
 03/13  18:00:00,1.40096634284426,6.45584420847496,0.000000000000000E+000,5.43642954770807,0.000000000000000E+000,0.149682762919644,0.149682762919644,0.149682762919644,0.229648272808951,5.003450750807398E-002,0.438965730037081,0.515523055880909,0.983906611280970 
 03/13  19:00:00,1.67705554346911,5.94420663795498,0.000000000000000E+000,4.78106633419404,0.000000000000000E+000,0.131638460928086,0.131638460928086,0.131638460928086,0.444319538864866,9.680590683916351E-002,0.397477157158294,0.559702441989101,1.12458927916400 
 03/13  20:00:00,1.85506991530330,5.88231541594607,0.000000000000000E+000,4.69527125908817,0.000000000000000E+000,0.129276240692534,0.129276240692534,0.129276240692534,0.663983056912221,0.144664990683150,0.322310632266247,0.577722981059548,1.14725191872885 
 03/13  21:00:00,1.90727312259215,6.08577993055763,0.000000000000000E+000,4.98120841475896,0.000000000000000E+000,0.137149029828601,0.137149029828601,0.137149029828601,0.713906579941488,0.155542054365294,0.285979116882669,0.597584327884505,1.06341127350791 
 03/13  22:00:00,1.74368052655744,6.21705258914748,0.000000000000000E+000,5.21615134520360,0.000000000000000E+000,0.143617780439416,0.143617780439416,0.143617780439416,0.599082443537010,0.130524800611257,0.269710545482451,0.583632942797706,0.960701941161841 
 03/13  23:00:00,1.44170322087869,6.43620052138221,0.000000000000000E+000,5.60712980923331,0.000000000000000E+000,0.154382701832119,0.154382701832119,0.154382701832119,0.449311874449212,9.789360956482500E-002,0.217943504277125,0.505059517065810,0.794283367294527 
 03/13  24:00:00,1.14936850739906,6.54824392823734,0.000000000000000E+000,5.90361282725193,0.000000000000000E+000,0.162545853199452,0.162545853199452,0.162545853199452,0.314518312114448,6.852552669537749E-002,0.147779479178003,0.438887322522180,0.614401545606479 
 03/14  01:00:00,0.839781700098189,6.50743352583791,0.000000000000000E+000,6.05818043926095,0.000000000000000E+000,0.166801607278553,0.166801607278553,0.166801607278553,0.159755323849397,3.480661471051949E-002,9.827947445740333E-002,0.363026666112717,0.424248639776771 
 03/14  02:00:00,0.725094312165347,6.69284777824794,0.000000000000000E+000,6.33197675963960,0.000000000000000E+000,0.174340119339062,0.174340119339062,0.174340119339062,9.485471047418767E-002,2.066642463862648E-002,8.386910965267348E-002,0.334251934371197,0.337848509544919 
 03/14  03:00:00,0.678929988791640,6.90386726585842,0.000000000000000E+000,6.56719721748829,0.000000000000000E+000,0.180816511190927,0.180816511190927,0.180816511190927,6.490060501591859E-002,1.414018642934009E-002,7.158412284098968E-002,0.330376549624864,0.313914466948031 
 03/14  04:00:00,0.676275793013579,7.25403237694398,0.000000000000000E+000,6.91108037548327,0.000000000000000E+000,0.190284744110808,0.190284744110808,0.190284744110808,6.490060501591859E-002,1.414018642934009E-002,6.411215583864807E-002,0.325726087929265,0.320516733208187 
 03/14  05:00:00,0.680439906976307,7.56271682164887,0.000000000000000E+000,7.15182171688641,0.000000000000000E+000,0.196913144021811,0.196913144021811,0.196913144021811,6.490060501591859E-002,1.414018642934009E-002,7.395221645997889E-002,0.313421741359659,0.389307331771097 
 03/14  06:00:00,0.740034171139680,8.04263128829433,0.000000000000000E+000,7.32856647019315,0.000000000000000E+000,0.201779507647853,0.201779507647853,0.201779507647853,6.989295731884501E-002,1.522789461883095E-002,8.626832450802412E-002,0.349753473356527,0.689974598472501 
 03/14  07:00:00,0.889388523976675,8.39696094742808,0.000000000000000E+000,7.11725790817405,0.000000000000000E+000,0.195961488833476,0.195961488833476,0.195961488833476,0.109831800820130,2.392955102837551E-002,0.138447925181248,0.404105744423842,1.25186915945593 
 03/14  08:00:00,1.09842189135367,8.18036390106680,0.000000000000000E+000,6.74180775750925,0.000000000000000E+000,0.185624112914792,0.185624112914792,0.185624112914792,0.194701840125627,4.242057021567902E-002,0.214170712514307,0.429392629893665,1.40898056089985 
 03/14  09:00:00,1.01678860334469,7.67660234330135,0.000000000000000E+000,6.28147391040419,0.000000000000000E+000,0.172949610008897,0.172949610008897,0.172949610008897,0.154762988265052,3.371891198485800E-002,0.275218413283566,0.363026666112717,1.37012398609699 
 03/14  10:00:00,0.927418900954941,7.35758030990176,0.000000000000000E+000,6.08805027453216,0.000000000000000E+000,0.167624021959386,0.167624021959386,0.167624021959386,7.987766192469842E-002,1.740330735525975E-002,0.336436847124624,0.308965048901375,1.24824922916575 
 03/14  11:00:00,0.932441743888612,7.24091384167302,0.000000000000000E+000,6.11681575433991,0.000000000000000E+000,0.168416030106746,0.168416030106746,0.168416030106746,6.490060501591859E-002,1.414018642934009E-002,0.351641513346258,0.316231395300750,1.10231679180179 
 03/14  12:00:00,0.976714862281095,8.16224936520666,0.000000000000000E+000,7.16870379541203,0.000000000000000E+000,0.197377963097524,0.197377963097524,0.197377963097524,6.490060501591859E-002,1.414018642934009E-002,0.366855814129303,0.316328279919408,0.971757601072284 
 03/14  13:00:00,0.991541321339136,9.14154018683888,0.000000000000000E+000,8.25151484495893,0.000000000000000E+000,0.227191308086870,0.227191308086870,0.227191308086870,6.490060501591859E-002,1.414018642934009E-002,0.357197582224207,0.310999625893199,0.868604398664416 
 03/14  14:00:00,0.971891735147094,9.15414383788832,0.000000000000000E+000,8.32598777077158,0.000000000000000E+000,0.229241792361618,0.229241792361618,0.229241792361618,6.490060501591859E-002,1.414018642934009E-002,0.324743319086342,0.321753818564274,0.805994399696557 
 03/14  15:00:00,0.991678552294199,10.0658840648905,0.000000000000000E+000,9.29749426335301,0.000000000000000E+000,0.255990557286801,0.255990557286801,0.255990557286801,6.490060501591859E-002,1.414018642934009E-002,0.299663947619161,0.339871242253379,0.744980247394143 
 03/14  16:00:00,1.04181156337760,10.4570776422104,0.000000000000000E+000,9.67990972900859,0.000000000000000E+000,0.266519711206704,0.266519711206704,0.266519711206704,7.488530962177171E-002,1.631560098704535E-002,0.308215184980723,0.358763742891751,0.752457086807079 
 03/14  17:00:00,1.18598270959393,9.93347541837998,0.000000000000000E+000,9.08013326860739,0.000000000000000E+000,0.250005895118557,0.250005895118557,0.250005895118557,0.114824136404476,2.501725375403699E-002,0.354668780903828,0.424354629723432,0.824113573048617 
 03/14  18:00:00,1.52413482411359,10.9237072470281,0.000000000000000E+000,9.90986895955541,0.000000000000000E+000,0.272851244188978,0.272851244188978,0.272851244188978,0.229648272808951,5.003450750807398E-002,0.438965730037081,0.515523055880909,0.978330237986731 
 03/14  19:00:00,1.79048535245092,10.0586615977148,0.000000000000000E+000,8.90080031766306,0.000000000000000E+000,0.245068269909895,0.245068269909895,0.245068269909895,0.444319538864866,9.680590683916351E-002,0.397477157158294,0.559702441989101,1.11931025545487 
 03/14  20:00:00,1.96623370378744,9.91448372242760,0.000000000000000E+000,8.73270411082400,0.000000000000000E+000,0.240440029176676,0.240440029176676,0.240440029176676,0.663983056912221,0.144664990683150,0.322310632266247,0.577722981059548,1.14198737347457 
 03/14  21:00:00,2.01061329285381,9.83408639750813,0.000000000000000E+000,8.73448998250534,0.000000000000000E+000,0.240489200090257,0.240489200090257,0.240489200090257,0.713906579941488,0.155542054365294,0.285979116882669,0.597584327884505,1.05843617271202 
 03/14  22:00:00,1.84045292422321,9.72725283416360,0.000000000000000E+000,8.73089353602713,0.000000000000000E+000,0.240390178105179,0.240390178105179,0.240390178105179,0.599082443537010,0.130524800611257,0.269710545482451,0.583632942797706,0.956159995354412 
 03/14  23:00:00,1.53535008798725,9.83362423433948,0.000000000000000E+000,9.00835374089303,0.000000000000000E+000,0.248029568940674,0.248029568940674,0.248029568940674,0.449311874449212,9.789360956482500E-002,0.217943504277125,0.505059517065810,0.790483148592066 
 03/14  24:00:00,1.24013963741131,9.84141010086289,0.000000000000000E+000,9.20039091747446,0.000000000000000E+000,0.253316983211704,0.253316983211704,0.253316983211704,0.314518312114448,6.852552669537749E-002,0.147779479178003,0.438887322522180,0.610789628009528 
 03/15  01:00:00,0.938298333448088,10.0824128898474,0.000000000000000E+000,9.63627270611491,0.000000000000000E+000,0.265318240628452,0.265318240628452,0.265318240628452,0.159755323849397,3.480661471051949E-002,9.827947445740333E-002,0.363026666112717,0.421135736932339 
 03/15  02:00:00,0.821836416387635,10.2037799296955,0.000000000000000E+000,9.84561870239183,0.000000000000000E+000,0.271082223561350,0.271082223561350,0.271082223561350,9.485471047418767E-002,2.066642463862648E-002,8.386910965267348E-002,0.334251934371197,0.335138718240282 
 03/15  03:00:00,0.771626714802659,10.2675788724669,0.000000000000000E+000,9.93391233172390,0.000000000000000E+000,0.273513237201947,0.273513237201947,0.273513237201947,6.490060501591859E-002,1.414018642934009E-002,7.158412284098968E-002,0.330376549624864,0.310910959320893 
 03/15  04:00:00,0.761189365568186,10.3349759847861,0.000000000000000E+000,9.99511387294839,0.000000000000000E+000,0.275198316665414,0.275198316665414,0.275198316665414,6.490060501591859E-002,1.414018642934009E-002,6.411215583864807E-002,0.325726087929265,0.317426843585211 
 03/15  05:00:00,0.763550613851108,10.5783852955290,0.000000000000000E+000,10.1703757158371,0.000000000000000E+000,0.280023850896613,0.280023850896613,0.280023850896613,6.490060501591859E-002,1.414018642934009E-002,7.395221645997889E-002,0.313421741359659,0.386421806700540 
 03/15  06:00:00,0.819783157828088,10.9359707868623,0.000000000000000E+000,10.2250238790224,0.000000000000000E+000,0.281528494336260,0.281528494336260,0.281528494336260,6.989295731884501E-002,1.522789461883095E-002,8.626832450802412E-002,0.349753473356527,0.686856688211266 
 03/15  07:00:00,0.990850502586746,12.0784697497793,0.000000000000000E+000,10.8023241624684,0.000000000000000E+000,0.297423467443547,0.297423467443547,0.297423467443547,0.109831800820130,2.392955102837551E-002,0.138447925181248,0.404105744423842,1.24831170751278 
 03/15  08:00:00,1.17420586851200,10.9286502066156,0.000000000000000E+000,9.49425730233454,0.000000000000000E+000,0.261408090073119,0.261408090073119,0.261408090073119,0.194701840125627,4.242057021567902E-002,0.214170712514307,0.429392629893665,1.40481732162342 
 03/15  09:00:00,1.09103574861734,10.3697108983992,0.000000000000000E+000,8.97810621809295,0.000000000000000E+000,0.247196755281552,0.247196755281552,0.247196755281552,0.154762988265052,3.371891198485800E-002,0.275218413283566,0.363026666112717,1.36660023350609 
 03/15  10:00:00,0.981243438455889,9.30906450416965,0.000000000000000E+000,8.04294007182277,0.000000000000000E+000,0.221448559460335,0.221448559460335,0.221448559460335,7.987766192469842E-002,1.740330735525975E-002,0.336436847124624,0.308965048901375,1.24484362614304 
 03/15  11:00:00,0.985502454160783,9.16516129090197,0.000000000000000E+000,8.04396359367306,0.000000000000000E+000,0.221476740378917,0.221476740378917,0.221476740378917,6.490060501591859E-002,1.414018642934009E-002,0.351641513346258,0.316231395300750,1.09941640169759 
 03/15  12:00:00,0.948163938236649,7.12142479998873,0.000000000000000E+000,6.13174346636660,0.000000000000000E+000,0.168827039053080,0.168827039053080,0.168827039053080,6.490060501591859E-002,1.414018642934009E-002,0.366855814129303,0.316328279919408,0.967893364899797 
 03/15  13:00:00,0.896454025975927,5.68629577302456,0.000000000000000E+000,4.79797502486823,0.000000000000000E+000,0.132104012723663,0.132104012723663,0.132104012723663,6.490060501591859E-002,1.414018642934009E-002,0.357197582224207,0.310999625893199,0.866899804940811 
 03/15  14:00:00,0.850485972387600,4.74563906491891,0.000000000000000E+000,3.91656972520772,0.000000000000000E+000,0.107836029602126,0.107836029602126,0.107836029602126,6.490060501591859E-002,1.414018642934009E-002,0.324743319086342,0.321753818564274,0.806907672291024 
 03/15  15:00:00,0.825315627562524,4.02593895062411,0.000000000000000E+000,3.25524663234194,0.000000000000000E+000,8.962763255512618E-002,8.962763255512618E-002,8.962763255512618E-002,6.490060501591859E-002,1.414018642934009E-002,0.299663947619161,0.339871242253379,0.747282764138850 
 03/15  16:00:00,0.853290720727683,3.61260386878214,0.000000000000000E+000,2.83289368420844,0.000000000000000E+000,7.799886855678992E-002,7.799886855678992E-002,7.799886855678992E-002,7.488530962177171E-002,1.631560098704535E-002,0.308215184980723,0.358763742891751,0.754999358178959 
 03/15  17:00:00,1.00899206243204,3.50905150878810,0.000000000000000E+000,2.65189019551937,0.000000000000000E+000,7.301524795666663E-002,7.301524795666663E-002,7.301524795666663E-002,0.114824136404476,2.501725375403699E-002,0.354668780903828,0.424354629723432,0.827932736544740 
 03/15  18:00:00,1.34278224280240,4.34149579501008,0.000000000000000E+000,3.32320184864324,0.000000000000000E+000,9.149866287778868E-002,9.149866287778868E-002,9.149866287778868E-002,0.229648272808951,5.003450750807398E-002,0.438965730037081,0.515523055880909,0.982785896880897 
 03/15  19:00:00,1.63546072187562,4.43305483364183,0.000000000000000E+000,3.27035586405185,0.000000000000000E+000,9.004363933459078E-002,9.004363933459078E-002,9.004363933459078E-002,0.444319538864866,9.680590683916351E-002,0.397477157158294,0.559702441989101,1.12414794499309 
 03/15  20:00:00,1.82932238076163,4.94676945424417,0.000000000000000E+000,3.76012913027712,0.000000000000000E+000,0.103528706150859,0.103528706150859,0.103528706150859,0.663983056912221,0.144664990683150,0.322310632266247,0.577722981059548,1.14684808583804 
 03/15  21:00:00,1.88908981627560,5.42480279876616,0.000000000000000E+000,4.32079660910969,0.000000000000000E+000,0.118965723512048,0.118965723512048,0.118965723512048,0.713906579941488,0.155542054365294,0.285979116882669,0.597584327884505,1.06284594736572 
 03/15  22:00:00,1.73228175323388,5.80226049022226,0.000000000000000E+000,4.80215158400805,0.000000000000000E+000,0.132219007115858,0.132219007115858,0.132219007115858,0.599082443537010,0.130524800611257,0.269710545482451,0.583632942797706,0.959909603432143 
 03/15  23:00:00,1.42834725125180,5.95037092659154,0.000000000000000E+000,5.12204531118108,0.000000000000000E+000,0.141026732205224,0.141026732205224,0.141026732205224,0.449311874449212,9.789360956482500E-002,0.217943504277125,0.505059517065810,0.793538270556108 
 03/15  24:00:00,1.14055638189013,6.22737674789419,0.000000000000000E+000,5.58355927826338,0.000000000000000E+000,0.153733727690525,0.153733727690525,0.153733727690525,0.314518312114448,6.852552669537749E-002,0.147779479178003,0.438887322522180,0.613587914251897 
 03/16  01:00:00,0.832283587972046,6.23425903914060,0.000000000000000E+000,5.78585143143469,0.000000000000000E+000,0.159303495152408,0.159303495152408,0.159303495152408,0.159755323849397,3.480661471051949E-002,9.827947445740333E-002,0.363026666112717,0.423403160905730 
 03/16  02:00:00,0.722995161169577,6.61634058371507,0.000000000000000E+000,6.25573627425635,0.000000000000000E+000,0.172240968343293,0.172240968343293,0.172240968343293,9.485471047418767E-002,2.066642463862648E-002,8.386910965267348E-002,0.334251934371197,0.337581800395299 
 03/16  03:00:00,0.676348061950567,6.80967309117045,0.000000000000000E+000,6.47342246951436,0.000000000000000E+000,0.178234584349854,0.178234584349854,0.178234584349854,6.490060501591859E-002,1.414018642934009E-002,7.158412284098968E-002,0.330376549624864,0.313495040233984 
 03/16  04:00:00,0.680541004362912,7.40870398169955,0.000000000000000E+000,7.06599147248899,0.000000000000000E+000,0.194549955460140,0.194549955460140,0.194549955460140,6.490060501591859E-002,1.414018642934009E-002,6.411215583864807E-002,0.325726087929265,0.320277240958041 
 03/16  05:00:00,0.693276683582384,8.02859745639963,0.000000000000000E+000,7.61804929230917,0.000000000000000E+000,0.209749920627888,0.209749920627888,0.209749920627888,6.490060501591859E-002,1.414018642934009E-002,7.395221645997889E-002,0.313421741359659,0.388960391099122 
 03/16  06:00:00,0.754358652212936,8.56145391254257,0.000000000000000E+000,7.84882699079860,0.000000000000000E+000,0.216103988721109,0.216103988721109,0.216103988721109,6.989295731884501E-002,1.522789461883095E-002,8.626832450802412E-002,0.349753473356527,0.688536702115301 
 03/16  07:00:00,0.925377302058744,9.70109521311804,0.000000000000000E+000,8.42435869075587,0.000000000000000E+000,0.231950266915547,0.231950266915547,0.231950266915547,0.109831800820130,2.392955102837551E-002,0.138447925181248,0.404105744423842,1.24890264256405 
 03/16  08:00:00,1.12564087811896,9.16550383197628,0.000000000000000E+000,7.73039255527212,0.000000000000000E+000,0.212843099680084,0.212843099680084,0.212843099680084,0.194701840125627,4.242057021567902E-002,0.214170712514307,0.429392629893665,1.40553569404644 
 03/16  09:00:00,1.05499605775872,9.06081854440631,0.000000000000000E+000,7.66915629992999,0.000000000000000E+000,0.211157064422931,0.211157064422931,0.211157064422931,0.154762988265052,3.371891198485800E-002,0.275218413283566,0.363026666112717,1.36665779767614 
 03/16  10:00:00,0.964850196160312,8.71369440393392,0.000000000000000E+000,7.44754281257876,0.000000000000000E+000,0.205055317164755,0.205055317164755,0.205055317164755,7.987766192469842E-002,1.740330735525975E-002,0.336436847124624,0.308965048901375,1.24487078515131 
 03/16  11:00:00,0.976553166749631,8.83983177797929,0.000000000000000E+000,7.71892836874848,0.000000000000000E+000,0.212527452967764,0.212527452967764,0.212527452967764,6.490060501591859E-002,1.414018642934009E-002,0.351641513346258,0.316231395300750,1.09912211369952 
 03/16  12:00:00,0.954268324536168,7.34289835888896,0.000000000000000E+000,6.35345280284606,0.000000000000000E+000,0.174931425352598,0.174931425352598,0.174931425352598,6.490060501591859E-002,1.414018642934009E-002,0.366855814129303,0.316328279919408,0.967657587320567 
 03/16  13:00:00,0.923723429319588,6.67622413678212,0.000000000000000E+000,5.78839093645471,0.000000000000000E+000,0.159373416067323,0.159373416067323,0.159373416067323,6.490060501591859E-002,1.414018642934009E-002,0.357197582224207,0.310999625893199,0.866412257111890 
 03/16  14:00:00,0.897177000396584,6.44010135630602,0.000000000000000E+000,5.61237276444723,0.000000000000000E+000,0.154527057611109,0.154527057611109,0.154527057611109,6.490060501591859E-002,1.414018642934009E-002,0.324743319086342,0.321753818564274,0.805566924438607 
 03/16  15:00:00,0.899164948214672,6.70671065568598,0.000000000000000E+000,5.93743007845479,0.000000000000000E+000,0.163476953207273,0.163476953207273,0.163476953207273,6.490060501591859E-002,1.414018642934009E-002,0.299663947619161,0.339871242253379,0.745871023087877 
 03/16  16:00:00,0.936309725558556,6.62604428555238,0.000000000000000E+000,5.84811709457652,0.000000000000000E+000,0.161017873387664,0.161017873387664,0.161017873387664,7.488530962177171E-002,1.631560098704535E-002,0.308215184980723,0.358763742891751,0.753216364581137 
 03/16  17:00:00,1.09936709646999,6.78916521452449,0.000000000000000E+000,5.93428220803713,0.000000000000000E+000,0.163390281994615,0.163390281994615,0.163390281994615,0.114824136404476,2.501725375403699E-002,0.354668780903828,0.424354629723432,0.825654429763363 
 03/16  18:00:00,1.45010980316485,8.23653883681527,0.000000000000000E+000,7.22130413548488,0.000000000000000E+000,0.198826223240237,0.198826223240237,0.198826223240237,0.229648272808951,5.003450750807398E-002,0.438965730037081,0.515523055880909,0.979726651844464 
 03/16  19:00:00,1.72560866459404,7.70257562657988,0.000000000000000E+000,6.54449999327700,0.000000000000000E+000,0.180191582053018,0.180191582053018,0.180191582053018,0.444319538864866,9.680590683916351E-002,0.397477157158294,0.559702441989101,1.11952460870596 
 03/16  20:00:00,1.90701402481440,7.76378740720135,0.000000000000000E+000,6.58186451984418,0.000000000000000E+000,0.181220350203636,0.181220350203636,0.181220350203636,0.663983056912221,0.144664990683150,0.322310632266247,0.577722981059548,1.14213064922814 
 03/16  21:00:00,1.95688078790752,7.88269080150807,0.000000000000000E+000,6.78294277784033,0.000000000000000E+000,0.186756695143970,0.186756695143970,0.186756695143970,0.713906579941488,0.155542054365294,0.285979116882669,0.597584327884505,1.05858778137697 
 03/16  22:00:00,1.80485894919003,8.43461544126782,0.000000000000000E+000,7.43813187251724,0.000000000000000E+000,0.204796203072000,0.204796203072000,0.204796203072000,0.599082443537010,0.130524800611257,0.269710545482451,0.583632942797706,0.956284265968542 
 03/16  23:00:00,1.50352184579358,8.67754049809565,0.000000000000000E+000,7.85236227642388,0.000000000000000E+000,0.216201326747006,0.216201326747006,0.216201326747006,0.449311874449212,9.789360956482500E-002,0.217943504277125,0.505059517065810,0.790390876817412 
 03/16  24:00:00,1.21831572162854,9.04905936158898,0.000000000000000E+000,8.40775335324244,0.000000000000000E+000,0.231493067428933,0.231493067428933,0.231493067428933,0.314518312114448,6.852552669537749E-002,0.147779479178003,0.438887322522180,0.611076452967618 
 03/17  01:00:00,0.918367893732483,9.35865576857487,0.000000000000000E+000,8.91240558036648,0.000000000000000E+000,0.245387800912848,0.245387800912848,0.245387800912848,0.159755323849397,3.480661471051949E-002,9.827947445740333E-002,0.363026666112717,0.421245741408190 
 03/17  02:00:00,0.816047521859973,9.99344928595328,0.000000000000000E+000,9.63536792504859,0.000000000000000E+000,0.265293329033690,0.265293329033690,0.265293329033690,9.485471047418767E-002,2.066642463862648E-002,8.386910965267348E-002,0.334251934371197,0.335058851841286 
 03/17  03:00:00,0.766582348541619,10.0842083039425,0.000000000000000E+000,9.75070258027307,0.000000000000000E+000,0.268468870940907,0.268468870940907,0.268468870940907,6.490060501591859E-002,1.414018642934009E-002,7.158412284098968E-002,0.330376549624864,0.310750142247290 
 03/17  04:00:00,0.766874582841270,10.5413714495454,0.000000000000000E+000,10.2015991259306,0.000000000000000E+000,0.280883533938497,0.280883533938497,0.280883533938497,6.490060501591859E-002,1.414018642934009E-002,6.411215583864807E-002,0.325726087929265,0.317337055362236 
 03/17  05:00:00,0.772340206781268,10.8971665741590,0.000000000000000E+000,10.4896108888509,0.000000000000000E+000,0.288813443826773,0.288813443826773,0.288813443826773,6.490060501591859E-002,1.414018642934009E-002,7.395221645997889E-002,0.313421741359659,0.385967912316733 
 03/17  06:00:00,0.828665628205742,11.2570095716055,0.000000000000000E+000,10.5476323308963,0.000000000000000E+000,0.290410964713914,0.290410964713914,0.290410964713914,6.989295731884501E-002,1.522789461883095E-002,8.626832450802412E-002,0.349753473356527,0.685287021080456 
 03/17  07:00:00,0.980612519502971,11.7035658287593,0.000000000000000E+000,10.4304839274277,0.000000000000000E+000,0.287185484359773,0.287185484359773,0.287185484359773,0.109831800820130,2.392955102837551E-002,0.138447925181248,0.404105744423842,1.24524802153350 
 03/17  08:00:00,1.20671867562005,12.1066721278625,0.000000000000000E+000,10.6751119431328,0.000000000000000E+000,0.293920897181177,0.293920897181177,0.293920897181177,0.194701840125627,4.242057021567902E-002,0.214170712514307,0.429392629893665,1.40198460207194 
 03/17  09:00:00,1.13669841502538,12.0250176836345,0.000000000000000E+000,10.6365594965178,0.000000000000000E+000,0.292859421689586,0.292859421689586,0.292859421689586,0.154762988265052,3.371891198485800E-002,0.275218413283566,0.363026666112717,1.36345374031643 
 03/17  10:00:00,1.04318974231891,11.5555238241541,0.000000000000000E+000,10.2928097971232,0.000000000000000E+000,0.283394863323354,0.283394863323354,0.283394863323354,7.987766192469842E-002,1.740330735525975E-002,0.336436847124624,0.308965048901375,1.24143322082709 
 03/17  11:00:00,1.07972367277881,12.5838786621041,0.000000000000000E+000,11.4660477864340,0.000000000000000E+000,0.315697958996940,0.315697958996940,0.315697958996940,6.490060501591859E-002,1.414018642934009E-002,0.351641513346258,0.316231395300750,1.09604958013886 
 03/17  12:00:00,1.05155027597645,10.8726891195535,0.000000000000000E+000,9.88670182199019,0.000000000000000E+000,0.272213376792874,0.272213376792874,0.272213376792874,6.490060501591859E-002,1.414018642934009E-002,0.366855814129303,0.316328279919408,0.964199328841007 
 03/17  13:00:00,1.02089640976824,10.2020903328090,0.000000000000000E+000,9.31768216442016,0.000000000000000E+000,0.256546396515979,0.256546396515979,0.256546396515979,6.490060501591859E-002,1.414018642934009E-002,0.357197582224207,0.310999625893199,0.862987225173258 
 03/17  14:00:00,0.985664263163985,9.65029905767071,0.000000000000000E+000,8.82620153484986,0.000000000000000E+000,0.243014320378510,0.243014320378510,0.243014320378510,6.490060501591859E-002,1.414018642934009E-002,0.324743319086342,0.321753818564274,0.801935855400679 
 03/17  15:00:00,0.965475487886278,9.11117542505073,0.000000000000000E+000,8.34580743710044,0.000000000000000E+000,0.229787492878881,0.229787492878881,0.229787492878881,6.490060501591859E-002,1.414018642934009E-002,0.299663947619161,0.339871242253379,0.741958433806958 
 03/17  16:00:00,1.00501526207383,9.11774094645756,0.000000000000000E+000,8.34347996413616,0.000000000000000E+000,0.229723409902939,0.229723409902939,0.229723409902939,7.488530962177171E-002,1.631560098704535E-002,0.308215184980723,0.358763742891751,0.749550155926678 
 03/17  17:00:00,1.16950025084245,9.33320853082227,0.000000000000000E+000,8.48149569653421,0.000000000000000E+000,0.233523436367079,0.233523436367079,0.233523436367079,0.114824136404476,2.501725375403699E-002,0.354668780903828,0.424354629723432,0.822484257564055 
 03/17  18:00:00,1.52429756855843,10.9275402027321,0.000000000000000E+000,9.91577978516681,0.000000000000000E+000,0.273013988633817,0.273013988633817,0.273013988633817,0.229648272808951,5.003450750807398E-002,0.438965730037081,0.515523055880909,0.976252368079317 
 03/17  19:00:00,1.78900084908195,10.0014791007487,0.000000000000000E+000,8.84688363533214,0.000000000000000E+000,0.243583766540923,0.243583766540923,0.243583766540923,0.444319538864866,9.680590683916351E-002,0.397477157158294,0.559702441989101,1.11604444081961 
 03/17  20:00:00,1.96337023500494,9.80705811646366,0.000000000000000E+000,8.62870385057692,0.000000000000000E+000,0.237576560394171,0.237576560394171,0.237576560394171,0.663983056912221,0.144664990683150,0.322310632266247,0.577722981059548,1.13856202775771 
 03/17  21:00:00,2.01289357586129,9.91406195017696,0.000000000000000E+000,8.81730912398296,0.000000000000000E+000,0.242769483097737,0.242769483097737,0.242769483097737,0.713906579941488,0.155542054365294,0.285979116882669,0.597584327884505,1.05559258390323 
 03/17  22:00:00,1.85261875336678,10.1663182060948,0.000000000000000E+000,9.17275251656981,0.000000000000000E+000,0.252556007248751,0.252556007248751,0.252556007248751,0.599082443537010,0.130524800611257,0.269710545482451,0.583632942797706,0.953366386742919 
 03/17  23:00:00,1.55577568209084,10.5730630985592,0.000000000000000E+000,9.75020471389973,0.000000000000000E+000,0.268455163044268,0.268455163044268,0.268455163044268,0.449311874449212,9.789360956482500E-002,0.217943504277125,0.505059517065810,0.788071039805164 
 03/17  24:00:00,1.27708052545266,11.1810718726845,0.000000000000000E+000,10.5420720259023,0.000000000000000E+000,0.290257871253053,0.290257871253053,0.290257871253053,0.314518312114448,6.852552669537749E-002,0.147779479178003,0.438887322522180,0.608770291403293 
 03/18  01:00:00,0.988530959336085,11.6831105066135,0.000000000000000E+000,11.2219512004250,0.000000000000000E+000,0.308977178180700,0.308977178180700,0.308977178180700,0.159755323849397,3.480661471051949E-002,0.104853162793151,0.363026666112717,0.436154859388294 
 03/18  02:00:00,0.874819804702995,11.9920376633776,0.000000000000000E+000,11.6266034804692,0.000000000000000E+000,0.320118584643752,0.320118584643752,0.320118584643752,9.485471047418767E-002,2.066642463862648E-002,8.781613688563442E-002,0.334251934371197,0.342411673844967 
 03/18  03:00:00,0.826934263717390,12.1863277856293,0.000000000000000E+000,11.8478252128389,0.000000000000000E+000,0.326209545600456,0.326209545600456,0.326209545600456,6.490060501591859E-002,1.414018642934009E-002,7.419536335721098E-002,0.330376549624864,0.315746991368291 
 03/18  04:00:00,0.820240262081971,12.4355450557153,0.000000000000000E+000,12.0902322619049,0.000000000000000E+000,0.332883807914900,0.332883807914900,0.332883807914900,6.490060501591859E-002,1.414018642934009E-002,6.547756110294642E-002,0.325726087929265,0.322877525557853 
 03/18  05:00:00,0.823577237984808,12.6738103090478,0.000000000000000E+000,12.2535077082981,0.000000000000000E+000,0.337379317277913,0.337379317277913,0.337379317277913,6.490060501591859E-002,1.414018642934009E-002,7.662337421237893E-002,0.313421741359659,0.398714827758299 
 03/18  06:00:00,0.881059821865638,13.0503088407073,0.000000000000000E+000,12.3017818328359,0.000000000000000E+000,0.338708462496284,0.338708462496284,0.338708462496284,6.989295731884501E-002,1.522789461883095E-002,9.036502038555042E-002,0.349753473356527,0.724436788242698 
 03/18  07:00:00,1.05941394963921,14.2706338310580,0.000000000000000E+000,12.9066109120867,0.000000000000000E+000,0.355361393778099,0.355361393778099,0.355361393778099,0.109831800820130,2.392955102837551E-002,0.149073445899162,0.404105744423842,1.33618903917317 
 03/18  08:00:00,1.26138437740919,13.4346694727934,0.000000000000000E+000,11.8919781183475,0.000000000000000E+000,0.327425220121658,0.327425220121658,0.327425220121658,0.194701840125627,4.242057021567902E-002,0.235332091362966,0.429392629893665,1.51311577178825 
 03/18  09:00:00,1.18373923410534,12.6722445423997,0.000000000000000E+000,11.1669536124030,0.000000000000000E+000,0.307462913927518,0.307462913927518,0.307462913927518,0.154762988265052,3.371891198485800E-002,0.307655740125598,0.363026666112717,1.48028648319646 
 03/18  10:00:00,1.08436382359450,11.5241184944948,0.000000000000000E+000,10.1527243243560,0.000000000000000E+000,0.279537850108215,0.279537850108215,0.279537850108215,7.987766192469842E-002,1.740330735525975E-002,0.381467941615351,0.308965048901375,1.35011336393499 
 03/18  11:00:00,1.09961859459329,11.5510816374987,0.000000000000000E+000,10.3393624506136,0.000000000000000E+000,0.284676610789140,0.284676610789140,0.284676610789140,6.490060501591859E-002,1.414018642934009E-002,0.402557783368541,0.316231395300750,1.18993789135373 
 03/18  12:00:00,1.05349274751280,9.11538311819297,0.000000000000000E+000,8.05087546204708,0.000000000000000E+000,0.221667046819215,0.221667046819215,0.221667046819215,6.490060501591859E-002,1.414018642934009E-002,0.419344615639324,0.316328279919408,1.04271968742357 
 03/18  13:00:00,0.996145834271480,7.63553845786363,0.000000000000000E+000,6.68228575538672,0.000000000000000E+000,0.183985276679718,0.183985276679718,0.183985276679718,6.490060501591859E-002,1.414018642934009E-002,0.405008126563703,0.310999625893199,0.931831759261383 
 03/18  14:00:00,0.947392621408691,6.73801093132874,0.000000000000000E+000,5.85308336908770,0.000000000000000E+000,0.161154611238073,0.161154611238073,0.161154611238073,6.490060501591859E-002,1.414018642934009E-002,0.368331386471487,0.321753818564274,0.862765894820878 
 03/18  15:00:00,0.913928762535589,5.87359468725457,0.000000000000000E+000,5.05261777400129,0.000000000000000E+000,0.139115164052527,0.139115164052527,0.139115164052527,6.490060501591859E-002,1.414018642934009E-002,0.338789551094827,0.339871242253379,0.797567359109968 
 03/18  16:00:00,0.940535600015700,5.48532129200808,0.000000000000000E+000,4.65562850091690,0.000000000000000E+000,0.128184745342367,0.128184745342367,0.128184745342367,7.488530962177171E-002,1.631560098704535E-002,0.345274187483165,0.358763742891751,0.804981964696443 
 03/18  17:00:00,1.09776065365339,5.49040634861443,0.000000000000000E+000,4.57140846814571,0.000000000000000E+000,0.125865891195956,0.125865891195956,0.125865891195956,0.114824136404476,2.501725375403699E-002,0.390586728885886,0.424354629723432,0.889769303744743 
 03/18  18:00:00,1.43738371391337,6.56731773827160,0.000000000000000E+000,5.47512498782443,0.000000000000000E+000,0.150748175492028,0.150748175492028,0.150748175492028,0.229648272808951,5.003450750807398E-002,0.474317688533803,0.515523055880909,1.05668470096125 
 03/18  19:00:00,1.71451706884803,6.15377139587085,0.000000000000000E+000,4.89551625967068,0.000000000000000E+000,0.134789643319204,0.134789643319204,0.134789643319204,0.444319538864866,9.680590683916351E-002,0.431787500146093,0.559702441989101,1.21970411160323 
 03/18  20:00:00,1.89883210285678,6.33490559197184,0.000000000000000E+000,5.04094036614982,0.000000000000000E+000,0.138793646656668,0.138793646656668,0.138793646656668,0.663983056912221,0.144664990683150,0.356555413855597,0.577722981059548,1.25417298769298 
 03/18  21:00:00,1.95508687289384,6.65858658370048,0.000000000000000E+000,5.45185157243799,0.000000000000000E+000,0.150107381918406,0.150107381918406,0.150107381918406,0.713906579941488,0.155542054365294,0.320834515094546,0.597584327884505,1.16557476897171 
 03/18  22:00:00,1.79901656020362,7.01903283247244,0.000000000000000E+000,5.93270760975910,0.000000000000000E+000,0.163346928131814,0.163346928131814,0.163346928131814,0.599082443537010,0.130524800611257,0.305317431436236,0.583632942797706,1.04612591993130 
 03/18  23:00:00,1.49421056602096,7.38259703973757,0.000000000000000E+000,6.48657847572991,0.000000000000000E+000,0.178596812415545,0.178596812415545,0.178596812415545,0.449311874449212,9.789360956482500E-002,0.246236738835966,0.505059517065810,0.861231219153285 
 03/18  24:00:00,1.19621970087243,7.72643006807736,0.000000000000000E+000,7.04101201375491,0.000000000000000E+000,0.193862188909182,0.193862188909182,0.193862188909182,0.314518312114448,6.852552669537749E-002,0.163314336941647,0.438887322522180,0.655188498943532 
 03/19  01:00:00,0.884767556457959,7.91669826007529,0.000000000000000E+000,7.45329796090521,0.000000000000000E+000,0.205213775302575,0.205213775302575,0.205213775302575,0.159755323849397,3.480661471051949E-002,0.104853162793151,0.363026666112717,0.438395852369890 
 03/19  02:00:00,0.770624358208229,8.20979436638179,0.000000000000000E+000,7.84225855649902,0.000000000000000E+000,0.215923138148985,0.215923138148985,0.215923138148985,9.485471047418767E-002,2.066642463862648E-002,8.781613688563442E-002,0.334251934371197,0.344513300819342 
 03/19  03:00:00,0.721211618180161,8.34864254871297,0.000000000000000E+000,8.00801291348279,0.000000000000000E+000,0.220486900063228,0.220486900063228,0.220486900063228,6.490060501591859E-002,1.414018642934009E-002,7.419536335721098E-002,0.330376549624864,0.317874053808084 
 03/19  04:00:00,0.711861316991434,8.50117973206493,0.000000000000000E+000,8.15394402171572,0.000000000000000E+000,0.224504862824365,0.224504862824365,0.224504862824365,6.490060501591859E-002,1.414018642934009E-002,6.547756110294642E-002,0.325726087929265,0.324800442096690 
 03/19  05:00:00,0.709391261748700,8.52848404937620,0.000000000000000E+000,8.10630997466785,0.000000000000000E+000,0.223193341041805,0.223193341041805,0.223193341041805,6.490060501591859E-002,1.414018642934009E-002,7.662337421237893E-002,0.313421741359659,0.400586301717007 
 03/19  06:00:00,0.760974127041151,8.69016604446161,0.000000000000000E+000,7.94030822781322,0.000000000000000E+000,0.218622767671795,0.218622767671795,0.218622767671795,6.989295731884501E-002,1.522789461883095E-002,9.036502038555042E-002,0.349753473356527,0.725767597019707 
 03/19  07:00:00,0.917219010711599,9.10680669049708,0.000000000000000E+000,7.74213671050083,0.000000000000000E+000,0.213166454850488,0.213166454850488,0.213166454850488,0.109831800820130,2.392955102837551E-002,0.149073445899162,0.404105744423842,1.33683610019811 
 03/19  08:00:00,1.13979641128210,9.01961419002941,0.000000000000000E+000,7.47594250538950,0.000000000000000E+000,0.205837253994558,0.205837253994558,0.205837253994558,0.194701840125627,4.242057021567902E-002,0.235332091362966,0.429392629893665,1.51409610198221 
 03/19  09:00:00,1.07601777668730,8.76089211296445,0.000000000000000E+000,7.25454511187300,0.000000000000000E+000,0.199741456509473,0.199741456509473,0.199741456509473,0.154762988265052,3.371891198485800E-002,0.307655740125598,0.363026666112717,1.48134255429127 
 03/19  10:00:00,0.994244243782361,8.25197085390649,0.000000000000000E+000,6.87961032671589,0.000000000000000E+000,0.189418270296077,0.189418270296077,0.189418270296077,7.987766192469842E-002,1.740330735525975E-002,0.381467941615351,0.308965048901375,1.35107972098676 
 03/19  11:00:00,1.02262893411437,8.75584024840787,0.000000000000000E+000,7.54312287745528,0.000000000000000E+000,0.207686950310224,0.207686950310224,0.207686950310224,6.490060501591859E-002,1.414018642934009E-002,0.402557783368541,0.316231395300750,1.19093607542128 
 03/19  12:00:00,1.00285354442510,7.27696588386274,0.000000000000000E+000,6.21167598063311,0.000000000000000E+000,0.171027843731505,0.171027843731505,0.171027843731505,6.490060501591859E-002,1.414018642934009E-002,0.419344615639324,0.316328279919408,1.04350193450729 
 03/19  13:00:00,0.956305305167604,6.18877587565635,0.000000000000000E+000,5.23529062119809,0.000000000000000E+000,0.144144747575842,0.144144747575842,0.144144747575842,6.490060501591859E-002,1.414018642934009E-002,0.405008126563703,0.310999625893199,0.932064311242744 
 03/19  14:00:00,0.916840990980442,5.62859365960013,0.000000000000000E+000,4.74345803113239,0.000000000000000E+000,0.130602980809823,0.130602980809823,0.130602980809823,6.490060501591859E-002,1.414018642934009E-002,0.368331386471487,0.321753818564274,0.862973961047558 
 03/19  15:00:00,0.885521165196118,4.84178695407991,0.000000000000000E+000,4.02086302453418,0.000000000000000E+000,0.110707566713054,0.110707566713054,0.110707566713054,6.490060501591859E-002,1.414018642934009E-002,0.338789551094827,0.339871242253379,0.797514375402415 
 03/19  16:00:00,0.919789726819307,4.73155497153956,0.000000000000000E+000,3.90214509482538,0.000000000000000E+000,0.107438872145973,0.107438872145973,0.107438872145973,7.488530962177171E-002,1.631560098704535E-002,0.345274187483165,0.358763742891751,0.804699050319450 
 03/19  17:00:00,1.07637082076311,4.71349108185321,0.000000000000000E+000,3.79453665420378,0.000000000000000E+000,0.104476058305682,0.104476058305682,0.104476058305682,0.114824136404476,2.501725375403699E-002,0.390586728885886,0.424354629723432,0.889725850925453 
 03/19  18:00:00,1.40955162174493,5.55607518080464,0.000000000000000E+000,4.46427240007373,0.000000000000000E+000,0.122916083323596,0.122916083323596,0.122916083323596,0.229648272808951,5.003450750807398E-002,0.474317688533803,0.515523055880909,1.05629473124500 
 03/19  19:00:00,1.68802118489220,5.19098211764451,0.000000000000000E+000,3.93319432212441,0.000000000000000E+000,0.108293759363375,0.108293759363375,0.108293759363375,0.444319538864866,9.680590683916351E-002,0.431787500146093,0.559702441989101,1.21923677092319 
 03/19  20:00:00,1.86684126026487,5.17235006296213,0.000000000000000E+000,3.87904330779500,0.000000000000000E+000,0.106802804064755,0.106802804064755,0.106802804064755,0.663983056912221,0.144664990683150,0.356555413855597,0.577722981059548,1.25351451703810 
 03/19  21:00:00,1.92219799592394,5.46390539272318,0.000000000000000E+000,4.25733819586375,0.000000000000000E+000,0.117218504948505,0.117218504948505,0.117218504948505,0.713906579941488,0.155542054365294,0.320834515094546,0.597584327884505,1.16540695456866 
 03/19  22:00:00,1.76660973239263,5.84213585489083,0.000000000000000E+000,4.75570210276056,0.000000000000000E+000,0.130940100320820,0.130940100320820,0.130940100320820,0.599082443537010,0.130524800611257,0.305317431436236,0.583632942797706,1.04623444934823 
 03/19  23:00:00,1.46197928258394,6.21241888458541,0.000000000000000E+000,5.31594868362996,0.000000000000000E+000,0.146365528978525,0.146365528978525,0.146365528978525,0.449311874449212,9.789360956482500E-002,0.246236738835966,0.505059517065810,0.861682856101078 
 03/19  24:00:00,1.16973827000274,6.76539337240726,0.000000000000000E+000,6.07921500762339,0.000000000000000E+000,0.167380758039485,0.167380758039485,0.167380758039485,0.314518312114448,6.852552669537749E-002,0.163314336941647,0.438887322522180,0.655948809404950 
 03/20  01:00:00,0.855254071661140,7.06797240067359,0.000000000000000E+000,6.62013197126940,0.000000000000000E+000,0.182273978841504,0.182273978841504,0.182273978841504,0.159755323849397,3.480661471051949E-002,9.827947445740333E-002,0.363026666112717,0.422835982604021 
 03/20  02:00:00,0.740399663935363,7.24753966776626,0.000000000000000E+000,6.88786218677631,0.000000000000000E+000,0.189645471109080,0.189645471109080,0.189645471109080,9.485471047418767E-002,2.066642463862648E-002,8.386910965267348E-002,0.334251934371197,0.336654971926512 
 03/20  03:00:00,0.693818159529334,7.44315313065732,0.000000000000000E+000,7.10793076443098,0.000000000000000E+000,0.195704681928621,0.195704681928621,0.195704681928621,6.490060501591859E-002,1.414018642934009E-002,7.158412284098968E-002,0.330376549624864,0.312466784804220 
 03/20  04:00:00,0.690136837137378,7.75569537545095,0.000000000000000E+000,7.41450901594172,0.000000000000000E+000,0.204145788234606,0.204145788234606,0.204145788234606,6.490060501591859E-002,1.414018642934009E-002,6.411215583864807E-002,0.325726087929265,0.318751091256711 
 03/20  05:00:00,0.704807857210290,8.44554369148930,0.000000000000000E+000,8.03685778974556,0.000000000000000E+000,0.221281094255795,0.221281094255795,0.221281094255795,6.490060501591859E-002,1.414018642934009E-002,7.395221645997889E-002,0.313421741359659,0.387098128752397 
 03/20  06:00:00,0.767537933356617,9.03664894545265,0.000000000000000E+000,8.32749422027452,0.000000000000000E+000,0.229283269864788,0.229283269864788,0.229283269864788,6.989295731884501E-002,1.522789461883095E-002,8.626832450802412E-002,0.349753473356527,0.685064505549435 
 03/20  07:00:00,0.951861117350315,10.6565899524146,0.000000000000000E+000,9.38624229831886,0.000000000000000E+000,0.258434082207118,0.258434082207118,0.258434082207118,0.109831800820130,2.392955102837551E-002,0.138447925181248,0.404105744423842,1.24251377429766 
 03/20  08:00:00,1.15869427469301,10.3582240999385,0.000000000000000E+000,8.93088123066971,0.000000000000000E+000,0.245896496254128,0.245896496254128,0.245896496254128,0.194701840125627,4.242057021567902E-002,0.214170712514307,0.429392629893665,1.39776728661108 
 03/20  09:00:00,1.09091796294116,10.3573227600202,0.000000000000000E+000,8.97382828042133,0.000000000000000E+000,0.247078969605370,0.247078969605370,0.247078969605370,0.154762988265052,3.371891198485800E-002,0.275218413283566,0.363026666112717,1.35849003279872 
 03/20  10:00:00,1.00554217705188,10.1846569652138,0.000000000000000E+000,8.92546240037015,0.000000000000000E+000,0.245747298056321,0.245747298056321,0.245747298056321,7.987766192469842E-002,1.740330735525975E-002,0.336436847124624,0.308965048901375,1.23791375863978 
 03/20  11:00:00,1.03930241480079,11.1128588623121,0.000000000000000E+000,9.99796076732133,0.000000000000000E+000,0.275276701018920,0.275276701018920,0.275276701018920,6.490060501591859E-002,1.414018642934009E-002,0.351641513346258,0.316231395300750,1.09311679945947 
 03/20  12:00:00,1.01777289130624,9.64358996131488,0.000000000000000E+000,8.65991813304938,0.000000000000000E+000,0.238435992122667,0.238435992122667,0.238435992122667,6.490060501591859E-002,1.414018642934009E-002,0.366855814129303,0.316328279919408,0.961883859543144 
 03/20  13:00:00,1.00042798438969,9.45638647492916,0.000000000000000E+000,8.57427557335667,0.000000000000000E+000,0.236077971137419,0.236077971137419,0.236077971137419,6.490060501591859E-002,1.414018642934009E-002,0.357197582224207,0.310999625893199,0.860689958356980 
 03/20  14:00:00,0.968173517335780,9.01328722606971,0.000000000000000E+000,8.19094330219045,0.000000000000000E+000,0.225523574550305,0.225523574550305,0.225523574550305,6.490060501591859E-002,1.414018642934009E-002,0.324743319086342,0.321753818564274,0.800182256459060 
 03/20  15:00:00,0.943888493632349,8.32525699956588,0.000000000000000E+000,7.56177478618477,0.000000000000000E+000,0.208200498624951,0.208200498624951,0.208200498624951,6.490060501591859E-002,1.414018642934009E-002,0.299663947619161,0.339871242253379,0.740072659237809 
 03/20  16:00:00,0.969784015022500,7.83635187804251,0.000000000000000E+000,7.06389246363492,0.000000000000000E+000,0.194492162851607,0.194492162851607,0.194492162851607,7.488530962177171E-002,1.631560098704535E-002,0.308215184980723,0.358763742891751,0.747748588012844 
 03/20  17:00:00,1.12492670204068,7.71208552446632,0.000000000000000E+000,6.86259881739077,0.000000000000000E+000,0.188949887565303,0.188949887565303,0.188949887565303,0.114824136404476,2.501725375403699E-002,0.354668780903828,0.424354629723432,0.820258130351560 
 03/20  18:00:00,1.47358048664734,9.08311359535717,0.000000000000000E+000,8.07375177007044,0.000000000000000E+000,0.222296906722722,0.222296906722722,0.222296906722722,0.229648272808951,5.003450750807398E-002,0.438965730037081,0.515523055880909,0.973853775800820 
 03/20  19:00:00,1.74078169558155,8.24752564130548,0.000000000000000E+000,7.09557957238020,0.000000000000000E+000,0.195364613040523,0.195364613040523,0.195364613040523,0.444319538864866,9.680590683916351E-002,0.397477157158294,0.559702441989101,1.11339504432839 
 03/20  20:00:00,1.92276644116473,8.33001388455958,0.000000000000000E+000,7.15398718797459,0.000000000000000E+000,0.196972766553964,0.196972766553964,0.196972766553964,0.663983056912221,0.144664990683150,0.322310632266247,0.577722981059548,1.13623445845596 
 03/20  21:00:00,1.97422900031548,8.50769348224120,0.000000000000000E+000,7.41302424276621,0.000000000000000E+000,0.204104907551932,0.204104907551932,0.204104907551932,0.713906579941488,0.155542054365294,0.285979116882669,0.597584327884505,1.05350899718422 
 03/20  22:00:00,1.82084518626940,9.01072730555630,0.000000000000000E+000,8.01874683391808,0.000000000000000E+000,0.220782440151372,0.220782440151372,0.220782440151372,0.599082443537010,0.130524800611257,0.269710545482451,0.583632942797706,0.951781168856168 
 03/20  23:00:00,1.52533543584175,9.46623429168749,0.000000000000000E+000,8.64462481331412,0.000000000000000E+000,0.238014916795175,0.238014916795175,0.238014916795175,0.449311874449212,9.789360956482500E-002,0.217943504277125,0.505059517065810,0.786822133518973 
 03/20  24:00:00,1.24311439625937,9.94700420634391,0.000000000000000E+000,9.30843319691546,0.000000000000000E+000,0.256291742059757,0.256291742059757,0.256291742059757,0.314518312114448,6.852552669537749E-002,0.147779479178003,0.438887322522180,0.608341454049529 
 03/21  01:00:00,0.943552122534053,10.2716344080092,0.000000000000000E+000,9.82708862684786,0.000000000000000E+000,0.270572029714416,0.270572029714416,0.270572029714416,0.159755323849397,3.480661471051949E-002,9.827947445740333E-002,0.363026666112717,0.419541334361121 
 03/21  02:00:00,0.837228965437006,10.7616206914741,0.000000000000000E+000,10.4046711065185,0.000000000000000E+000,0.286474772610721,0.286474772610721,0.286474772610721,9.485471047418767E-002,2.066642463862648E-002,8.386910965267348E-002,0.334251934371197,0.333927075892136 
 03/21  03:00:00,0.800432924864886,11.3128707991235,0.000000000000000E+000,10.9801445663857,0.000000000000000E+000,0.302319447264173,0.302319447264173,0.302319447264173,6.490060501591859E-002,1.414018642934009E-002,7.158412284098968E-002,0.330376549624864,0.309970651315745 
 03/21  04:00:00,0.792328669698431,11.4650217556921,0.000000000000000E+000,11.1260833297296,0.000000000000000E+000,0.306337620795659,0.306337620795659,0.306337620795659,6.490060501591859E-002,1.414018642934009E-002,6.411215583864807E-002,0.325726087929265,0.316503157709965 
 03/21  05:00:00,0.796298216457452,11.7658925543773,0.000000000000000E+000,11.3597580532095,0.000000000000000E+000,0.312771453502957,0.312771453502957,0.312771453502957,6.490060501591859E-002,1.414018642934009E-002,7.395221645997889E-002,0.313421741359659,0.384546728176445 
 03/21  06:00:00,0.853100152152448,12.1414706398330,0.000000000000000E+000,11.4350863394743,0.000000000000000E+000,0.314845488660620,0.314845488660620,0.314845488660620,6.989295731884501E-002,1.522789461883095E-002,8.626832450802412E-002,0.349753473356527,0.682294080729992 
 03/21  07:00:00,1.00267639892452,12.4984123410151,0.000000000000000E+000,11.2318368934253,0.000000000000000E+000,0.309249363781318,0.309249363781318,0.309249363781318,0.109831800820130,2.392955102837551E-002,0.138447925181248,0.404105744423842,1.23874156779167 
 03/21  08:00:00,1.20227619050733,11.9374853638000,0.000000000000000E+000,10.5137623203641,0.000000000000000E+000,0.289478412068453,0.289478412068453,0.289478412068453,0.194701840125627,4.242057021567902E-002,0.214170712514307,0.429392629893665,1.39414746077817 
 03/21  09:00:00,1.11451855335424,11.2117532646082,0.000000000000000E+000,9.83099409271934,0.000000000000000E+000,0.270679560018452,0.270679560018452,0.270679560018452,0.154762988265052,3.371891198485800E-002,0.275218413283566,0.363026666112717,1.35575472508867 
 03/21  10:00:00,1.00684421352612,10.2290757727811,0.000000000000000E+000,8.97275194408723,0.000000000000000E+000,0.247049334530566,0.247049334530566,0.247049334530566,7.987766192469842E-002,1.740330735525975E-002,0.336436847124624,0.308965048901375,1.23504302249005 
 03/21  11:00:00,1.00423414580530,9.83680799077568,0.000000000000000E+000,8.72429257710773,0.000000000000000E+000,0.240208432023434,0.240208432023434,0.240208432023434,6.490060501591859E-002,1.414018642934009E-002,0.351641513346258,0.316231395300750,1.09073411813665 
 03/21  12:00:00,0.961828689858895,7.61034671842820,0.000000000000000E+000,6.62804282664188,0.000000000000000E+000,0.182491790675324,0.182491790675324,0.182491790675324,6.490060501591859E-002,1.414018642934009E-002,0.366855814129303,0.316328279919408,0.960515923063979 
 03/21  13:00:00,0.911766368492609,6.23607345661738,0.000000000000000E+000,5.35411435366314,0.000000000000000E+000,0.147416355240342,0.147416355240342,0.147416355240342,6.490060501591859E-002,1.414018642934009E-002,0.357197582224207,0.310999625893199,0.860538159738727 
 03/21  14:00:00,0.868436924175014,5.39177439557607,0.000000000000000E+000,4.56854248949298,0.000000000000000E+000,0.125786981389539,0.125786981389539,0.125786981389539,6.490060501591859E-002,1.414018642934009E-002,0.324743319086342,0.321753818564274,0.801070238662920 
 03/21  15:00:00,0.844877368594240,4.73106951274242,0.000000000000000E+000,3.96572274111424,0.000000000000000E+000,0.109189373586842,0.109189373586842,0.109189373586842,6.490060501591859E-002,1.414018642934009E-002,0.299663947619161,0.339871242253379,0.741937217484844 
 03/21  16:00:00,0.878724199614925,4.53073476426780,0.000000000000000E+000,3.75662941320376,0.000000000000000E+000,0.103432347444032,0.103432347444032,0.103432347444032,7.488530962177171E-002,1.631560098704535E-002,0.308215184980723,0.358763742891751,0.749394524669293 
 03/21  17:00:00,1.03801777798309,4.55762089757908,0.000000000000000E+000,3.70609479855591,0.000000000000000E+000,0.102040963507720,0.102040963507720,0.102040963507720,0.114824136404476,2.501725375403699E-002,0.354668780903828,0.424354629723432,0.822297522299155 
 03/21  18:00:00,1.37516428665935,5.51018536805205,0.000000000000000E+000,4.49930721044486,0.000000000000000E+000,0.123880706734733,0.123880706734733,0.123880706734733,0.229648272808951,5.003450750807398E-002,0.438965730037081,0.515523055880909,0.975370108121268 
 03/21  19:00:00,1.66066696882564,5.33959077264142,0.000000000000000E+000,4.18583860256520,0.000000000000000E+000,0.115249886284612,0.115249886284612,0.115249886284612,0.444319538864866,9.680590683916351E-002,0.397477157158294,0.559702441989101,1.11520114547930 
 03/21  20:00:00,1.84873840911516,5.64278303824240,0.000000000000000E+000,4.46531300169538,0.000000000000000E+000,0.122944734504387,0.122944734504387,0.122944734504387,0.663983056912221,0.144664990683150,0.322310632266247,0.577722981059548,1.13767779841798 
 03/21  21:00:00,1.90586493630005,6.02584414652399,0.000000000000000E+000,4.93006354398196,0.000000000000000E+000,0.135740843536497,0.135740843536497,0.135740843536497,0.713906579941488,0.155542054365294,0.285979116882669,0.597584327884505,1.05462036025128 
 03/21  22:00:00,1.75361479043435,6.56989173917205,0.000000000000000E+000,5.57696059686163,0.000000000000000E+000,0.153552044316323,0.153552044316323,0.153552044316323,0.599082443537010,0.130524800611257,0.269710545482451,0.583632942797706,0.952731839528362 
 03/21  23:00:00,1.45922934960100,7.06655798635956,0.000000000000000E+000,6.24367313716496,0.000000000000000E+000,0.171908830554424,0.171908830554424,0.171908830554424,0.449311874449212,9.789360956482500E-002,0.217943504277125,0.505059517065810,0.788097504340249 
 03/21  24:00:00,1.17597832201619,7.50965306842543,0.000000000000000E+000,6.87007268957584,0.000000000000000E+000,0.189155667816578,0.189155667816578,0.189155667816578,0.314518312114448,6.852552669537749E-002,0.147779479178003,0.438887322522180,0.609350823470666 
 03/22  01:00:00,0.882257445603903,8.04725947008732,0.000000000000000E+000,7.60088578103870,0.000000000000000E+000,0.209277352784266,0.209277352784266,0.209277352784266,0.159755323849397,3.480661471051949E-002,9.827947445740333E-002,0.363026666112717,0.421369242248446 
 03/22  02:00:00,0.773090849193387,8.43394910631036,0.000000000000000E+000,8.07519546430087,0.000000000000000E+000,0.222336656367103,0.222336656367103,0.222336656367103,9.485471047418767E-002,2.066642463862648E-002,8.386910965267348E-002,0.334251934371197,0.335731132946066 
 03/22  03:00:00,0.726973253553707,8.64585709046986,0.000000000000000E+000,8.31211305833949,0.000000000000000E+000,0.228859775952994,0.228859775952994,0.228859775952994,6.490060501591859E-002,1.414018642934009E-002,7.158412284098968E-002,0.330376549624864,0.310988450708287 
 03/22  04:00:00,0.718510413204651,8.78511513312965,0.000000000000000E+000,8.44502812380368,0.000000000000000E+000,0.232519364301879,0.232519364301879,0.232519364301879,6.490060501591859E-002,1.414018642934009E-002,6.411215583864807E-002,0.325726087929265,0.317651741073440 
 03/22  05:00:00,0.721644368862372,9.05566816752282,0.000000000000000E+000,8.64835444868180,0.000000000000000E+000,0.238117605907877,0.238117605907877,0.238117605907877,6.490060501591859E-002,1.414018642934009E-002,7.395221645997889E-002,0.313421741359659,0.385725945849679 
 03/22  06:00:00,0.778940746462551,9.44875654609608,0.000000000000000E+000,8.74164070505969,0.000000000000000E+000,0.240686082970724,0.240686082970724,0.240686082970724,6.989295731884501E-002,1.522789461883095E-002,8.626832450802412E-002,0.349753473356527,0.683025621407693 
 03/22  07:00:00,0.942793935724973,10.3232758091206,0.000000000000000E+000,9.05692519365727,0.000000000000000E+000,0.249366900581776,0.249366900581776,0.249366900581776,0.109831800820130,2.392955102837551E-002,0.138447925181248,0.404105744423842,1.23851673566522 
 03/22  08:00:00,1.13880792301932,9.63169453478691,0.000000000000000E+000,8.20861536834724,0.000000000000000E+000,0.226010144580437,0.226010144580437,0.226010144580437,0.194701840125627,4.242057021567902E-002,0.214170712514307,0.429392629893665,1.39350358378198 
 03/22  09:00:00,1.06502921407901,9.41395268954279,0.000000000000000E+000,8.03355729315383,0.000000000000000E+000,0.221190220743222,0.221190220743222,0.221190220743222,0.154762988265052,3.371891198485800E-002,0.275218413283566,0.363026666112717,1.35539094958877 
 03/22  10:00:00,0.963468133753349,8.65316965164116,0.000000000000000E+000,7.39734675286267,0.000000000000000E+000,0.203673254757793,0.203673254757793,0.203673254757793,7.987766192469842E-002,1.740330735525975E-002,0.336436847124624,0.308965048901375,1.23454209257466 
 03/22  11:00:00,0.971952301969611,8.66399147664691,0.000000000000000E+000,7.55182644767732,0.000000000000000E+000,0.207926588187745,0.207926588187745,0.207926588187745,6.490060501591859E-002,1.414018642934009E-002,0.351641513346258,0.316231395300750,1.09038373343828 
 03/22  12:00:00,0.956294243049146,7.40906758968655,0.000000000000000E+000,6.42703350813486,0.000000000000000E+000,0.176957343865577,0.176957343865577,0.176957343865577,6.490060501591859E-002,1.414018642934009E-002,0.366855814129303,0.316328279919408,0.960246112829353 
 03/22  13:00:00,0.923844897059590,6.67393540171624,0.000000000000000E+000,5.79280260549365,0.000000000000000E+000,0.159494883807324,0.159494883807324,0.159494883807324,6.490060501591859E-002,1.414018642934009E-002,0.357197582224207,0.310999625893199,0.859711853007052 
 03/22  14:00:00,0.868219016024188,5.38195161180221,0.000000000000000E+000,4.56062813591790,0.000000000000000E+000,0.125569073238713,0.125569073238713,0.125569073238713,6.490060501591859E-002,1.414018642934009E-002,0.324743319086342,0.321753818564274,0.799161808464116 
 03/22  15:00:00,0.839402800590481,4.53070745129187,0.000000000000000E+000,3.76688820147823,0.000000000000000E+000,0.103714805583083,0.103714805583083,0.103714805583083,6.490060501591859E-002,1.414018642934009E-002,0.299663947619161,0.339871242253379,0.740409695670321 
 03/22  16:00:00,0.863916263626177,3.99213399075639,0.000000000000000E+000,3.21880996639805,0.000000000000000E+000,8.862441145528495E-002,8.862441145528495E-002,8.862441145528495E-002,7.488530962177171E-002,1.631560098704535E-002,0.308215184980723,0.358763742891751,0.748613197963599 
 03/22  17:00:00,1.01681205126118,3.78579562860702,0.000000000000000E+000,2.93590966111629,0.000000000000000E+000,8.083523678581157E-002,8.083523678581157E-002,8.083523678581157E-002,0.114824136404476,2.501725375403699E-002,0.354668780903828,0.424354629723432,0.820657390766724 
 03/22  18:00:00,1.33479359566591,4.04289424981606,0.000000000000000E+000,3.03305676786103,0.000000000000000E+000,8.351001574129915E-002,8.351001574129915E-002,8.351001574129915E-002,0.229648272808951,5.003450750807398E-002,0.438965730037081,0.515523055880909,0.974329432469097 
 03/22  19:00:00,1.61972507417363,3.85185283648769,0.000000000000000E+000,2.69884222780701,0.000000000000000E+000,7.430799163260908E-002,7.430799163260908E-002,7.430799163260908E-002,0.444319538864866,9.680590683916351E-002,0.397477157158294,0.559702441989101,1.11445958408375 
 03/22  20:00:00,1.80263995831900,3.96799183636862,0.000000000000000E+000,2.79103217520970,0.000000000000000E+000,7.684628370823585E-002,7.684628370823585E-002,7.684628370823585E-002,0.663983056912221,0.144664990683150,0.322310632266247,0.577722981059548,1.13716742302989 
 03/22  21:00:00,1.85573716638377,4.20508709955471,0.000000000000000E+000,3.10943914997683,0.000000000000000E+000,8.561307362021493E-002,8.561307362021493E-002,8.561307362021493E-002,0.713906579941488,0.155542054365294,0.285979116882669,0.597584327884505,1.05448770728709 
 03/22  22:00:00,1.70079649327562,4.65192533555118,0.000000000000000E+000,3.65861712342183,0.000000000000000E+000,0.100733747157594,0.100733747157594,0.100733747157594,0.599082443537010,0.130524800611257,0.269710545482451,0.583632942797706,0.953108909347315 
 03/22  23:00:00,1.40872972141381,5.23320247122196,0.000000000000000E+000,4.40954297100492,0.000000000000000E+000,0.121409202367236,0.121409202367236,0.121409202367236,0.449311874449212,9.789360956482500E-002,0.217943504277125,0.505059517065810,0.788872155362672 
 03/22  24:00:00,1.12584930889114,5.69035971796224,0.000000000000000E+000,5.04940314263045,0.000000000000000E+000,0.139026654691533,0.139026654691533,0.139026654691533,0.314518312114448,6.852552669537749E-002,0.147779479178003,0.438887322522180,0.610727019952864 
 03/23  01:00:00,0.827882859244596,6.07391030553086,0.000000000000000E+000,5.62601838707680,0.000000000000000E+000,0.154902766424960,0.154902766424960,0.154902766424960,0.159755323849397,3.480661471051949E-002,9.827947445740333E-002,0.363026666112717,0.422887471653884 
 03/23  02:00:00,0.716281323976206,6.37150136280454,0.000000000000000E+000,6.01189187838463,0.000000000000000E+000,0.165527131149921,0.165527131149921,0.165527131149921,9.485471047418767E-002,2.066642463862648E-002,8.386910965267348E-002,0.334251934371197,0.336586975356504 
 03/23  03:00:00,0.676204855535749,6.80393834874680,0.000000000000000E+000,6.46822125883556,0.000000000000000E+000,0.178091377935038,0.178091377935038,0.178091377935038,6.490060501591859E-002,1.414018642934009E-002,7.158412284098968E-002,0.330376549624864,0.312961508489137 
 03/23  04:00:00,0.670901482410520,7.05754458319409,0.000000000000000E+000,6.71588715222134,0.000000000000000E+000,0.184910433507748,0.184910433507748,0.184910433507748,6.490060501591859E-002,1.414018642934009E-002,6.411215583864807E-002,0.325726087929265,0.319222162720209 
 03/23  05:00:00,0.674257523002490,7.33617327338895,0.000000000000000E+000,6.92727953009780,0.000000000000000E+000,0.190730760047994,0.190730760047994,0.190730760047994,6.490060501591859E-002,1.414018642934009E-002,7.395221645997889E-002,0.313421741359659,0.387305970299792 
 03/23  06:00:00,0.729044307480452,7.63743147301621,0.000000000000000E+000,6.92941817578069,0.000000000000000E+000,0.190789643988623,0.190789643988623,0.190789643988623,6.989295731884501E-002,1.522789461883095E-002,8.626832450802412E-002,0.349753473356527,0.683923077606852 
 03/23  07:00:00,0.880554884444488,8.06283314477960,0.000000000000000E+000,6.79642297681753,0.000000000000000E+000,0.187127849301290,0.187127849301290,0.187127849301290,0.109831800820130,2.392955102837551E-002,0.138447925181248,0.404105744423842,1.23857628816395 
 03/23  08:00:00,1.09445859946187,8.02116881045069,0.000000000000000E+000,6.59786227757227,0.000000000000000E+000,0.181660821022994,0.181660821022994,0.181660821022994,0.194701840125627,4.242057021567902E-002,0.214170712514307,0.429392629893665,1.39373095022074 
 03/23  09:00:00,1.01935165314191,7.75501632668001,0.000000000000000E+000,6.37456305024967,0.000000000000000E+000,0.175512659806123,0.175512659806123,0.175512659806123,0.154762988265052,3.371891198485800E-002,0.275218413283566,0.363026666112717,1.35544882963017 
 03/23  10:00:00,0.915231902075816,6.90135478535602,0.000000000000000E+000,5.64542241603971,0.000000000000000E+000,0.155437023080262,0.155437023080262,0.155437023080262,7.987766192469842E-002,1.740330735525975E-002,0.336436847124624,0.308965048901375,1.23465156311246 
 03/23  11:00:00,0.908832438220002,6.37179159256625,0.000000000000000E+000,5.25933340677928,0.000000000000000E+000,0.144806724438136,0.144806724438136,0.144806724438136,6.490060501591859E-002,1.414018642934009E-002,0.351641513346258,0.316231395300750,1.09067689025568 
 03/23  12:00:00,0.881996983276630,4.71149813697077,0.000000000000000E+000,3.72858105801613,0.000000000000000E+000,0.102660084093059,0.102660084093059,0.102660084093059,6.490060501591859E-002,1.414018642934009E-002,0.366855814129303,0.316328279919408,0.961129110232306 
 03/23  13:00:00,0.840840162588761,3.66083144985109,0.000000000000000E+000,2.77809748998796,0.000000000000000E+000,7.649014933649524E-002,7.649014933649524E-002,7.649014933649524E-002,6.490060501591859E-002,1.414018642934009E-002,0.357197582224207,0.310999625893199,0.861313016647604 
 03/23  14:00:00,0.798323184807648,2.84575130019983,0.000000000000000E+000,2.02203414770295,0.000000000000000E+000,5.567324202217326E-002,5.567324202217326E-002,5.567324202217326E-002,6.490060501591859E-002,1.414018642934009E-002,0.324743319086342,0.321753818564274,0.801555485076711 
 03/23  15:00:00,0.775705867862984,2.21923870646821,0.000000000000000E+000,1.45343620190472,0.000000000000000E+000,4.001787285558600E-002,4.001787285558600E-002,4.001787285558600E-002,6.490060501591859E-002,1.414018642934009E-002,0.299663947619161,0.339871242253379,0.742392950420166 
 03/23  16:00:00,0.807228802369231,1.93470531873094,0.000000000000000E+000,1.15993970404688,0.000000000000000E+000,3.193695019833916E-002,3.193695019833916E-002,3.193695019833916E-002,7.488530962177171E-002,1.631560098704535E-002,0.308215184980723,0.358763742891751,0.750054788289320 
 03/23  17:00:00,0.961880184355082,1.79282388894197,0.000000000000000E+000,0.940802017897437,0.000000000000000E+000,2.590336987970965E-002,2.590336987970965E-002,2.590336987970965E-002,0.114824136404476,2.501725375403699E-002,0.354668780903828,0.424354629723432,0.822793294320545 
 03/23  18:00:00,1.28455851313783,2.21975397290482,0.000000000000000E+000,1.20853481449610,0.000000000000000E+000,3.327493321321860E-002,3.327493321321860E-002,3.327493321321860E-002,0.229648272808951,5.003450750807398E-002,0.438965730037081,0.515523055880909,0.975711108922799 
 03/23  19:00:00,1.57669327410960,2.29014712411859,0.000000000000000E+000,1.13594116427742,0.000000000000000E+000,3.127619156857907E-002,3.127619156857907E-002,3.127619156857907E-002,0.444319538864866,9.680590683916351E-002,0.397477157158294,0.559702441989101,1.11565493524425 
 03/23  20:00:00,1.76116356767717,2.46229186157315,0.000000000000000E+000,1.28462307893584,0.000000000000000E+000,3.536989306640070E-002,3.536989306640070E-002,3.536989306640070E-002,0.663983056912221,0.144664990683150,0.322310632266247,0.577722981059548,1.13787654450828 
 03/23  21:00:00,1.82045126901077,2.92439314428962,0.000000000000000E+000,1.82786676746444,0.000000000000000E+000,5.032717624721573E-002,5.032717624721573E-002,5.032717624721573E-002,0.713906579941488,0.155542054365294,0.285979116882669,0.597584327884505,1.05536613453442 
 03/23  22:00:00,1.67197635202339,3.60610219321225,0.000000000000000E+000,2.61187891244409,0.000000000000000E+000,7.191360590537009E-002,7.191360590537009E-002,7.191360590537009E-002,0.599082443537010,0.130524800611257,0.269710545482451,0.583632942797706,0.954023977986133 
 03/23  23:00:00,1.37586786012486,4.04032931562839,0.000000000000000E+000,3.21601079522694,0.000000000000000E+000,8.854734107828398E-002,8.854734107828398E-002,8.854734107828398E-002,0.449311874449212,9.789360956482500E-002,0.217943504277125,0.505059517065810,0.789531175547091 
 03/23  24:00:00,1.09115654342782,4.43159562514714,0.000000000000000E+000,3.78937311928182,0.000000000000000E+000,0.104333889228208,0.104333889228208,0.104333889228208,0.314518312114448,6.852552669537749E-002,0.147779479178003,0.438887322522180,0.611992950486388 
 03/24  01:00:00,0.790080345477979,4.70200064954093,0.000000000000000E+000,4.25304331092320,0.000000000000000E+000,0.117100252658343,0.117100252658343,0.117100252658343,0.159755323849397,3.480661471051949E-002,9.827947445740333E-002,0.363026666112717,0.423952891817525 
 03/24  02:00:00,0.677807252932513,4.97563558228984,0.000000000000000E+000,4.61452605908295,0.000000000000000E+000,0.127053060106229,0.127053060106229,0.127053060106229,9.485471047418767E-002,2.066642463862648E-002,8.386910965267348E-002,0.334251934371197,0.338087014143470 
 03/24  03:00:00,0.635261585190392,5.31793758019433,0.000000000000000E+000,4.98117491933958,0.000000000000000E+000,0.137148107589680,0.137148107589680,0.137148107589680,6.490060501591859E-002,1.414018642934009E-002,7.158412284098968E-002,0.330376549624864,0.314007079432643 
 03/24  04:00:00,0.631103522113472,5.61352603776768,0.000000000000000E+000,5.27043810333169,0.000000000000000E+000,0.145112473210702,0.145112473210702,0.145112473210702,6.490060501591859E-002,1.414018642934009E-002,6.411215583864807E-002,0.325726087929265,0.320652666183480 
 03/24  05:00:00,0.640067529755667,6.09580707340254,0.000000000000000E+000,5.68551003107575,0.000000000000000E+000,0.156540766801172,0.156540766801172,0.156540766801172,6.490060501591859E-002,1.414018642934009E-002,7.395221645997889E-002,0.313421741359659,0.388709269335439 
 03/24  06:00:00,0.704258816025977,6.73815543705332,0.000000000000000E+000,6.02921714080983,0.000000000000000E+000,0.166004152534150,0.166004152534150,0.166004152534150,6.989295731884501E-002,1.522789461883095E-002,8.626832450802412E-002,0.349753473356527,0.684848076614809 
 03/24  07:00:00,0.871645874254192,7.73919613924799,0.000000000000000E+000,6.47285060753032,0.000000000000000E+000,0.178218839110993,0.178218839110993,0.178218839110993,0.109831800820130,2.392955102837551E-002,0.138447925181248,0.404105744423842,1.23851165191956 
 03/24  08:00:00,1.07532298652436,7.32551288096759,0.000000000000000E+000,5.90286300338835,0.000000000000000E+000,0.162525208085482,0.162525208085482,0.162525208085482,0.194701840125627,4.242057021567902E-002,0.214170712514307,0.429392629893665,1.39307429492154 
 03/24  09:00:00,0.990596729935333,6.70937198649774,0.000000000000000E+000,5.33019353760072,0.000000000000000E+000,0.146757736599542,0.146757736599542,0.146757736599542,0.154762988265052,3.371891198485800E-002,0.275218413283566,0.363026666112717,1.35417400209683 
 03/24  10:00:00,0.890286911176148,5.99461191304319,0.000000000000000E+000,4.73942841279514,0.000000000000000E+000,0.130492032180592,0.130492032180592,0.130492032180592,7.987766192469842E-002,1.740330735525975E-002,0.336436847124624,0.308965048901375,1.23390269404421 
 03/24  11:00:00,0.880790380097507,5.35278402161426,0.000000000000000E+000,4.24085492347167,0.000000000000000E+000,0.116764666315639,0.116764666315639,0.116764666315639,6.490060501591859E-002,1.414018642934009E-002,0.351641513346258,0.316231395300750,1.09014780261128 
 03/24  12:00:00,0.856606056045144,3.78886758938981,0.000000000000000E+000,2.80639079139831,0.000000000000000E+000,7.726915686157297E-002,7.726915686157297E-002,7.726915686157297E-002,6.490060501591859E-002,1.414018642934009E-002,0.366855814129303,0.316328279919408,0.960688829269165 
 03/24  13:00:00,0.825069653940703,3.08794066373358,0.000000000000000E+000,2.20531771545435,0.000000000000000E+000,6.071964068843841E-002,6.071964068843841E-002,6.071964068843841E-002,6.490060501591859E-002,1.414018642934009E-002,0.357197582224207,0.310999625893199,0.861202005063717 
 03/24  14:00:00,0.794082911936799,2.69126802249017,0.000000000000000E+000,1.86802880817161,0.000000000000000E+000,5.143296915132407E-002,5.143296915132407E-002,5.143296915132407E-002,6.490060501591859E-002,1.414018642934009E-002,0.324743319086342,0.321753818564274,0.801077546898389 
 03/24  15:00:00,0.775641948264162,2.21645103849221,0.000000000000000E+000,1.45111466274462,0.000000000000000E+000,3.995395325676453E-002,3.995395325676453E-002,3.995395325676453E-002,6.490060501591859E-002,1.414018642934009E-002,0.299663947619161,0.339871242253379,0.741926821604271 
 03/24  16:00:00,0.810269596898820,2.04536784793458,0.000000000000000E+000,1.27038037808793,0.000000000000000E+000,3.497774472792895E-002,3.497774472792895E-002,3.497774472792895E-002,7.488530962177171E-002,1.631560098704535E-002,0.308215184980723,0.358763742891751,0.750276643451918 
 03/24  17:00:00,0.968850290469115,2.04557249480163,0.000000000000000E+000,1.19395401810022,0.000000000000000E+000,3.287347599374198E-002,3.287347599374198E-002,3.287347599374198E-002,0.114824136404476,2.501725375403699E-002,0.354668780903828,0.424354629723432,0.822389899977421 
 03/24  18:00:00,1.29853288067882,2.72655021139513,0.000000000000000E+000,1.71607932482244,0.000000000000000E+000,4.724930075420397E-002,4.724930075420397E-002,4.724930075420397E-002,0.229648272808951,5.003450750807398E-002,0.438965730037081,0.515523055880909,0.974962837086762 
 03/24  19:00:00,1.59243857496840,2.86093617616989,0.000000000000000E+000,1.70780540005618,0.000000000000000E+000,4.702149242737218E-002,4.702149242737218E-002,4.702149242737218E-002,0.444319538864866,9.680590683916351E-002,0.397477157158294,0.559702441989101,1.11457975151678 
 03/24  20:00:00,1.79055316713775,3.52897281616661,0.000000000000000E+000,2.35204382790063,0.000000000000000E+000,6.475949252698146E-002,6.475949252698146E-002,6.475949252698146E-002,0.663983056912221,0.144664990683150,0.322310632266247,0.577722981059548,1.13713675013693 
 03/24  21:00:00,1.85333927900256,4.11762259627800,0.000000000000000E+000,3.02234865567393,0.000000000000000E+000,8.321518623900268E-002,8.321518623900268E-002,8.321518623900268E-002,0.713906579941488,0.155542054365294,0.285979116882669,0.597584327884505,1.05411369831329 
 03/24  22:00:00,1.71162602329404,5.04467842397643,0.000000000000000E+000,4.05194215184579,0.000000000000000E+000,0.111563277176017,0.111563277176017,0.111563277176017,0.599082443537010,0.130524800611257,0.269710545482451,0.583632942797706,0.952536969348599 
 03/24  23:00:00,1.42230188755507,5.72530223064993,0.000000000000000E+000,4.90247965654956,0.000000000000000E+000,0.134981368508501,0.134981368508501,0.134981368508501,0.449311874449212,9.789360956482500E-002,0.217943504277125,0.505059517065810,0.788035229245998 
 03/24  24:00:00,1.14388965035309,6.34494067334745,0.000000000000000E+000,5.70462251098977,0.000000000000000E+000,0.157066996153483,0.157066996153483,0.157066996153483,0.314518312114448,6.852552669537749E-002,0.147779479178003,0.438887322522180,0.610088606978737 
 03/25  01:00:00,0.857318313492158,6.92061257850588,0.000000000000000E+000,6.45635033239566,0.000000000000000E+000,0.177764532336774,0.177764532336774,0.177764532336774,0.159755323849397,3.480661471051949E-002,0.104853162793151,0.363026666112717,0.439257799310031 
 03/25  02:00:00,0.744572801860593,7.26537038649121,0.000000000000000E+000,6.89607445400412,0.000000000000000E+000,0.189871581801347,0.189871581801347,0.189871581801347,9.485471047418767E-002,2.066642463862648E-002,8.781613688563442E-002,0.334251934371197,0.346273423423653 
 03/25  03:00:00,0.694937703740052,7.39587343539135,0.000000000000000E+000,7.05375283697117,0.000000000000000E+000,0.194212985623118,0.194212985623118,0.194212985623118,6.490060501591859E-002,1.414018642934009E-002,7.419536335721098E-002,0.330376549624864,0.319365016998068 
 03/25  04:00:00,0.682671008182853,7.44183165089822,0.000000000000000E+000,7.09376144478881,0.000000000000000E+000,0.195314554015784,0.195314554015784,0.195314554015784,6.490060501591859E-002,1.414018642934009E-002,6.547756110294642E-002,0.325726087929265,0.325634937856895 
 03/25  05:00:00,0.684224321418214,7.61465285124985,0.000000000000000E+000,7.19225483986577,0.000000000000000E+000,0.198026400711318,0.198026400711318,0.198026400711318,6.490060501591859E-002,1.414018642934009E-002,7.662337421237893E-002,0.313421741359659,0.400810238392729 
 03/25  06:00:00,0.738375807134307,7.86663422004640,0.000000000000000E+000,7.11954455620678,0.000000000000000E+000,0.196024447764951,0.196024447764951,0.196024447764951,6.989295731884501E-002,1.522789461883095E-002,9.036502038555042E-002,0.349753473356527,0.722999444210937 
 03/25  07:00:00,0.895538480459522,8.31067152284162,0.000000000000000E+000,6.95470686237840,0.000000000000000E+000,0.191485924598412,0.191485924598412,0.191485924598412,0.109831800820130,2.392955102837551E-002,0.149073445899162,0.404105744423842,1.32813078066511 
 03/25  08:00:00,1.13567649908739,8.85931967134384,0.000000000000000E+000,7.32630862669593,0.000000000000000E+000,0.201717341799857,0.201717341799857,0.201717341799857,0.194701840125627,4.242057021567902E-002,0.235332091362966,0.429392629893665,1.50343546199022 
 03/25  09:00:00,1.07000618161809,8.53186321452356,0.000000000000000E+000,7.03620592287346,0.000000000000000E+000,0.193729861440268,0.193729861440268,0.193729861440268,0.154762988265052,3.371891198485800E-002,0.307655740125598,0.363026666112717,1.47065284484991 
 03/25  10:00:00,0.986468829639680,7.95992058281851,0.000000000000000E+000,6.59720979931756,0.000000000000000E+000,0.181642856153395,0.181642856153395,0.181642856153395,7.987766192469842E-002,1.740330735525975E-002,0.381467941615351,0.308965048901375,1.34142997729711 
 03/25  11:00:00,1.00598637030652,8.14318535536277,0.000000000000000E+000,6.93867034150628,0.000000000000000E+000,0.191044386502371,0.191044386502371,0.191044386502371,6.490060501591859E-002,1.414018642934009E-002,0.402557783368541,0.316231395300750,1.18273371832518 
 03/25  12:00:00,0.968029176236130,6.00512292155988,0.000000000000000E+000,4.94686618884434,0.000000000000000E+000,0.136203475542538,0.136203475542538,0.136203475542538,6.490060501591859E-002,1.414018642934009E-002,0.419344615639324,0.316328279919408,1.03646876399322 
 03/25  13:00:00,0.922562469392485,4.95814270651613,0.000000000000000E+000,4.00976173695513,0.000000000000000E+000,0.110401911800724,0.110401911800724,0.110401911800724,6.490060501591859E-002,1.414018642934009E-002,0.405008126563703,0.310999625893199,0.926960026345450 
 03/25  14:00:00,0.873186381142346,4.03871446029476,0.000000000000000E+000,3.15793671800099,0.000000000000000E+000,8.694837097172751E-002,8.694837097172751E-002,8.694837097172751E-002,6.490060501591859E-002,1.414018642934009E-002,0.368331386471487,0.321753818564274,0.858616074873591 
 03/25  15:00:00,0.838712141394765,3.13815559626422,0.000000000000000E+000,2.32077441627104,0.000000000000000E+000,6.389854291170259E-002,6.389854291170259E-002,6.389854291170259E-002,6.490060501591859E-002,1.414018642934009E-002,0.338789551094827,0.339871242253379,0.793971625849842 
 03/25  16:00:00,0.861061310705784,2.59524321887333,0.000000000000000E+000,1.76914801204802,0.000000000000000E+000,4.871045603244949E-002,4.871045603244949E-002,4.871045603244949E-002,7.488530962177171E-002,1.631560098704535E-002,0.345274187483165,0.358763742891751,0.801384380430572 
 03/25  17:00:00,1.01135202714207,2.34745970976485,0.000000000000000E+000,1.43307509441474,0.000000000000000E+000,3.945726468464233E-002,3.945726468464233E-002,3.945726468464233E-002,0.114824136404476,2.501725375403699E-002,0.390586728885886,0.424354629723432,0.885156038626126 
 03/25  18:00:00,1.32271219219026,2.39645760108906,0.000000000000000E+000,1.31029239911288,0.000000000000000E+000,3.607665376892631E-002,3.607665376892631E-002,3.607665376892631E-002,0.229648272808951,5.003450750807398E-002,0.474317688533803,0.515523055880909,1.05065715249025 
 03/25  19:00:00,1.61373875442025,2.48706314545678,0.000000000000000E+000,1.23528046740704,0.000000000000000E+000,3.401132889142412E-002,3.401132889142412E-002,3.401132889142412E-002,0.444319538864866,9.680590683916351E-002,0.431787500146093,0.559702441989101,1.21323165345282 
 03/25  20:00:00,1.80305775415985,2.84998636494757,0.000000000000000E+000,1.56244699114440,0.000000000000000E+000,4.301929795973834E-002,4.301929795973834E-002,4.301929795973834E-002,0.663983056912221,0.144664990683150,0.356555413855597,0.577722981059548,1.24774713567413 
 03/25  21:00:00,1.86026935374462,3.20913363310888,0.000000000000000E+000,2.00810993720447,0.000000000000000E+000,5.528986276919150E-002,5.528986276919150E-002,5.528986276919150E-002,0.713906579941488,0.155542054365294,0.320834515094546,0.597584327884505,1.15986345361363 
 03/25  22:00:00,1.70940762538913,3.76005655858881,0.000000000000000E+000,2.67814007331082,0.000000000000000E+000,7.373799331732052E-002,7.373799331732052E-002,7.373799331732052E-002,0.599082443537010,0.130524800611257,0.305317431436236,0.583632942797706,1.04171718249596 
 03/25  23:00:00,1.41256991056375,4.41500837545835,0.000000000000000E+000,3.52141626890940,0.000000000000000E+000,9.695615695834017E-002,9.695615695834017E-002,9.695615695834017E-002,0.449311874449212,9.789360956482500E-002,0.246236738835966,0.505059517065810,0.858804761694576 
 03/25  24:00:00,1.11421958902472,4.74762747166724,0.000000000000000E+000,4.06279446706511,0.000000000000000E+000,0.111862077061466,0.111862077061466,0.111862077061466,0.314518312114448,6.852552669537749E-002,0.163314336941647,0.438887322522180,0.654603449223196 
 03/26  01:00:00,0.812995486664483,5.31172478639746,0.000000000000000E+000,4.84655959427793,0.000000000000000E+000,0.133441705509100,0.133441705509100,0.133441705509100,0.159755323849397,3.480661471051949E-002,0.104853162793151,0.363026666112717,0.440160745319348 
 03/26  02:00:00,0.688889457253269,5.24324001190999,0.000000000000000E+000,4.87367338367534,0.000000000000000E+000,0.134188237194024,0.134188237194024,0.134188237194024,9.485471047418767E-002,2.066642463862648E-002,8.781613688563442E-002,0.334251934371197,0.346544119171232 
 03/26  03:00:00,0.637744385562481,5.31954303597100,0.000000000000000E+000,4.97651001483716,0.000000000000000E+000,0.137019667445547,0.137019667445547,0.137019667445547,6.490060501591859E-002,1.414018642934009E-002,7.419536335721098E-002,0.330376549624864,0.320277439711730 
 03/26  04:00:00,0.625351769646418,5.36172262540606,0.000000000000000E+000,5.01194523593851,0.000000000000000E+000,0.137995315479348,0.137995315479348,0.137995315479348,6.490060501591859E-002,1.414018642934009E-002,6.547756110294642E-002,0.325726087929265,0.327342121215029 
 03/26  05:00:00,0.624897083367828,5.46115383475599,0.000000000000000E+000,5.03750873797710,0.000000000000000E+000,0.138699162660933,0.138699162660933,0.138699162660933,6.490060501591859E-002,1.414018642934009E-002,7.662337421237893E-002,0.313421741359659,0.402057323787529 
 03/26  06:00:00,0.678075153412741,5.67718688402382,0.000000000000000E+000,4.92944431190532,0.000000000000000E+000,0.135723794043387,0.135723794043387,0.135723794043387,6.989295731884501E-002,1.522789461883095E-002,9.036502038555042E-002,0.349753473356527,0.723652352489791 
 03/26  07:00:00,0.834834916899410,6.10552030289750,0.000000000000000E+000,4.74997306302611,0.000000000000000E+000,0.130782361038299,0.130782361038299,0.130782361038299,0.109831800820130,2.392955102837551E-002,0.149073445899162,0.404105744423842,1.32771336007327 
 03/26  08:00:00,1.05166582606192,5.80733082093530,0.000000000000000E+000,4.27506814816670,0.000000000000000E+000,0.117706668774386,0.117706668774386,0.117706668774386,0.194701840125627,4.242057021567902E-002,0.235332091362966,0.429392629893665,1.50268709011091 
 03/26  09:00:00,0.979858611383154,5.25726167510228,0.000000000000000E+000,3.76207532212816,0.000000000000000E+000,0.103582291205329,0.103582291205329,0.103582291205329,0.154762988265052,3.371891198485800E-002,0.307655740125598,0.363026666112717,1.47018190617396 
 03/26  10:00:00,0.886855166294218,4.34199203997383,0.000000000000000E+000,2.97927375776121,0.000000000000000E+000,8.202919280793314E-002,8.202919280793314E-002,8.202919280793314E-002,7.987766192469842E-002,1.740330735525975E-002,0.381467941615351,0.308965048901375,1.34143747600877 
 03/26  11:00:00,0.869098615323319,3.17198128654561,0.000000000000000E+000,1.96695134464616,0.000000000000000E+000,5.415663151916861E-002,5.415663151916861E-002,5.415663151916861E-002,6.490060501591859E-002,1.414018642934009E-002,0.402557783368541,0.316231395300750,1.18324864636816 
 03/26  12:00:00,0.862601675984305,2.17873749911867,0.000000000000000E+000,1.11777347081571,0.000000000000000E+000,3.077597529071470E-002,3.077597529071470E-002,3.077597529071470E-002,6.490060501591859E-002,1.414018642934009E-002,0.419344615639324,0.316328279919408,1.03917605958062 
 03/26  13:00:00,0.817425385792372,1.14154976048517,0.000000000000000E+000,0.191216857807289,0.000000000000000E+000,5.264828200610886E-003,5.264828200610886E-003,5.264828200610886E-003,6.490060501591859E-002,1.414018642934009E-002,0.405008126563703,0.310999625893199,0.928911959462354 
 03/26  14:00:00,0.786238010170619,0.882641615430308,0.000000000000000E+000,0.000000000000000E+000,0.000000000000000E+000,0.000000000000000E+000,0.000000000000000E+000,0.000000000000000E+000,6.490060501591859E-002,1.414018642934009E-002,0.368331386471487,0.321753818564274,0.860479948010130 
 03/26  15:00:00,0.774813598483064,0.818872525488107,0.000000000000000E+000,0.000000000000000E+000,0.000000000000000E+000,0.000000000000000E+000,0.000000000000000E+000,0.000000000000000E+000,6.490060501591859E-002,1.414018642934009E-002,0.338789551094827,0.339871242253379,0.795462971344782 
 03/26  16:00:00,0.812350854673333,0.827013620772795,0.000000000000000E+000,0.000000000000000E+000,0.000000000000000E+000,0.000000000000000E+000,0.000000000000000E+000,0.000000000000000E+000,7.488530962177171E-002,1.631560098704535E-002,0.345274187483165,0.358763742891751,0.802302794378061 
 03/26  17:00:00,0.971894762457430,0.914629135157117,0.000000000000000E+000,0.000000000000000E+000,0.000000000000000E+000,0.000000000000000E+000,0.000000000000000E+000,0.000000000000000E+000,0.114824136404476,2.501725375403699E-002,0.390586728885886,0.424354629723432,0.885400558433124 
 03/26  18:00:00,1.28663553842134,1.08538202562865,0.000000000000000E+000,0.000000000000000E+000,0.000000000000000E+000,0.000000000000000E+000,0.000000000000000E+000,0.000000000000000E+000,0.229648272808951,5.003450750807398E-002,0.474317688533803,0.515523055880909,1.04987397614273 
 03/26  19:00:00,1.57972742552882,1.25027859295586,0.000000000000000E+000,0.000000000000000E+000,0.000000000000000E+000,0.000000000000000E+000,0.000000000000000E+000,0.000000000000000E+000,0.444319538864866,9.680590683916351E-002,0.431787500146093,0.559702441989101,1.21172756835894 
 03/26  20:00:00,1.76003845620012,1.28531571860952,0.000000000000000E+000,0.000000000000000E+000,0.000000000000000E+000,0.000000000000000E+000,0.000000000000000E+000,0.000000000000000E+000,0.663983056912221,0.144664990683150,0.356555413855597,0.577722981059548,1.24552348048049 
 03/26  21:00:00,1.80497949097543,1.19903878069580,0.000000000000000E+000,0.000000000000000E+000,0.000000000000000E+000,0.000000000000000E+000,0.000000000000000E+000,0.000000000000000E+000,0.713906579941488,0.155542054365294,0.320834515094546,0.597584327884505,1.15787853840503 
 03/26  22:00:00,1.63566963207181,1.08051856018820,0.000000000000000E+000,0.000000000000000E+000,0.000000000000000E+000,0.000000000000000E+000,0.000000000000000E+000,0.000000000000000E+000,0.599082443537010,0.130524800611257,0.305317431436236,0.583632942797706,1.04031925740616 
 03/26  23:00:00,1.31561375360541,0.893218792492254,0.000000000000000E+000,0.000000000000000E+000,0.000000000000000E+000,0.000000000000000E+000,0.000000000000000E+000,0.000000000000000E+000,0.449311874449212,9.789360956482500E-002,0.246236738835966,0.505059517065810,0.858431447637878 
 03/26  24:00:00,1.00235751196325,0.685939528076564,0.000000000000000E+000,0.000000000000000E+000,0.000000000000000E+000,0.000000000000000E+000,0.000000000000000E+000,0.000000000000000E+000,0.314518312114448,6.852552669537749E-002,0.163314336941647,0.438887322522180,0.655709972697642 
 03/27  01:00:00,0.689501805838473,1.05122722703514,0.000000000000000E+000,0.600063274370308,0.000000000000000E+000,1.652171301883651E-002,1.652171301883651E-002,1.652171301883651E-002,0.159755323849397,3.480661471051949E-002,9.827947445740333E-002,0.363026666112717,0.426159505864651 
 03/27  02:00:00,0.583020430301440,1.53648765766807,0.000000000000000E+000,1.17189931146233,0.000000000000000E+000,3.226623747515710E-002,3.226623747515710E-002,3.226623747515710E-002,9.485471047418767E-002,2.066642463862648E-002,8.386910965267348E-002,0.334251934371197,0.341565837142329 
 03/27  03:00:00,0.546495249780833,2.09761884285377,0.000000000000000E+000,1.75721032081495,0.000000000000000E+000,4.838177218012205E-002,4.838177218012205E-002,4.838177218012205E-002,6.490060501591859E-002,1.414018642934009E-002,7.158412284098968E-002,0.330376549624864,0.317652940616716 
 03/27  04:00:00,0.544985100262037,2.48901678437763,0.000000000000000E+000,2.14264486900669,0.000000000000000E+000,5.899405135926582E-002,5.899405135926582E-002,5.899405135926582E-002,6.490060501591859E-002,1.414018642934009E-002,6.411215583864807E-002,0.325726087929265,0.323936647118410 
 03/27  05:00:00,0.553789449643047,2.96455631601638,0.000000000000000E+000,2.55191806033180,0.000000000000000E+000,7.026268668855272E-002,7.026268668855272E-002,7.026268668855272E-002,6.490060501591859E-002,1.414018642934009E-002,7.395221645997889E-002,0.313421741359659,0.391050482693216 
 03/27  06:00:00,0.613118014582844,3.42870245614566,0.000000000000000E+000,2.71901270375494,0.000000000000000E+000,7.486335109101740E-002,7.486335109101740E-002,7.486335109101740E-002,6.989295731884501E-002,1.522789461883095E-002,8.626832450802412E-002,0.349753473356527,0.685599532762054 
 03/27  07:00:00,0.774321991472536,4.20196747495087,0.000000000000000E+000,2.93807865562627,0.000000000000000E+000,8.089495632933939E-002,8.089495632933939E-002,8.089495632933939E-002,0.109831800820130,2.392955102837551E-002,0.138447925181248,0.404105744423842,1.23605493952647 
 03/27  08:00:00,0.988144393737046,4.15600821224608,0.000000000000000E+000,2.73656470348994,0.000000000000000E+000,7.534661529816764E-002,7.534661529816764E-002,7.534661529816764E-002,0.194701840125627,4.242057021567902E-002,0.214170712514307,0.429392629893665,1.38986792609842 
 03/27  09:00:00,0.914610673842268,3.94702332852450,0.000000000000000E+000,2.57040455121009,0.000000000000000E+000,7.077168050647438E-002,7.077168050647438E-002,7.077168050647438E-002,0.154762988265052,3.371891198485800E-002,0.275218413283566,0.363026666112717,1.35161433051422 
 03/27  10:00:00,0.815094759735919,3.26134700915227,0.000000000000000E+000,2.00847378667806,0.000000000000000E+000,5.529988074036475E-002,5.529988074036475E-002,5.529988074036475E-002,7.987766192469842E-002,1.740330735525975E-002,0.336436847124624,0.308965048901375,1.23159241627037 
 03/27  11:00:00,0.795907699056316,2.26834458549717,0.000000000000000E+000,1.15794339578470,0.000000000000000E+000,3.188198527444920E-002,3.188198527444920E-002,3.188198527444920E-002,6.490060501591859E-002,1.414018642934009E-002,0.351641513346258,0.316231395300750,1.08861989418117 
 03/27  12:00:00,0.795320536473648,1.56296491190944,0.000000000000000E+000,0.580520537894362,0.000000000000000E+000,1.598363729007752E-002,1.598363729007752E-002,1.598363729007752E-002,6.490060501591859E-002,1.414018642934009E-002,0.366855814129303,0.316328279919408,0.960656405292746 
 03/27  13:00:00,0.765609021441935,0.927983175512013,0.000000000000000E+000,4.572677033490061E-002,0.000000000000000E+000,1.259008189668440E-003,1.259008189668440E-003,1.259008189668440E-003,6.490060501591859E-002,1.414018642934009E-002,0.357197582224207,0.310999625893199,0.860835461961582 
 03/27  14:00:00,0.742649942785476,0.823101497787199,0.000000000000000E+000,0.000000000000000E+000,0.000000000000000E+000,0.000000000000000E+000,0.000000000000000E+000,0.000000000000000E+000,6.490060501591859E-002,1.414018642934009E-002,0.324743319086342,0.321753818564274,0.800939830367024 
 03/27  15:00:00,0.735687995007397,0.765386347907102,0.000000000000000E+000,0.000000000000000E+000,0.000000000000000E+000,0.000000000000000E+000,0.000000000000000E+000,0.000000000000000E+000,6.490060501591859E-002,1.414018642934009E-002,0.299663947619161,0.339871242253379,0.741976793763780 
 03/27  16:00:00,0.775291852170891,0.773962337200452,0.000000000000000E+000,0.000000000000000E+000,0.000000000000000E+000,0.000000000000000E+000,0.000000000000000E+000,0.000000000000000E+000,7.488530962177171E-002,1.631560098704535E-002,0.308215184980723,0.358763742891751,0.749251510805715 
 03/27  17:00:00,0.935976814475372,0.849898975024581,0.000000000000000E+000,0.000000000000000E+000,0.000000000000000E+000,0.000000000000000E+000,0.000000000000000E+000,0.000000000000000E+000,0.114824136404476,2.501725375403699E-002,0.354668780903828,0.424354629723432,0.820670398300588 
 03/27  18:00:00,1.25128357992462,1.00768032492921,0.000000000000000E+000,0.000000000000000E+000,0.000000000000000E+000,0.000000000000000E+000,0.000000000000000E+000,0.000000000000000E+000,0.229648272808951,5.003450750807398E-002,0.438965730037081,0.515523055880909,0.972172275443279 
 03/27  19:00:00,1.54541708254102,1.14975135181127,0.000000000000000E+000,0.000000000000000E+000,0.000000000000000E+000,0.000000000000000E+000,0.000000000000000E+000,0.000000000000000E+000,0.444319538864866,9.680590683916351E-002,0.397477157158294,0.559702441989101,1.11120032721435 
 03/27  20:00:00,1.72579367461077,1.17296665092611,0.000000000000000E+000,0.000000000000000E+000,0.000000000000000E+000,0.000000000000000E+000,0.000000000000000E+000,0.000000000000000E+000,0.663983056912221,0.144664990683150,0.322310632266247,0.577722981059548,1.13317441279707 
 03/27  21:00:00,1.77012409276355,1.09227562673155,0.000000000000000E+000,0.000000000000000E+000,0.000000000000000E+000,0.000000000000000E+000,0.000000000000000E+000,0.000000000000000E+000,0.713906579941488,0.155542054365294,0.285979116882669,0.597584327884505,1.05111538444078 
 03/27  22:00:00,1.61246803792736,1.44166872881482,0.000000000000000E+000,0.450556187130217,0.000000000000000E+000,1.240529180933153E-002,1.240529180933153E-002,1.240529180933153E-002,0.599082443537010,0.130524800611257,0.269710545482451,0.583632942797706,0.950913238902571 
 03/27  23:00:00,1.32125569680356,2.05572617838808,0.000000000000000E+000,1.23251468282873,0.000000000000000E+000,3.393517775699104E-002,3.393517775699104E-002,3.393517775699104E-002,0.449311874449212,9.789360956482500E-002,0.217943504277125,0.505059517065810,0.788424150704977 
 03/27  24:00:00,1.04346416089430,2.69937368601214,0.000000000000000E+000,2.05720120751013,0.000000000000000E+000,5.664150669469493E-002,5.664150669469493E-002,5.664150669469493E-002,0.314518312114448,6.852552669537749E-002,0.147779479178003,0.438887322522180,0.611942923123094 
 03/28  01:00:00,0.749695691935663,3.23680308211953,0.000000000000000E+000,2.78628575307890,0.000000000000000E+000,7.671559911602574E-002,7.671559911602574E-002,7.671559911602574E-002,0.159755323849397,3.480661471051949E-002,9.827947445740333E-002,0.363026666112717,0.425512882240464 
 03/28  02:00:00,0.641397710992247,3.65566852405059,0.000000000000000E+000,3.29214326923001,0.000000000000000E+000,9.064351816596346E-002,9.064351816596346E-002,9.064351816596346E-002,9.485471047418767E-002,2.066642463862648E-002,8.386910965267348E-002,0.334251934371197,0.340502745757170 
 03/28  03:00:00,0.599524289493112,4.02250290753525,0.000000000000000E+000,3.68320789565376,0.000000000000000E+000,0.101410811892399,0.101410811892399,0.101410811892399,6.490060501591859E-002,1.414018642934009E-002,7.158412284098968E-002,0.330376549624864,0.316539430459397 
 03/28  04:00:00,0.600649885291918,4.50932805439011,0.000000000000000E+000,4.16437186148427,0.000000000000000E+000,0.114658836389147,0.114658836389147,0.114658836389147,6.490060501591859E-002,1.414018642934009E-002,6.411215583864807E-002,0.325726087929265,0.322520924653336 
 03/28  05:00:00,0.610328644344378,5.01669283404895,0.000000000000000E+000,4.60540332932652,0.000000000000000E+000,0.126801881389881,0.126801881389881,0.126801881389881,6.490060501591859E-002,1.414018642934009E-002,7.395221645997889E-002,0.313421741359659,0.389701731731072 
 03/28  06:00:00,0.674826709596027,5.66792443688612,0.000000000000000E+000,4.96025255246259,0.000000000000000E+000,0.136572046104199,0.136572046104199,0.136572046104199,6.989295731884501E-002,1.522789461883095E-002,8.626832450802412E-002,0.349753473356527,0.683581664794867 
 03/28  07:00:00,0.842144382810698,6.66261547493337,0.000000000000000E+000,5.40136597792763,0.000000000000000E+000,0.148717347667500,0.148717347667500,0.148717347667500,0.109831800820130,2.392955102837551E-002,0.138447925181248,0.404105744423842,1.23341561720759 
 03/28  08:00:00,1.04738051280626,6.30435066981653,0.000000000000000E+000,4.88800139344690,0.000000000000000E+000,0.134582734367386,0.134582734367386,0.134582734367386,0.194701840125627,4.242057021567902E-002,0.214170712514307,0.429392629893665,1.38677369371192 
 03/28  09:00:00,0.971975427327248,6.02724847746304,0.000000000000000E+000,4.65387384827377,0.000000000000000E+000,0.128136433991456,0.128136433991456,0.128136433991456,0.154762988265052,3.371891198485800E-002,0.275218413283566,0.363026666112717,1.34837018238908 
 03/28  10:00:00,0.871800327377084,5.31786804684101,0.000000000000000E+000,4.06800166704915,0.000000000000000E+000,0.112005448381528,0.112005448381528,0.112005448381528,7.987766192469842E-002,1.740330735525975E-002,0.336436847124624,0.308965048901375,1.22858557358802 
 03/28  11:00:00,0.862558887321374,4.68630300597318,0.000000000000000E+000,3.57869300119211,0.000000000000000E+000,9.853317353950798E-002,9.853317353950798E-002,9.853317353950798E-002,6.490060501591859E-002,1.414018642934009E-002,0.351641513346258,0.316231395300750,1.08582870924977 
 03/28  12:00:00,0.844824603967812,3.35773521947130,0.000000000000000E+000,2.37849226160907,0.000000000000000E+000,6.548770478424247E-002,6.548770478424247E-002,6.548770478424247E-002,6.490060501591859E-002,1.414018642934009E-002,0.366855814129303,0.316328279919408,0.957454989139895 
 03/28  13:00:00,0.806736107333447,2.41919090632027,0.000000000000000E+000,1.53944923102852,0.000000000000000E+000,4.238609408118147E-002,4.238609408118147E-002,4.238609408118147E-002,6.490060501591859E-002,1.414018642934009E-002,0.357197582224207,0.310999625893199,0.858320732076225 
 03/28  14:00:00,0.767949148959744,1.74013314763178,0.000000000000000E+000,0.918858987478688,0.000000000000000E+000,2.529920617426938E-002,2.529920617426938E-002,2.529920617426938E-002,6.490060501591859E-002,1.414018642934009E-002,0.324743319086342,0.321753818564274,0.799112492732911 
 03/28  15:00:00,0.746341591070117,1.15099625838087,0.000000000000000E+000,0.386935164042981,0.000000000000000E+000,1.065359606272034E-002,1.065359606272034E-002,1.065359606272034E-002,6.490060501591859E-002,1.414018642934009E-002,0.299663947619161,0.339871242253379,0.740651540194564 
 03/28  16:00:00,0.777402164494428,0.849588841122432,0.000000000000000E+000,7.664586119861241E-002,0.000000000000000E+000,2.110312323536044E-003,2.110312323536044E-003,2.110312323536044E-003,7.488530962177171E-002,1.631560098704535E-002,0.308215184980723,0.358763742891751,0.748232153529083 
 03/28  17:00:00,0.935976814475372,0.849223954603428,0.000000000000000E+000,0.000000000000000E+000,0.000000000000000E+000,0.000000000000000E+000,0.000000000000000E+000,0.000000000000000E+000,0.114824136404476,2.501725375403699E-002,0.354668780903828,0.424354629723432,0.819995377879436 
 03/28  18:00:00,1.25128357992462,1.00688704474931,0.000000000000000E+000,0.000000000000000E+000,0.000000000000000E+000,0.000000000000000E+000,0.000000000000000E+000,0.000000000000000E+000,0.229648272808951,5.003450750807398E-002,0.438965730037081,0.515523055880909,0.971378995263386 
 03/28  19:00:00,1.54602688284324,1.17131353180773,0.000000000000000E+000,2.214774979097088E-002,0.000000000000000E+000,6.098003022154681E-004,6.098003022154681E-004,6.098003022154681E-004,0.444319538864866,9.680590683916351E-002,0.397477157158294,0.559702441989101,1.11061475741984 
 03/28  20:00:00,1.73811864699251,1.62027922179420,0.000000000000000E+000,0.447639011492489,0.000000000000000E+000,1.232497238174674E-002,1.232497238174674E-002,1.232497238174674E-002,0.663983056912221,0.144664990683150,0.322310632266247,0.577722981059548,1.13284797217267 
 03/28  21:00:00,1.79562068544541,2.01764924654251,0.000000000000000E+000,0.926028001607256,0.000000000000000E+000,2.549659268185810E-002,2.549659268185810E-002,2.549659268185810E-002,0.713906579941488,0.155542054365294,0.285979116882669,0.597584327884505,1.05046100264448 
 03/28  22:00:00,1.64555257987058,2.64215036279298,0.000000000000000E+000,1.65217605226519,0.000000000000000E+000,4.548983375255595E-002,4.548983375255595E-002,4.548983375255595E-002,0.599082443537010,0.130524800611257,0.269710545482451,0.583632942797706,0.949775007745757 
 03/28  23:00:00,1.35165742090293,3.15850340091367,0.000000000000000E+000,2.33669547139274,0.000000000000000E+000,6.433690185635531E-002,6.433690185635531E-002,6.433690185635531E-002,0.449311874449212,9.789360956482500E-002,0.217943504277125,0.505059517065810,0.787020584666570 
 03/28  24:00:00,1.07150486105420,3.71618066895010,0.000000000000000E+000,3.07563037005522,0.000000000000000E+000,8.468220685459212E-002,8.468220685459212E-002,8.468220685459212E-002,0.314518312114448,6.852552669537749E-002,0.147779479178003,0.438887322522180,0.610320743515965 
 03/29  01:00:00,0.777492779921485,4.24527855258149,0.000000000000000E+000,3.79586700023623,0.000000000000000E+000,0.104512687101849,0.104512687101849,0.104512687101849,0.159755323849397,3.480661471051949E-002,9.827947445740333E-002,0.363026666112717,0.424407105545088 
 03/29  02:00:00,0.671431300857297,4.74499119736650,0.000000000000000E+000,4.38295354144392,0.000000000000000E+000,0.120677108031014,0.120677108031014,0.120677108031014,9.485471047418767E-002,2.066642463862648E-002,8.386910965267348E-002,0.334251934371197,0.339015146859164 
 03/29  03:00:00,0.628178399143262,5.06221650430988,0.000000000000000E+000,4.72391589253230,0.000000000000000E+000,0.130064921542550,0.130064921542550,0.130064921542550,6.490060501591859E-002,1.414018642934009E-002,7.158412284098968E-002,0.330376549624864,0.315545030355475 
 03/29  04:00:00,0.622456928355286,5.30041408242601,0.000000000000000E+000,4.95639661400351,0.000000000000000E+000,0.136465879452513,0.136465879452513,0.136465879452513,6.490060501591859E-002,1.414018642934009E-002,6.411215583864807E-002,0.325726087929265,0.321582200169977 
 03/29  05:00:00,0.624734486437498,5.53898521864246,0.000000000000000E+000,5.12861885586452,0.000000000000000E+000,0.141207723483003,0.141207723483003,0.141207723483003,6.490060501591859E-002,1.414018642934009E-002,7.395221645997889E-002,0.313421741359659,0.388778589786587 
 03/29  06:00:00,0.684187180533145,6.00643184808319,0.000000000000000E+000,5.30022183008968,0.000000000000000E+000,0.145932517041318,0.145932517041318,0.145932517041318,6.989295731884501E-002,1.522789461883095E-002,8.626832450802412E-002,0.349753473356527,0.682119798364846 
 03/29  07:00:00,0.834123917668978,6.36904728813150,0.000000000000000E+000,5.11006527748412,0.000000000000000E+000,0.140696882525780,0.140696882525780,0.140696882525780,0.109831800820130,2.392955102837551E-002,0.138447925181248,0.404105744423842,1.23114813084925 
 03/29  08:00:00,1.04395523636685,6.17741417910603,0.000000000000000E+000,4.76359646076754,0.000000000000000E+000,0.131157457927975,0.131157457927975,0.131157457927975,0.194701840125627,4.242057021567902E-002,0.214170712514307,0.429392629893665,1.38424213568079 
 03/29  09:00:00,0.961836569733568,5.65682965685138,0.000000000000000E+000,4.28563381898015,0.000000000000000E+000,0.117997576397777,0.117997576397777,0.117997576397777,0.154762988265052,3.371891198485800E-002,0.275218413283566,0.363026666112717,1.34619139107104 
 03/29  10:00:00,0.862866673171181,4.99183508747604,0.000000000000000E+000,3.74353423508396,0.000000000000000E+000,0.103071794175624,0.103071794175624,0.103071794175624,7.987766192469842E-002,1.740330735525975E-002,0.336436847124624,0.308965048901375,1.22702004618822 
 03/29  11:00:00,0.855811676586657,4.44002803288911,0.000000000000000E+000,3.33363648909039,0.000000000000000E+000,9.178596280478955E-002,9.178596280478955E-002,9.178596280478955E-002,6.490060501591859E-002,1.414018642934009E-002,0.351641513346258,0.316231395300750,1.08461024826740 
 03/29  12:00:00,0.844500089067231,3.34514935144656,0.000000000000000E+000,2.36670598535531,0.000000000000000E+000,6.516318988365992E-002,6.516318988365992E-002,6.516318988365992E-002,6.490060501591859E-002,1.414018642934009E-002,0.366855814129303,0.316328279919408,0.956655397368922 
 03/29  13:00:00,0.819439973571888,2.87995159772905,0.000000000000000E+000,2.00084954487669,0.000000000000000E+000,5.508996031962161E-002,5.508996031962161E-002,5.508996031962161E-002,6.490060501591859E-002,1.414018642934009E-002,0.357197582224207,0.310999625893199,0.857681109636836 
 03/29  14:00:00,0.808760163811750,3.22198650928323,0.000000000000000E+000,2.40110185022233,0.000000000000000E+000,6.611022102627423E-002,6.611022102627423E-002,6.611022102627423E-002,6.490060501591859E-002,1.414018642934009E-002,0.324743319086342,0.321753818564274,0.798722991640729 
 03/29  15:00:00,0.785077857009708,2.55648037847963,0.000000000000000E+000,1.79382381718014,0.000000000000000E+000,4.938986200231048E-002,4.938986200231048E-002,4.938986200231048E-002,6.490060501591859E-002,1.414018642934009E-002,0.299663947619161,0.339871242253379,0.739247007156163 
 03/29  16:00:00,0.820100628226778,2.39856375631347,0.000000000000000E+000,1.62744025694951,0.000000000000000E+000,4.480877605588689E-002,4.480877605588689E-002,4.480877605588689E-002,7.488530962177171E-002,1.631560098704535E-002,0.308215184980723,0.358763742891751,0.746412672969230 
 03/29  17:00:00,0.979459897942930,2.42613079136618,0.000000000000000E+000,1.57929153081840,0.000000000000000E+000,4.348308346755866E-002,4.348308346755866E-002,4.348308346755866E-002,0.114824136404476,2.501725375403699E-002,0.354668780903828,0.424354629723432,0.817610683823790 
 03/29  18:00:00,1.30251321243031,2.86491756855714,0.000000000000000E+000,1.86064368695340,0.000000000000000E+000,5.122963250569350E-002,5.122963250569350E-002,5.122963250569350E-002,0.229648272808951,5.003450750807398E-002,0.438965730037081,0.515523055880909,0.968765832117798 
 03/29  19:00:00,1.58943003308795,2.74414539603530,0.000000000000000E+000,1.59853613180274,0.000000000000000E+000,4.401295054692449E-002,4.401295054692449E-002,4.401295054692449E-002,0.444319538864866,9.680590683916351E-002,0.397477157158294,0.559702441989101,1.10705823963564 
 03/29  20:00:00,1.77555624503597,2.97662564321364,0.000000000000000E+000,1.80736046658011,0.000000000000000E+000,4.976257042519755E-002,4.976257042519755E-002,4.976257042519755E-002,0.663983056912221,0.144664990683150,0.322310632266247,0.577722981059548,1.12947293850450 
 03/29  21:00:00,1.82192109967547,2.96965223233161,0.000000000000000E+000,1.88125054192091,0.000000000000000E+000,5.179700691191959E-002,5.179700691191959E-002,5.179700691191959E-002,0.713906579941488,0.155542054365294,0.285979116882669,0.597584327884505,1.04724144811992 
 03/29  22:00:00,1.66325489292099,3.28237059625115,0.000000000000000E+000,2.29511833802250,0.000000000000000E+000,6.319214680296588E-002,6.319214680296588E-002,6.319214680296588E-002,0.599082443537010,0.130524800611257,0.269710545482451,0.583632942797706,0.947052955446628 
 03/29  23:00:00,1.36544314254131,3.65704913349588,0.000000000000000E+000,2.83738842353740,0.000000000000000E+000,7.812262349474240E-002,7.812262349474240E-002,7.812262349474240E-002,0.449311874449212,9.789360956482500E-002,0.217943504277125,0.505059517065810,0.784873365104120 
 03/29  24:00:00,1.08359463496105,4.15395389289812,0.000000000000000E+000,3.51472704899347,0.000000000000000E+000,9.677198076144350E-002,9.677198076144350E-002,9.677198076144350E-002,0.314518312114448,6.852552669537749E-002,0.147779479178003,0.438887322522180,0.608997288525749 
 03/30  01:00:00,0.785264574615124,4.52664856343301,0.000000000000000E+000,4.07813607041563,0.000000000000000E+000,0.112284481795486,0.112284481795486,0.112284481795486,0.159755323849397,3.480661471051949E-002,9.827947445740333E-002,0.363026666112717,0.423508046217210 
 03/30  02:00:00,0.676990245611944,4.94677778254403,0.000000000000000E+000,4.58485261738799,0.000000000000000E+000,0.126236052785660,0.126236052785660,0.126236052785660,9.485471047418767E-002,2.066642463862648E-002,8.386910965267348E-002,0.334251934371197,0.338902656092605 
 03/30  03:00:00,0.633293181428679,5.24740600556953,0.000000000000000E+000,4.90968313121875,0.000000000000000E+000,0.135179703827968,0.135179703827968,0.135179703827968,6.490060501591859E-002,1.414018642934009E-002,7.158412284098968E-002,0.330376549624864,0.314967292928677 
 03/30  04:00:00,0.634398773966969,5.73402261010703,0.000000000000000E+000,5.39012058509552,0.000000000000000E+000,0.148407725064199,0.148407725064199,0.148407725064199,6.490060501591859E-002,1.414018642934009E-002,6.411215583864807E-002,0.325726087929265,0.321466756758994 
 03/30  05:00:00,0.642836392054119,6.19608683774187,0.000000000000000E+000,5.78607421441411,0.000000000000000E+000,0.159309629099624,0.159309629099624,0.159309629099624,6.490060501591859E-002,1.414018642934009E-002,7.395221645997889E-002,0.313421741359659,0.388424850336421 
 03/30  06:00:00,0.703647826862295,6.71250319614957,0.000000000000000E+000,6.00702621195476,0.000000000000000E+000,0.165393163370467,0.165393163370467,0.165393163370467,6.989295731884501E-002,1.522789461883095E-002,8.626832450802412E-002,0.349753473356527,0.681386764566131 
 03/30  07:00:00,0.875515638933795,7.87029629291561,0.000000000000000E+000,6.61339920936347,0.000000000000000E+000,0.182088603790598,0.182088603790598,0.182088603790598,0.109831800820130,2.392955102837551E-002,0.138447925181248,0.404105744423842,1.22906320375400 
 03/30  08:00:00,1.09358843589756,7.97791662174769,0.000000000000000E+000,6.56625821829329,0.000000000000000E+000,0.180790657458684,0.180790657458684,0.180790657458684,0.194701840125627,4.242057021567902E-002,0.214170712514307,0.429392629893665,1.38208282079671 
 03/30  09:00:00,1.01546407633747,7.60158812432030,0.000000000000000E+000,6.23336751780225,0.000000000000000E+000,0.171625083001683,0.171625083001683,0.171625083001683,0.154762988265052,3.371891198485800E-002,0.275218413283566,0.363026666112717,1.34321615971788 
 03/30  10:00:00,0.923643674218043,7.19616796169901,0.000000000000000E+000,5.95093526020820,0.000000000000000E+000,0.163848795222487,0.163848795222487,0.163848795222487,7.987766192469842E-002,1.740330735525975E-002,0.336436847124624,0.308965048901375,1.22395189528696 
 03/30  11:00:00,0.943179985510529,7.61043869203908,0.000000000000000E+000,6.50682521772190,0.000000000000000E+000,0.179154271728664,0.179154271728664,0.179154271728664,6.490060501591859E-002,1.414018642934009E-002,0.351641513346258,0.316231395300750,1.08183217878587 
 03/30  12:00:00,0.935050340292974,6.63052117362214,0.000000000000000E+000,5.65546182947534,0.000000000000000E+000,0.155713441109402,0.155713441109402,0.155713441109402,6.490060501591859E-002,1.414018642934009E-002,0.366855814129303,0.316328279919408,0.953271375424468 
 03/30  13:00:00,0.898162777458297,5.73534993901847,0.000000000000000E+000,4.86003632616464,0.000000000000000E+000,0.133812764206031,0.133812764206031,0.133812764206031,6.490060501591859E-002,1.414018642934009E-002,0.357197582224207,0.310999625893199,0.853892669638306 
 03/30  14:00:00,0.861214789010047,5.12313459498609,0.000000000000000E+000,4.30623687565652,0.000000000000000E+000,0.118564846224572,0.118564846224572,0.118564846224572,6.490060501591859E-002,1.414018642934009E-002,0.324743319086342,0.321753818564274,0.794736051909388 
 03/30  15:00:00,0.851277541363863,4.95750147569504,0.000000000000000E+000,4.19817494654216,0.000000000000000E+000,0.115589546356465,0.115589546356465,0.115589546356465,6.490060501591859E-002,1.414018642934009E-002,0.299663947619161,0.339871242253379,0.735916975009556 
 03/30  16:00:00,0.895942234718781,5.15052230739560,0.000000000000000E+000,4.38198288053881,0.000000000000000E+000,0.120650382547890,0.120650382547890,0.120650382547890,7.488530962177171E-002,1.631560098704535E-002,0.308215184980723,0.358763742891751,0.743828600462051 
 03/30  17:00:00,1.05387842568381,5.12608756467408,0.000000000000000E+000,4.28214839433467,0.000000000000000E+000,0.117901611208436,0.117901611208436,0.117901611208436,0.114824136404476,2.501725375403699E-002,0.354668780903828,0.424354629723432,0.814710593615417 
 03/30  18:00:00,1.39427726348097,6.19443504461821,0.000000000000000E+000,5.19348434821910,0.000000000000000E+000,0.142993683556350,0.142993683556350,0.142993683556350,0.229648272808951,5.003450750807398E-002,0.438965730037081,0.515523055880909,0.965442646913200 
 03/30  19:00:00,1.66912170718551,5.63411038304112,0.000000000000000E+000,4.49291196586497,0.000000000000000E+000,0.123704624644482,0.123704624644482,0.123704624644482,0.444319538864866,9.680590683916351E-002,0.397477157158294,0.559702441989101,1.10264739257924 
 03/30  20:00:00,1.85034898727616,5.68863715257130,0.000000000000000E+000,4.52380867970535,0.000000000000000E+000,0.124555312665393,0.124555312665393,0.124555312665393,0.663983056912221,0.144664990683150,0.322310632266247,0.577722981059548,1.12503623473693 
 03/30  21:00:00,1.90807255290304,6.09515095464095,0.000000000000000E+000,5.01024346514593,0.000000000000000E+000,0.137948460139486,0.137948460139486,0.137948460139486,0.713906579941488,0.155542054365294,0.285979116882669,0.597584327884505,1.04374724720426 
 03/30  22:00:00,1.75095185941494,6.46374977277524,0.000000000000000E+000,5.48024380332429,0.000000000000000E+000,0.150889113296918,0.150889113296918,0.150889113296918,0.599082443537010,0.130524800611257,0.269710545482451,0.583632942797706,0.943306666668921 
 03/30  23:00:00,1.45892489046475,7.04879648163831,0.000000000000000E+000,6.23261527978643,0.000000000000000E+000,0.171604371418172,0.171604371418172,0.171604371418172,0.449311874449212,9.789360956482500E-002,0.217943504277125,0.505059517065810,0.781393856997513 
 03/30  24:00:00,1.17790617057008,7.57621757644069,0.000000000000000E+000,6.94009152566261,0.000000000000000E+000,0.191083516370471,0.191083516370471,0.191083516370471,0.314518312114448,6.852552669537749E-002,0.147779479178003,0.438887322522180,0.605896495399125 
 03/31  01:00:00,0.884354951180795,8.12230850189835,0.000000000000000E+000,7.67706650534037,0.000000000000000E+000,0.211374858361157,0.211374858361157,0.211374858361157,0.159755323849397,3.480661471051949E-002,9.827947445740333E-002,0.363026666112717,0.420237549757779 
 03/31  02:00:00,0.777688115871670,8.60112400711981,0.000000000000000E+000,8.24216670348045,0.000000000000000E+000,0.226933923045387,0.226933923045387,0.226933923045387,9.485471047418767E-002,2.066642463862648E-002,8.386910965267348E-002,0.334251934371197,0.335934794575948 
 03/31  03:00:00,0.738196833673022,9.05445098791944,0.000000000000000E+000,8.71974985900756,0.000000000000000E+000,0.240083356072310,0.240083356072310,0.240083356072310,6.490060501591859E-002,1.414018642934009E-002,7.158412284098968E-002,0.330376549624864,0.311945547489777 
 03/31  04:00:00,0.732779868474442,9.30412047902687,0.000000000000000E+000,8.96329012502047,0.000000000000000E+000,0.246788819571670,0.246788819571670,0.246788819571670,6.490060501591859E-002,1.414018642934009E-002,6.411215583864807E-002,0.325726087929265,0.318395085753876 
 03/31  05:00:00,0.733486321905974,9.48510969085349,0.000000000000000E+000,9.07845035400236,0.000000000000000E+000,0.249959558951478,0.249959558951478,0.249959558951478,6.490060501591859E-002,1.414018642934009E-002,7.395221645997889E-002,0.313421741359659,0.385071563859755 
 03/31  06:00:00,0.790914367472027,9.87811490149299,0.000000000000000E+000,9.17651874832454,0.000000000000000E+000,0.252659703980199,0.252659703980199,0.252659703980199,6.989295731884501E-002,1.522789461883095E-002,8.626832450802412E-002,0.349753473356527,0.677505933539774 
 03/31  07:00:00,0.941639280716994,10.2670943233845,0.000000000000000E+000,9.01498849713755,0.000000000000000E+000,0.248212245573796,0.248212245573796,0.248212245573796,0.109831800820130,2.392955102837551E-002,0.138447925181248,0.404105744423842,1.22427194644879 
 03/31  08:00:00,1.13902577590553,9.62274487975205,0.000000000000000E+000,8.21652771472936,0.000000000000000E+000,0.226227997466649,0.226227997466649,0.226227997466649,0.194701840125627,4.242057021567902E-002,0.214170712514307,0.429392629893665,1.37664158236501 
 03/31  09:00:00,1.04819928781431,8.78605489874699,0.000000000000000E+000,7.42229981335768,0.000000000000000E+000,0.204360294478518,0.204360294478518,0.204360294478518,0.154762988265052,3.371891198485800E-002,0.275218413283566,0.363026666112717,1.33875063858913 
 03/31  10:00:00,0.932100113674089,7.49926464087483,0.000000000000000E+000,6.25807040677107,0.000000000000000E+000,0.172305234678534,0.172305234678534,0.172305234678534,7.987766192469842E-002,1.740330735525975E-002,0.336436847124624,0.308965048901375,1.21991342789992 
 03/31  11:00:00,0.920621961159674,6.78782057869473,0.000000000000000E+000,5.68752506767894,0.000000000000000E+000,0.156596247377808,0.156596247377808,0.156596247377808,6.490060501591859E-002,1.414018642934009E-002,0.351641513346258,0.316231395300750,1.07851421548448 
 03/31  12:00:00,0.899294642552086,5.32985658843958,0.000000000000000E+000,4.35682644951629,0.000000000000000E+000,0.119957743368515,0.119957743368515,0.119957743368515,6.490060501591859E-002,1.414018642934009E-002,0.366855814129303,0.316328279919408,0.951242170200980 
 03/31  13:00:00,0.857666726000485,4.26356050404095,0.000000000000000E+000,3.38923283205126,0.000000000000000E+000,9.331671274821852E-002,9.331671274821852E-002,9.331671274821852E-002,6.490060501591859E-002,1.414018642934009E-002,0.357197582224207,0.310999625893199,0.852906728774154 
 03/31  14:00:00,0.818225857473896,3.56138134296027,0.000000000000000E+000,2.74489278319754,0.000000000000000E+000,7.557591468842170E-002,7.557591468842170E-002,7.557591468842170E-002,6.490060501591859E-002,1.414018642934009E-002,0.324743319086342,0.321753818564274,0.794326892342531 
 03/31  15:00:00,0.794005602107101,2.87752554436443,0.000000000000000E+000,2.11807663223492,0.000000000000000E+000,5.831760709970336E-002,5.831760709970336E-002,5.831760709970336E-002,6.490060501591859E-002,1.414018642934009E-002,0.299663947619161,0.339871242253379,0.736039357986193 
 03/31  16:00:00,0.821682667840706,2.45325089654800,0.000000000000000E+000,1.68489942415774,0.000000000000000E+000,4.639081566981256E-002,4.639081566981256E-002,4.639081566981256E-002,7.488530962177171E-002,1.631560098704535E-002,0.308215184980723,0.358763742891751,0.743640645995527 
 03/31  17:00:00,0.977463746207777,2.35070517517551,0.000000000000000E+000,1.50679194527479,0.000000000000000E+000,4.148693173240522E-002,4.148693173240522E-002,4.148693173240522E-002,0.114824136404476,2.501725375403699E-002,0.354668780903828,0.424354629723432,0.814684653176726 
 03/31  18:00:00,1.29781494048302,2.69113324703841,0.000000000000000E+000,1.69000396906466,0.000000000000000E+000,4.653136055840339E-002,4.653136055840339E-002,4.653136055840339E-002,0.229648272808951,5.003450750807398E-002,0.438965730037081,0.515523055880909,0.965621228487823 
 03/31  19:00:00,1.59403141570332,2.90828184758609,0.000000000000000E+000,1.76565686048649,0.000000000000000E+000,4.861433316229819E-002,4.861433316229819E-002,4.861433316229819E-002,0.444319538864866,9.680590683916351E-002,0.397477157158294,0.559702441989101,1.10407396250267 
 03/31  20:00:00,1.78664142607568,3.37618878399042,0.000000000000000E+000,2.20997065742989,0.000000000000000E+000,6.084775146491251E-002,6.084775146491251E-002,6.084775146491251E-002,0.663983056912221,0.144664990683150,0.322310632266247,0.577722981059548,1.12642588843151 
 03/31  21:00:00,1.84244552654099,3.71214240815172,0.000000000000000E+000,2.62669108888225,0.000000000000000E+000,7.232143377744295E-002,7.232143377744295E-002,7.232143377744295E-002,0.713906579941488,0.155542054365294,0.285979116882669,0.597584327884505,1.04429107697870 
 03/31  22:00:00,1.68977779266791,4.24256239867595,0.000000000000000E+000,3.25842148036515,0.000000000000000E+000,8.971504654988009E-002,8.971504654988009E-002,8.971504654988009E-002,0.599082443537010,0.130524800611257,0.269710545482451,0.583632942797706,0.943941615528772 
 03/31  23:00:00,1.39564504608884,4.75127299007646,0.000000000000000E+000,3.93431179427272,0.000000000000000E+000,0.108324527042267,0.108324527042267,0.108324527042267,0.449311874449212,9.789360956482500E-002,0.217943504277125,0.505059517065810,0.782173850949375 
 03/31  24:00:00,1.11291938922096,5.21701486000022,0.000000000000000E+000,4.57979264123835,0.000000000000000E+000,0.126096735021355,0.126096735021355,0.126096735021355,0.314518312114448,6.852552669537749E-002,0.147779479178003,0.438887322522180,0.606992663382948 
 04/01  01:00:00,0.822203131729571,5.70148794790990,0.000000000000000E+000,5.23878423177339,0.000000000000000E+000,0.144240938150720,0.144240938150720,0.144240938150720,0.159081899391618,3.465989267914196E-002,0.104798457473024,0.362309930345465,0.437748636457360 
 04/01  02:00:00,0.714245630181547,6.05523661261350,0.000000000000000E+000,5.68599038910759,0.000000000000000E+000,0.156553992635659,0.156553992635659,0.156553992635659,9.789657276243555E-002,2.132916892857149E-002,8.776187263983333E-002,0.333592009525450,0.346269168557122 
 04/01  03:00:00,0.665383150092328,6.33207070836599,0.000000000000000E+000,5.98927132990784,0.000000000000000E+000,0.164904313146846,0.164904313146846,0.164904313146846,6.526438462805398E-002,1.421944655947315E-002,7.415871598667921E-002,0.329724276081677,0.320088724146441 
 04/01  04:00:00,0.659272154184418,6.60169128126880,0.000000000000000E+000,6.25249843796372,0.000000000000000E+000,0.172151820074580,0.172151820074580,0.172151820074580,6.526438462805398E-002,1.421944655947315E-002,6.544149328356358E-002,0.325082995949147,0.326801869757901 
 04/01  05:00:00,0.668029723773051,7.03445899333866,0.000000000000000E+000,6.61237917258597,0.000000000000000E+000,0.182060518827518,0.182060518827518,0.182060518827518,6.526438462805398E-002,1.421944655947315E-002,7.657041780324052E-002,0.312802942265167,0.400534669228254 
 04/01  06:00:00,0.730605622514250,7.63154150804135,0.000000000000000E+000,6.88926745178219,0.000000000000000E+000,0.189684162670677,0.189684162670677,0.189684162670677,6.934340918976298E-002,1.510816208327000E-002,9.029493158039664E-002,0.349062943300542,0.718231398762009 
 04/01  07:00:00,0.911180645689100,8.70592494174802,0.000000000000000E+000,7.36309138120814,0.000000000000000E+000,0.202730091854808,0.202730091854808,0.202730091854808,0.114212654290690,2.488402738120598E-002,0.148933953623333,0.403307904849463,1.31505463410762 
 04/01  08:00:00,1.14637769868583,8.50091971455291,0.000000000000000E+000,6.98400553091023,0.000000000000000E+000,0.192292613182753,0.192292613182753,0.192292613182753,0.212109227053126,4.621319630977747E-002,0.235105770880487,0.428544865570085,1.48739699305341 
 04/01  09:00:00,1.09770806144272,8.82513324540036,0.000000000000000E+000,7.34490073448519,0.000000000000000E+000,0.202229243598266,0.202229243598266,0.202229243598266,0.171318981436035,3.732604107180897E-002,0.307411851301548,0.362309930345465,1.45527743123603 
 04/01  10:00:00,1.00251678874309,8.48499930882946,0.000000000000000E+000,7.13614504560747,0.000000000000000E+000,0.196481513767097,0.196481513767097,0.196481513767097,8.158048287489020E-002,1.777430683338409E-002,0.381213422773294,0.308355048804828,1.32761547243019 
 04/01  11:00:00,1.03428137431348,9.17343286974670,0.000000000000000E+000,7.98114061942947,0.000000000000000E+000,0.219747017538386,0.219747017538386,0.219747017538386,6.526438462805398E-002,1.421944655947315E-002,0.402331462886063,0.315607049011904,1.17055395833091 
 04/01  12:00:00,1.02019115607027,7.90566833840825,0.000000000000000E+000,6.85743050738324,0.000000000000000E+000,0.188807587014038,0.188807587014038,0.188807587014038,6.526438462805398E-002,1.421944655947315E-002,0.419083981831112,0.315703742347997,1.02649287902276 
 04/01  13:00:00,0.987402171485483,7.32042099206330,0.000000000000000E+000,6.38167785721640,0.000000000000000E+000,0.175708553812488,0.175708553812488,0.175708553812488,6.526438462805398E-002,1.421944655947315E-002,0.404712163933058,0.310385608862808,0.917364483720653 
 04/01  14:00:00,0.950977319265227,6.87067778125674,0.000000000000000E+000,5.99913844085611,0.000000000000000E+000,0.165175987122533,0.165175987122533,0.165175987122533,6.526438462805398E-002,1.421944655947315E-002,0.368086918096288,0.321118569169280,0.849421427506471 
 04/01  15:00:00,0.930268437359188,6.47142461095330,0.000000000000000E+000,5.66284450394381,0.000000000000000E+000,0.155916710387975,0.155916710387975,0.155916710387975,6.526438462805398E-002,1.421944655947315E-002,0.338555659075166,0.339200223018920,0.785216771136948 
 04/01  16:00:00,0.948513428336544,6.22435711898671,0.000000000000000E+000,5.40741637777692,0.000000000000000E+000,0.148883935049580,0.148883935049580,0.148883935049580,6.526438462805398E-002,1.421944655947315E-002,0.344978224852520,0.358055423557315,0.792278702231419 
 04/01  17:00:00,1.05864616698648,6.11390563840685,0.000000000000000E+000,5.20997728195046,0.000000000000000E+000,0.143447788197622,0.143447788197622,0.143447788197622,6.934340918976298E-002,1.510816208327000E-002,0.390117981733050,0.423516812093179,0.874757486695332 
 04/01  18:00:00,1.25645835555680,6.04942712451108,0.000000000000000E+000,4.97644069208742,0.000000000000000E+000,0.137017758762537,0.137017758762537,0.137017758762537,9.381757327859858E-002,2.044045886860401E-002,0.473565309599511,0.514505241357947,1.03754848767512 
 04/01  19:00:00,1.37654428214431,5.99368749005949,0.000000000000000E+000,4.75766513038084,0.000000000000000E+000,0.130994148919318,0.130994148919318,0.130994148919318,0.171318981436035,3.732604107180897E-002,0.431195670410591,0.558597402616962,1.19754744766732 
 04/01  20:00:00,1.49056487588906,5.93083462609296,0.000000000000000E+000,4.66015037968427,0.000000000000000E+000,0.128309247518207,0.128309247518207,0.128309247518207,0.338558963388235,7.376337208365046E-002,0.356238916078855,0.576582363130508,1.23097057143488 
 04/01  21:00:00,1.73862950185645,5.86558988152026,0.000000000000000E+000,4.68020998858066,0.000000000000000E+000,0.128861554442513,0.128861554442513,0.128861554442513,0.554747273518103,0.120865296666160,0.320638866510224,0.596404497029846,1.14430091470074 
 04/01  22:00:00,1.76152875857796,5.66273204734446,0.000000000000000E+000,4.59460941566956,0.000000000000000E+000,0.126504689491281,0.126504689491281,0.126504689491281,0.599616518619031,0.130641161964096,0.305173718181688,0.582480656632261,1.02800269572953 
 04/01  23:00:00,1.44623628445402,5.69413481632940,0.000000000000000E+000,4.81133389974165,0.000000000000000E+000,0.132471826429884,0.132471826429884,0.132471826429884,0.448692701787994,9.775868940488895E-002,0.246138692081900,0.504062361059758,0.848082253559349 
 04/01  24:00:00,1.13664227406698,5.78864790461398,0.000000000000000E+000,5.11088716817191,0.000000000000000E+000,0.140719511876144,0.140719511876144,0.140719511876144,0.310005799815561,6.754236523834896E-002,0.163241770939991,0.438020812507328,0.647590864291930 
 04/02  01:00:00,0.716968836921977,6.15314349810081,0.000000000000000E+000,5.78489637734179,0.000000000000000E+000,0.159277199376089,0.159277199376089,0.159277199376089,9.789657276243555E-002,2.132916892857149E-002,8.776187263983333E-002,0.333592009525450,0.345270065810229 
 04/02  02:00:00,0.675948876035346,6.71509822448623,0.000000000000000E+000,6.37301507961696,0.000000000000000E+000,0.175470039089863,0.175470039089863,0.175470039089863,6.526438462805398E-002,1.421944655947315E-002,7.415871598667921E-002,0.329724276081677,0.319372490557549 
 04/02  03:00:00,0.682942383492720,7.46048924452243,0.000000000000000E+000,7.11219351241770,0.000000000000000E+000,0.195822049382882,0.195822049382882,0.195822049382882,6.526438462805398E-002,1.421944655947315E-002,6.544149328356358E-002,0.325082995949147,0.325904758557532 
 04/02  04:00:00,0.682866527999496,7.57208748008942,0.000000000000000E+000,7.15124710444997,0.000000000000000E+000,0.196897323053961,0.196897323053961,0.196897323053961,6.526438462805398E-002,1.421944655947315E-002,7.657041780324052E-002,0.312802942265167,0.399295224114999 
 04/02  05:00:00,0.738237434142169,7.90631225566388,0.000000000000000E+000,7.16645238227979,0.000000000000000E+000,0.197315974298598,0.197315974298598,0.197315974298598,6.934340918976298E-002,1.510816208327000E-002,9.029493158039664E-002,0.349062943300542,0.715817215886948 
 04/02  06:00:00,0.898876580806520,8.25593686065804,0.000000000000000E+000,6.91621172332465,0.000000000000000E+000,0.190426026972227,0.190426026972227,0.190426026972227,0.114212654290690,2.488402738120598E-002,0.148933953623333,0.403307904849463,1.31194621090111 
 04/02  07:00:00,1.13638557977165,8.13493122367641,0.000000000000000E+000,6.62109500300660,0.000000000000000E+000,0.182300494268577,0.182300494268577,0.182300494268577,0.212109227053126,4.621319630977747E-002,0.235105770880487,0.428544865570085,1.48431903008054 
 04/02  08:00:00,1.07485605955134,7.99192997632695,0.000000000000000E+000,6.51492341523106,0.000000000000000E+000,0.179377241706882,0.179377241706882,0.179377241706882,0.171318981436035,3.732604107180897E-002,0.307411851301548,0.362309930345465,1.45205148141674 
 04/02  09:00:00,0.980971634109543,7.69953960613781,0.000000000000000E+000,6.35363199617478,0.000000000000000E+000,0.174936359133549,0.174936359133549,0.174936359133549,8.158048287489020E-002,1.777430683338409E-002,0.381213422773294,0.308355048804828,1.32466881917125 
 04/02  10:00:00,0.988744832220400,7.51697503867597,0.000000000000000E+000,6.32726813534012,0.000000000000000E+000,0.174210475445306,0.174210475445306,0.174210475445306,6.526438462805398E-002,1.421944655947315E-002,0.402331462886063,0.315607049011904,1.16796861134952 
 04/02  11:00:00,0.962488607168045,5.80817623530049,0.000000000000000E+000,4.76169258999483,0.000000000000000E+000,0.131105038111807,0.131105038111807,0.131105038111807,6.526438462805398E-002,1.421944655947315E-002,0.419083981831112,0.315703742347997,1.02473869330341 
 04/02  12:00:00,0.915703241231201,4.71544039498285,0.000000000000000E+000,3.77759589500219,0.000000000000000E+000,0.104009623558208,0.104009623558208,0.104009623558208,6.526438462805398E-002,1.421944655947315E-002,0.404712163933058,0.310385608862808,0.916465848854387 
 04/02  13:00:00,0.868616042825137,3.87913199265892,0.000000000000000E+000,3.00780351295769,0.000000000000000E+000,8.281471068244083E-002,8.281471068244083E-002,8.281471068244083E-002,6.526438462805398E-002,1.421944655947315E-002,0.368086918096288,0.321118569169280,0.849210566807046 
 04/02  14:00:00,0.839708072820690,3.18282934814472,0.000000000000000E+000,2.37372134757479,0.000000000000000E+000,6.535634584947901E-002,6.535634584947901E-002,6.535634584947901E-002,6.526438462805398E-002,1.421944655947315E-002,0.338555659075166,0.339200223018920,0.785744664697368 
 04/02  15:00:00,0.849463770421075,2.62777507985168,0.000000000000000E+000,1.80996483106073,0.000000000000000E+000,4.983427713411148E-002,4.983427713411148E-002,4.983427713411148E-002,6.526438462805398E-002,1.421944655947315E-002,0.344978224852520,0.358055423557315,0.793148209812596 
 04/02  16:00:00,0.959955799847287,2.53019023599029,0.000000000000000E+000,1.62557506004795,0.000000000000000E+000,4.475742105842681E-002,4.475742105842681E-002,4.475742105842681E-002,6.934340918976298E-002,1.510816208327000E-002,0.390117981733050,0.423516812093179,0.875444306181274 
 04/02  17:00:00,1.17665769693492,3.15222878953268,0.000000000000000E+000,2.07810657534305,0.000000000000000E+000,5.721710014065460E-002,5.721710014065460E-002,5.721710014065460E-002,9.381757327859858E-002,2.044045886860401E-002,0.473565309599511,0.514505241357947,1.03868426944109 
 04/02  18:00:00,1.29599537534256,3.06869324524305,0.000000000000000E+000,1.83215488169749,0.000000000000000E+000,5.044524211756057E-002,5.044524211756057E-002,5.044524211756057E-002,0.171318981436035,3.732604107180897E-002,0.431195670410591,0.558597402616962,1.19806345153421 
 04/02  19:00:00,1.42082972291757,3.39876153987281,0.000000000000000E+000,2.12739217337264,0.000000000000000E+000,5.857409454672148E-002,5.857409454672148E-002,5.857409454672148E-002,0.338558963388235,7.376337208365046E-002,0.356238916078855,0.576582363130508,1.23165569152637 
 04/02  20:00:00,1.68007958339172,3.74000810872854,0.000000000000000E+000,2.55369588268858,0.000000000000000E+000,7.031163597778906E-002,7.031163597778906E-002,7.031163597778906E-002,0.554747273518103,0.120865296666160,0.320638866510224,0.596404497029846,1.14523324780110 
 04/02  21:00:00,1.72128188997459,4.20179437255659,0.000000000000000E+000,3.13285616225370,0.000000000000000E+000,8.625782088791373E-002,8.625782088791373E-002,8.625782088791373E-002,0.599616518619031,0.130641161964096,0.305173718181688,0.582480656632261,1.02881827435754 
 04/02  22:00:00,1.41997479931877,4.74090060080097,0.000000000000000E+000,3.85752525156312,0.000000000000000E+000,0.106210341294626,0.106210341294626,0.106210341294626,0.448692701787994,9.775868940488895E-002,0.246138692081900,0.504062361059758,0.848656686209445 
 04/02  23:00:00,1.12397454198379,5.32875788015967,0.000000000000000E+000,4.65079923515811,0.000000000000000E+000,0.128051779792955,0.128051779792955,0.128051779792955,0.310005799815561,6.754236523834896E-002,0.163241770939991,0.438020812507328,0.647788772851443 
 04/02  24:00:00,0.827748903207876,5.90198373635918,0.000000000000000E+000,5.44020485858054,0.000000000000000E+000,0.149786709629026,0.149786709629026,0.149786709629026,0.159081899391618,3.465989267914196E-002,0.104798457473024,0.362309930345465,0.436823798099478 
 04/03  01:00:00,0.718129384611015,6.32970745474341,0.000000000000000E+000,5.97040184691941,0.000000000000000E+000,0.164384774298087,0.164384774298087,0.164384774298087,9.789657276243555E-002,2.132916892857149E-002,8.381484540687240E-002,0.333592009525450,0.336328552875222 
 04/03  02:00:00,0.672523416648806,6.67876495977433,0.000000000000000E+000,6.34344291353341,0.000000000000000E+000,0.174655820219544,0.174655820219544,0.174655820219544,6.526438462805398E-002,1.421944655947315E-002,7.154747547045819E-002,0.329724276081677,0.312611391929233 
 04/03  03:00:00,0.667285537134822,6.93409629492646,0.000000000000000E+000,6.59313299318956,0.000000000000000E+000,0.181530608289283,0.181530608289283,0.181530608289283,6.526438462805398E-002,1.421944655947315E-002,6.407608801926525E-002,0.325082995949147,0.318572328189717 
 04/03  04:00:00,0.669532342025645,7.17056559258138,0.000000000000000E+000,6.76396936745186,0.000000000000000E+000,0.186234294832510,0.186234294832510,0.186234294832510,6.526438462805398E-002,1.421944655947315E-002,7.389926005084047E-002,0.312802942265167,0.385051073605082 
 04/03  05:00:00,0.723392582737270,7.47555348868915,0.000000000000000E+000,6.77608284905747,0.000000000000000E+000,0.186567818771225,0.186567818771225,0.186567818771225,6.934340918976298E-002,1.510816208327000E-002,8.619823570287033E-002,0.349062943300542,0.675427982134562 
 04/03  06:00:00,0.894173826041775,8.37786884740638,0.000000000000000E+000,7.13132466755364,0.000000000000000E+000,0.196348792925397,0.196348792925397,0.196348792925397,0.114212654290690,2.488402738120598E-002,0.138308432905419,0.403307904849463,1.21876525342044 
 04/03  07:00:00,1.10999986694797,7.83108788819699,0.000000000000000E+000,6.43134888237835,0.000000000000000E+000,0.177076160293552,0.177076160293552,0.177076160293552,0.212109227053126,4.621319630977747E-002,0.213944392031827,0.428544865570085,1.37022181522936 
 04/03  08:00:00,1.03441208392865,7.58165600414628,0.000000000000000E+000,6.22412452055358,0.000000000000000E+000,0.171370592926222,0.171370592926222,0.171370592926222,0.171318981436035,3.732604107180897E-002,0.274974524459516,0.362309930345465,1.33257640391357 
 04/03  09:00:00,0.926962847733018,7.26311097651463,0.000000000000000E+000,6.02756512991600,0.000000000000000E+000,0.165958667247752,0.165958667247752,0.165958667247752,8.158048287489020E-002,1.777430683338409E-002,0.336182328282564,0.308355048804828,1.21430705580685 
 04/03  10:00:00,0.926030963314839,6.99342033762763,0.000000000000000E+000,5.89878315878014,0.000000000000000E+000,0.162412876562029,0.162412876562029,0.162412876562029,6.526438462805398E-002,1.421944655947315E-002,0.351415192863779,0.315607049011904,1.07289888686115 
 04/03  11:00:00,0.899128909434313,5.33433493666631,0.000000000000000E+000,4.36686515437099,0.000000000000000E+000,0.120234141888096,0.120234141888096,0.120234141888096,6.526438462805398E-002,1.421944655947315E-002,0.366595180321093,0.315703742347997,0.945724830293062 
 04/03  12:00:00,0.857292522902309,4.26190192705287,0.000000000000000E+000,3.39260100338763,0.000000000000000E+000,9.340944956880821E-002,9.340944956880821E-002,9.340944956880821E-002,6.526438462805398E-002,1.421944655947315E-002,0.356901619593564,0.310385608862808,0.847922272538989 
 04/03  13:00:00,0.813560171619933,3.40303938105699,0.000000000000000E+000,2.59129658645106,0.000000000000000E+000,7.134690686238315E-002,7.134690686238315E-002,7.134690686238315E-002,6.526438462805398E-002,1.421944655947315E-002,0.324498850711145,0.321118569169280,0.789624881711764 
 04/03  14:00:00,0.788872907101771,2.70365525814739,0.000000000000000E+000,1.94843383331285,0.000000000000000E+000,5.364678360622477E-002,5.364678360622477E-002,5.364678360622477E-002,6.526438462805398E-002,1.421944655947315E-002,0.299430055599500,0.339200223018920,0.731858088961978 
 04/03  15:00:00,0.799883781647391,2.11948500575613,0.000000000000000E+000,1.35520665848501,0.000000000000000E+000,3.731329086287048E-002,3.731329086287048E-002,3.731329086287048E-002,6.526438462805398E-002,1.421944655947315E-002,0.307919222350081,0.358055423557315,0.739616308292762 
 04/03  16:00:00,0.909165629107652,1.92463994788981,0.000000000000000E+000,1.08542073858612,0.000000000000000E+000,2.988519830084896E-002,2.988519830084896E-002,2.988519830084896E-002,6.934340918976298E-002,1.510816208327000E-002,0.354200033750992,0.423516812093179,0.810048339542634 
 04/03  17:00:00,1.12177169936696,2.36464861916858,0.000000000000000E+000,1.36863659281766,0.000000000000000E+000,3.768306106941863E-002,3.768306106941863E-002,3.768306106941863E-002,9.381757327859858E-002,2.044045886860401E-002,0.438213351102789,0.514505241357947,0.960574081602378 
 04/03  18:00:00,1.24377863959516,2.31792618975951,0.000000000000000E+000,1.18180048689384,0.000000000000000E+000,3.253884935796283E-002,3.253884935796283E-002,3.253884935796283E-002,0.171318981436035,3.732604107180897E-002,0.396885327422791,0.558597402616962,1.09765079085434 
 04/03  19:00:00,1.36705350730309,2.57732509025982,0.000000000000000E+000,1.41801680527967,0.000000000000000E+000,3.904266052159760E-002,3.904266052159760E-002,3.904266052159760E-002,0.338558963388235,7.376337208365046E-002,0.321994134489507,0.576582363130508,1.11959461000635 
 04/03  20:00:00,1.62324576239025,2.83497254593406,0.000000000000000E+000,1.75544667392998,0.000000000000000E+000,4.833321318818822E-002,4.833321318818822E-002,4.833321318818822E-002,0.554747273518103,0.120865296666160,0.285783468298347,0.596404497029846,1.03844689376521 
 04/03  21:00:00,1.66106793533794,3.21826894347123,0.000000000000000E+000,2.23913538465283,0.000000000000000E+000,6.165075220505231E-002,6.165075220505231E-002,6.165075220505231E-002,0.599616518619031,0.130641161964096,0.269566832227902,0.582480656632261,0.939013622873050 
 04/03  22:00:00,1.36503724456558,3.70285748463951,0.000000000000000E+000,2.88981215783240,0.000000000000000E+000,7.956602110028096E-002,7.956602110028096E-002,7.956602110028096E-002,0.448692701787994,9.775868940488895E-002,0.217845457523059,0.504062361059758,0.778326663778716 
 04/03  23:00:00,1.07988815945834,4.24833056168051,0.000000000000000E+000,3.61381708825239,0.000000000000000E+000,9.950025503115145E-002,9.950025503115145E-002,9.950025503115145E-002,0.310005799815561,6.754236523834896E-002,0.147706913176347,0.438020812507328,0.604343601277977 
 04/03  24:00:00,0.790636631451438,4.77663413590350,0.000000000000000E+000,4.33105338372088,0.000000000000000E+000,0.119248126208335,0.119248126208335,0.119248126208335,0.159081899391618,3.465989267914196E-002,9.822476913727689E-002,0.362309930345465,0.420625672503449 
 04/04  01:00:00,0.684862601036143,5.12197726862776,0.000000000000000E+000,4.76216302465276,0.000000000000000E+000,0.131117990723214,0.131117990723214,0.131117990723214,9.789657276243555E-002,2.132916892857149E-002,8.381484540687240E-002,0.333592009525450,0.336837189026197 
 04/04  02:00:00,0.636763751057063,5.38027978079835,0.000000000000000E+000,5.04466342251434,0.000000000000000E+000,0.138896154627802,0.138896154627802,0.138896154627802,6.526438462805398E-002,1.421944655947315E-002,7.154747547045819E-002,0.329724276081677,0.312905703972310 
 04/04  03:00:00,0.628891421141671,5.54007440328064,0.000000000000000E+000,5.19867111546912,0.000000000000000E+000,0.143136492296129,0.143136492296129,0.143136492296129,6.526438462805398E-002,1.421944655947315E-002,6.407608801926525E-002,0.325082995949147,0.319012314264325 
 04/04  04:00:00,0.629756061178152,5.72599653280151,0.000000000000000E+000,5.31930770915968,0.000000000000000E+000,0.146458013985016,0.146458013985016,0.146458013985016,6.526438462805398E-002,1.421944655947315E-002,7.389926005084047E-002,0.312802942265167,0.385143672117386 
 04/04  05:00:00,0.682586881756641,5.99326487149526,0.000000000000000E+000,5.29403298440389,0.000000000000000E+000,0.145762117790596,0.145762117790596,0.145762117790596,6.934340918976298E-002,1.510816208327000E-002,8.619823570287033E-002,0.349062943300542,0.675189229594232 
 04/04  06:00:00,0.838141693966313,6.34148956260206,0.000000000000000E+000,5.09625574916623,0.000000000000000E+000,0.140316660849935,0.140316660849935,0.140316660849935,0.114212654290690,2.488402738120598E-002,0.138308432905419,0.403307904849463,1.21745488700356 
 04/04  07:00:00,1.06446388226783,6.17591577888245,0.000000000000000E+000,4.77749664334670,0.000000000000000E+000,0.131540175613412,0.131540175613412,0.131540175613412,0.212109227053126,4.621319630977747E-002,0.213944392031827,0.428544865570085,1.36890194494645 
 04/04  08:00:00,0.989603573166125,5.95294934748111,0.000000000000000E+000,4.59669389897326,0.000000000000000E+000,0.126562082163699,0.126562082163699,0.126562082163699,0.171318981436035,3.732604107180897E-002,0.274974524459516,0.362309930345465,1.33130036882871 
 04/04  09:00:00,0.878572956670414,5.50449443688036,0.000000000000000E+000,4.27005993391466,0.000000000000000E+000,0.117568776185148,0.117568776185148,0.117568776185148,8.158048287489020E-002,1.777430683338409E-002,0.336182328282564,0.308355048804828,1.21319571217392 
 04/04  10:00:00,0.874958877038658,5.13786763489468,0.000000000000000E+000,4.04386149993842,0.000000000000000E+000,0.111340790285849,0.111340790285849,0.111340790285849,6.526438462805398E-002,1.421944655947315E-002,0.351415192863779,0.315607049011904,1.07226784296995 
 04/04  11:00:00,0.865858526446628,4.12577668652565,0.000000000000000E+000,3.15849560259493,0.000000000000000E+000,8.696375890041118E-002,8.696375890041118E-002,8.696375890041118E-002,6.526438462805398E-002,1.421944655947315E-002,0.366595180321093,0.315703742347997,0.945536131928464 
 04/04  12:00:00,0.828400667027517,3.21198880622199,0.000000000000000E+000,2.34325814050803,0.000000000000000E+000,6.451759369401922E-002,6.451759369401922E-002,6.451759369401922E-002,6.526438462805398E-002,1.421944655947315E-002,0.356901619593564,0.310385608862808,0.847352014587689 
 04/04  13:00:00,0.785839098581759,2.39539266200611,0.000000000000000E+000,1.58447617761201,0.000000000000000E+000,4.362583382420719E-002,4.362583382420719E-002,4.362583382420719E-002,6.526438462805398E-002,1.421944655947315E-002,0.324498850711145,0.321118569169280,0.788798571499930 
 04/04  14:00:00,0.761181386438366,1.69710817278744,0.000000000000000E+000,0.942686757169388,0.000000000000000E+000,2.595526294281899E-002,2.595526294281899E-002,2.595526294281899E-002,6.526438462805398E-002,1.421944655947315E-002,0.299430055599500,0.339200223018920,0.731058079745496 
 04/04  15:00:00,0.769890877162367,1.02927299717683,0.000000000000000E+000,0.265874066117587,0.000000000000000E+000,7.320386377845806E-003,7.320386377845806E-003,7.320386377845806E-003,6.526438462805398E-002,1.421944655947315E-002,0.307919222350081,0.358055423557315,0.738736892080880 
 04/04  16:00:00,0.879280430806801,0.838641233754078,0.000000000000000E+000,0.000000000000000E+000,0.000000000000000E+000,0.000000000000000E+000,0.000000000000000E+000,0.000000000000000E+000,6.934340918976298E-002,1.510816208327000E-002,0.354200033750992,0.423516812093179,0.809470363993015 
 04/04  17:00:00,1.08408863829754,0.994481145468033,0.000000000000000E+000,0.000000000000000E+000,0.000000000000000E+000,0.000000000000000E+000,0.000000000000000E+000,0.000000000000000E+000,9.381757327859858E-002,2.044045886860401E-002,0.438213351102789,0.514505241357947,0.959043200719491 
 04/04  18:00:00,1.21123979023720,1.13447869757454,0.000000000000000E+000,0.000000000000000E+000,0.000000000000000E+000,0.000000000000000E+000,0.000000000000000E+000,0.000000000000000E+000,0.171318981436035,3.732604107180897E-002,0.396885327422791,0.558597402616962,1.09600378556320 
 04/04  19:00:00,1.32801084678150,1.15760144268969,0.000000000000000E+000,0.000000000000000E+000,0.000000000000000E+000,0.000000000000000E+000,0.000000000000000E+000,0.000000000000000E+000,0.338558963388235,7.376337208365046E-002,0.321994134489507,0.576582363130508,1.11788776771589 
 04/04  20:00:00,1.57491254920206,1.07824576690699,0.000000000000000E+000,0.000000000000000E+000,0.000000000000000E+000,0.000000000000000E+000,0.000000000000000E+000,0.000000000000000E+000,0.554747273518103,0.120865296666160,0.285783468298347,0.596404497029846,1.03716678866813 
 04/04  21:00:00,1.59941718313289,0.978633337372382,0.000000000000000E+000,0.000000000000000E+000,0.000000000000000E+000,0.000000000000000E+000,0.000000000000000E+000,0.000000000000000E+000,0.599616518619031,0.130641161964096,0.269566832227902,0.582480656632261,0.938513401427032 
 04/04  22:00:00,1.29544921974141,1.17578645543370,0.000000000000000E+000,0.362397598255749,0.000000000000000E+000,9.977996276109635E-003,9.977996276109635E-003,9.977996276109635E-003,0.448692701787994,9.775868940488895E-002,0.217845457523059,0.504062361059758,0.778670194149549 
 04/04  23:00:00,1.00573144293847,1.55596808510721,0.000000000000000E+000,0.920469123623710,0.000000000000000E+000,2.534353851128373E-002,2.534353851128373E-002,2.534353851128373E-002,0.310005799815561,6.754236523834896E-002,0.147706913176347,0.438020812507328,0.605329089333356 
 04/04  24:00:00,0.711676569182339,1.91057075810878,0.000000000000000E+000,1.46324945469370,0.000000000000000E+000,4.028806393923619E-002,4.028806393923619E-002,4.028806393923619E-002,0.159081899391618,3.465989267914196E-002,9.822476913727689E-002,0.362309930345465,0.422366223735923 
 04/05  01:00:00,0.609026307897456,2.36937441316019,0.000000000000000E+000,2.00781338033780,0.000000000000000E+000,5.528169758452852E-002,5.528169758452852E-002,5.528169758452852E-002,9.789657276243555E-002,2.132916892857149E-002,8.381484540687240E-002,0.333592009525450,0.338583977873604 
 04/05  02:00:00,0.565447708515135,2.79211162303701,0.000000000000000E+000,2.45448781820194,0.000000000000000E+000,6.758011208587503E-002,6.758011208587503E-002,6.758011208587503E-002,6.526438462805398E-002,1.421944655947315E-002,7.154747547045819E-002,0.329724276081677,0.314913150523374 
 04/05  03:00:00,0.563801634727222,3.17782987075733,0.000000000000000E+000,2.83463112037983,0.000000000000000E+000,7.804670588168254E-002,7.804670588168254E-002,7.804670588168254E-002,6.526438462805398E-002,1.421944655947315E-002,6.407608801926525E-002,0.325082995949147,0.320807776830291 
 04/05  04:00:00,0.568161244471551,3.49081086663743,0.000000000000000E+000,3.08220388372330,0.000000000000000E+000,8.486319727841601E-002,8.486319727841601E-002,8.486319727841601E-002,6.526438462805398E-002,1.421944655947315E-002,7.389926005084047E-002,0.312802942265167,0.387061831389687 
 04/05  05:00:00,0.625182209640257,3.90956825536682,0.000000000000000E+000,3.20911385555575,0.000000000000000E+000,8.835744567421193E-002,8.835744567421193E-002,8.835744567421193E-002,6.934340918976298E-002,1.510816208327000E-002,8.619823570287033E-002,0.349062943300542,0.676411742313950 
 04/05  06:00:00,0.784203950979903,4.38234255817999,0.000000000000000E+000,3.13725436524990,0.000000000000000E+000,8.637891786352567E-002,8.637891786352567E-002,8.637891786352567E-002,0.114212654290690,2.488402738120598E-002,0.138308432905419,0.403307904849463,1.21730926649781 
 04/05  07:00:00,1.02181096832997,4.62618050043755,0.000000000000000E+000,3.22835660140296,0.000000000000000E+000,8.888726167555856E-002,8.888726167555856E-002,8.888726167555856E-002,0.212109227053126,4.621319630977747E-002,0.213944392031827,0.428544865570085,1.36830670844531 
 04/05  08:00:00,0.946843275659540,4.39911134106859,0.000000000000000E+000,3.04365372053681,0.000000000000000E+000,8.380178465711409E-002,8.380178465711409E-002,8.380178465711409E-002,0.171318981436035,3.732604107180897E-002,0.274974524459516,0.362309930345465,1.33050254085262 
 04/05  09:00:00,0.841807727300468,4.16863723807051,0.000000000000000E+000,2.93475869163110,0.000000000000000E+000,8.080354681520324E-002,8.080354681520324E-002,8.080354681520324E-002,8.158048287489020E-002,1.777430683338409E-002,0.336182328282564,0.308355048804828,1.21263975564761 
 04/05  10:00:00,0.836877048712664,3.75435048105115,0.000000000000000E+000,2.66074180930761,0.000000000000000E+000,7.325896195985462E-002,7.325896195985462E-002,7.325896195985462E-002,6.526438462805398E-002,1.421944655947315E-002,0.351415192863779,0.315607049011904,1.07187037975721 
 04/05  11:00:00,0.828319248754030,2.76228346899176,0.000000000000000E+000,1.79508117552952,0.000000000000000E+000,4.942448120781388E-002,4.942448120781388E-002,4.942448120781388E-002,6.526438462805398E-002,1.421944655947315E-002,0.366595180321093,0.315703742347997,0.945457341459982 
 04/05  12:00:00,0.798150356224857,2.11350219953108,0.000000000000000E+000,1.24457663391917,0.000000000000000E+000,3.426728289135827E-002,3.426728289135827E-002,3.426728289135827E-002,6.526438462805398E-002,1.421944655947315E-002,0.356901619593564,0.310385608862808,0.847546914485653 
 04/05  13:00:00,0.758528398468736,1.40349590320255,0.000000000000000E+000,0.592560380716061,0.000000000000000E+000,1.631513371118539E-002,1.631513371118539E-002,1.631513371118539E-002,6.526438462805398E-002,1.421944655947315E-002,0.324498850711145,0.321118569169280,0.788817609592316 
 04/05  14:00:00,0.735226123495548,0.754334261470004,0.000000000000000E+000,0.000000000000000E+000,0.000000000000000E+000,0.000000000000000E+000,0.000000000000000E+000,0.000000000000000E+000,6.526438462805398E-002,1.421944655947315E-002,0.299430055599500,0.339200223018920,0.730970925597445 
 04/05  15:00:00,0.762570490784521,0.763182475224044,0.000000000000000E+000,0.000000000000000E+000,0.000000000000000E+000,0.000000000000000E+000,0.000000000000000E+000,0.000000000000000E+000,6.526438462805398E-002,1.421944655947315E-002,0.307919222350081,0.358055423557315,0.738520436245685 
 04/05  16:00:00,0.879280430806801,0.837634840873214,0.000000000000000E+000,0.000000000000000E+000,0.000000000000000E+000,0.000000000000000E+000,0.000000000000000E+000,0.000000000000000E+000,6.934340918976298E-002,1.510816208327000E-002,0.354200033750992,0.423516812093179,0.808463971112151 
 04/05  17:00:00,1.08408863829754,0.992641236404306,0.000000000000000E+000,0.000000000000000E+000,0.000000000000000E+000,0.000000000000000E+000,0.000000000000000E+000,0.000000000000000E+000,9.381757327859858E-002,2.044045886860401E-002,0.438213351102789,0.514505241357947,0.957203291655765 
 04/05  18:00:00,1.21123979023720,1.13197531928505,0.000000000000000E+000,0.000000000000000E+000,0.000000000000000E+000,0.000000000000000E+000,0.000000000000000E+000,0.000000000000000E+000,0.171318981436035,3.732604107180897E-002,0.396885327422791,0.558597402616962,1.09350040727371 
 04/05  19:00:00,1.32801084678150,1.15503566119631,0.000000000000000E+000,0.000000000000000E+000,0.000000000000000E+000,0.000000000000000E+000,0.000000000000000E+000,0.000000000000000E+000,0.338558963388235,7.376337208365046E-002,0.321994134489507,0.576582363130508,1.11532198622252 
 04/05  20:00:00,1.57491254920206,1.07610441155159,0.000000000000000E+000,0.000000000000000E+000,0.000000000000000E+000,0.000000000000000E+000,0.000000000000000E+000,0.000000000000000E+000,0.554747273518103,0.120865296666160,0.285783468298347,0.596404497029846,1.03502543331272 
 04/05  21:00:00,1.59941718313289,0.976851322942261,0.000000000000000E+000,0.000000000000000E+000,0.000000000000000E+000,0.000000000000000E+000,0.000000000000000E+000,0.000000000000000E+000,0.599616518619031,0.130641161964096,0.269566832227902,0.582480656632261,0.936731386996910 
 04/05  22:00:00,1.28547122346530,0.812113758846651,0.000000000000000E+000,0.000000000000000E+000,0.000000000000000E+000,0.000000000000000E+000,0.000000000000000E+000,0.000000000000000E+000,0.448692701787994,9.775868940488895E-002,0.217845457523059,0.504062361059758,0.777395095818246 
 04/05  23:00:00,0.995666855598383,1.18993663939655,0.000000000000000E+000,0.554926565924489,0.000000000000000E+000,1.527895117119763E-002,1.527895117119763E-002,1.527895117119763E-002,0.310005799815561,6.754236523834896E-002,0.147706913176347,0.438020812507328,0.604840201321918 
 04/05  24:00:00,0.711508917989957,1.90434879775857,0.000000000000000E+000,1.45716041759819,0.000000000000000E+000,4.012041274685396E-002,4.012041274685396E-002,4.012041274685396E-002,0.159081899391618,3.465989267914196E-002,9.822476913727689E-002,0.362309930345465,0.422233300481226 
 04/06  01:00:00,0.614319884262595,2.56180953979349,0.000000000000000E+000,2.20007436218466,0.000000000000000E+000,6.057527394966566E-002,6.057527394966566E-002,6.057527394966566E-002,9.789657276243555E-002,2.132916892857149E-002,8.381484540687240E-002,0.333592009525450,0.338758122660045 
 04/06  02:00:00,0.574445331764295,3.11910101801137,0.000000000000000E+000,2.78127858513303,0.000000000000000E+000,7.657773533503454E-002,7.657773533503454E-002,7.657773533503454E-002,6.526438462805398E-002,1.421944655947315E-002,7.154747547045819E-002,0.329724276081677,0.315111778566654 
 04/06  03:00:00,0.574196767306380,3.55558706769035,0.000000000000000E+000,3.21217897427671,0.000000000000000E+000,8.844183846083860E-002,8.844183846083860E-002,8.844183846083860E-002,6.526438462805398E-002,1.421944655947315E-002,6.407608801926525E-002,0.325082995949147,0.321017119866449 
 04/06  04:00:00,0.580044748223224,3.92200166708510,0.000000000000000E+000,3.51380889732515,0.000000000000000E+000,9.674670103008946E-002,9.674670103008946E-002,9.674670103008946E-002,6.526438462805398E-002,1.421944655947315E-002,7.389926005084047E-002,0.312802942265167,0.386647618235508 
 04/06  05:00:00,0.636808626646319,4.33067844093084,0.000000000000000E+000,3.63138156168879,0.000000000000000E+000,9.998386268027448E-002,9.998386268027448E-002,9.998386268027448E-002,6.934340918976298E-002,1.510816208327000E-002,8.619823570287033E-002,0.349062943300542,0.675254221744920 
 04/06  06:00:00,0.795689272681865,4.79698682772478,0.000000000000000E+000,3.55439753556264,0.000000000000000E+000,9.786423956548568E-002,9.786423956548568E-002,9.786423956548568E-002,0.114212654290690,2.488402738120598E-002,0.138308432905419,0.403307904849463,1.21481036572987 
 04/06  07:00:00,1.03783533608235,5.20532112914929,0.000000000000000E+000,3.81035645651756,0.000000000000000E+000,0.104911629427940,0.104911629427940,0.104911629427940,0.212109227053126,4.621319630977747E-002,0.213944392031827,0.428544865570085,1.36544748204246 
 04/06  08:00:00,0.967098591915799,5.13231116359681,0.000000000000000E+000,3.77932025718945,0.000000000000000E+000,0.104057100913372,0.104057100913372,0.104057100913372,0.171318981436035,3.732604107180897E-002,0.274974524459516,0.362309930345465,1.32803582672819 
 04/06  09:00:00,0.871726604284762,5.25288056890615,0.000000000000000E+000,4.02140262910950,0.000000000000000E+000,0.110722423799495,0.110722423799495,0.110722423799495,8.158048287489020E-002,1.777430683338409E-002,0.336182328282564,0.308355048804828,1.21023914900487 
 04/06  10:00:00,0.881560330627800,5.37484992020716,0.000000000000000E+000,4.28362415964492,0.000000000000000E+000,0.117942243874990,0.117942243874990,0.117942243874990,6.526438462805398E-002,1.421944655947315E-002,0.351415192863779,0.315607049011904,1.06948746857593 
 04/06  11:00:00,0.868788386203020,4.22949045060168,0.000000000000000E+000,3.26490716154536,0.000000000000000E+000,8.989361865680211E-002,8.989361865680211E-002,8.989361865680211E-002,6.526438462805398E-002,1.421944655947315E-002,0.366595180321093,0.315703742347997,0.942838337054080 
 04/06  12:00:00,0.836634665752628,3.50878564579283,0.000000000000000E+000,2.64231431165186,0.000000000000000E+000,7.275159241912904E-002,7.275159241912904E-002,7.275159241912904E-002,6.526438462805398E-002,1.421944655947315E-002,0.356901619593564,0.310385608862808,0.845092683014717 
 04/06  13:00:00,0.798243775549485,2.84385242596879,0.000000000000000E+000,2.03501003389398,0.000000000000000E+000,5.603051079193444E-002,5.603051079193444E-002,5.603051079193444E-002,6.526438462805398E-002,1.421944655947315E-002,0.324498850711145,0.321118569169280,0.786724479180638 
 04/06  14:00:00,0.777200472435797,2.27693978119791,0.000000000000000E+000,1.52449478065214,0.000000000000000E+000,4.197434894025090E-002,4.197434894025090E-002,4.197434894025090E-002,6.526438462805398E-002,1.421944655947315E-002,0.299430055599500,0.339200223018920,0.729081664673212 
 04/06  15:00:00,0.790763465855833,1.78526683942864,0.000000000000000E+000,1.02395973808795,0.000000000000000E+000,2.819297507131229E-002,2.819297507131229E-002,2.819297507131229E-002,6.526438462805398E-002,1.421944655947315E-002,0.307919222350081,0.358055423557315,0.736645062362334 
 04/06  16:00:00,0.900415629866697,1.60337178826448,0.000000000000000E+000,0.767623595561163,0.000000000000000E+000,2.113519905989525E-002,2.113519905989525E-002,2.113519905989525E-002,6.934340918976298E-002,1.510816208327000E-002,0.354200033750992,0.423516812093179,0.806577322942253 
 04/06  17:00:00,1.10650589252317,1.80544051500020,0.000000000000000E+000,0.814187424614269,0.000000000000000E+000,2.241725422562898E-002,2.241725422562898E-002,2.241725422562898E-002,9.381757327859858E-002,2.044045886860401E-002,0.438213351102789,0.514505241357947,0.955815145637388 
 04/06  18:00:00,1.22861057750623,1.76148991745514,0.000000000000000E+000,0.630901376580172,0.000000000000000E+000,1.737078726903389E-002,1.737078726903389E-002,1.737078726903389E-002,0.171318981436035,3.732604107180897E-002,0.396885327422791,0.558597402616962,1.09211362886363 
 04/06  19:00:00,1.35489069121856,2.13018938134603,0.000000000000000E+000,0.976267258066745,0.000000000000000E+000,2.687984443705743E-002,2.687984443705743E-002,2.687984443705743E-002,0.338558963388235,7.376337208365046E-002,0.321994134489507,0.576582363130508,1.11420844830549 
 04/06  20:00:00,1.61441051464705,2.50941393018297,0.000000000000000E+000,1.43455333286978,0.000000000000000E+000,3.949796544499651E-002,3.949796544499651E-002,3.949796544499651E-002,0.554747273518103,0.120865296666160,0.285783468298347,0.596404497029846,1.03378161907433 
 04/06  21:00:00,1.65700675512749,3.06683280211845,0.000000000000000E+000,2.09163463263547,0.000000000000000E+000,5.758957199459768E-002,5.758957199459768E-002,5.758957199459768E-002,0.599616518619031,0.130641161964096,0.269566832227902,0.582480656632261,0.935078233537613 
 04/06  22:00:00,1.36706942312909,3.77386813944015,0.000000000000000E+000,2.96362022613220,0.000000000000000E+000,8.159819966378945E-002,8.159819966378945E-002,8.159819966378945E-002,0.448692701787994,9.775868940488895E-002,0.217845457523059,0.504062361059758,0.775529250279534 
 04/06  23:00:00,1.08965319246633,4.60102566879056,0.000000000000000E+000,3.96847992947396,0.000000000000000E+000,0.109265288039140,0.109265288039140,0.109265288039140,0.310005799815561,6.754236523834896E-002,0.147706913176347,0.438020812507328,0.602375867166461 
 04/06  24:00:00,0.810043365713324,5.48037216812331,0.000000000000000E+000,5.03589969673603,0.000000000000000E+000,0.138654860470220,0.138654860470220,0.138654860470220,0.159081899391618,3.465989267914196E-002,9.822476913727689E-002,0.362309930345465,0.419517391708134 
 04/07  01:00:00,0.714624112397060,6.20166662178294,0.000000000000000E+000,5.84309149357612,0.000000000000000E+000,0.160879502084133,0.160879502084133,0.160879502084133,9.789657276243555E-002,2.132916892857149E-002,8.381484540687240E-002,0.333592009525450,0.335598073258027 
 04/07  02:00:00,0.676680595851560,6.82926650779345,0.000000000000000E+000,6.49443031790885,0.000000000000000E+000,0.178812999422300,0.178812999422300,0.178812999422300,6.526438462805398E-002,1.421944655947315E-002,7.154747547045819E-002,0.329724276081677,0.312125535572920 
 04/07  03:00:00,0.679783809140337,7.38708588826990,0.000000000000000E+000,7.04706619097897,0.000000000000000E+000,0.194028880294796,0.194028880294796,0.194028880294796,6.526438462805398E-002,1.421944655947315E-002,6.407608801926525E-002,0.325082995949147,0.317628723743742 
 04/07  04:00:00,0.690035966638523,7.91365155423687,0.000000000000000E+000,7.50865438332381,0.000000000000000E+000,0.206737919445389,0.206737919445389,0.206737919445389,6.526438462805398E-002,1.421944655947315E-002,7.389926005084047E-002,0.312802942265167,0.383452019388617 
 04/07  05:00:00,0.752523239686771,8.52926702486799,0.000000000000000E+000,7.83409888975165,0.000000000000000E+000,0.215698475720725,0.215698475720725,0.215698475720725,6.934340918976298E-002,1.510816208327000E-002,8.619823570287033E-002,0.349062943300542,0.671125477619214 
 04/07  06:00:00,0.934665612884331,9.83942345527583,0.000000000000000E+000,8.60197327221989,0.000000000000000E+000,0.236840579767952,0.236840579767952,0.236840579767952,0.114212654290690,2.488402738120598E-002,0.138308432905419,0.403307904849463,1.20967125662364 
 04/07  07:00:00,1.16630267906357,9.86579346989713,0.000000000000000E+000,8.47624881229649,0.000000000000000E+000,0.233378972409157,0.233378972409157,0.233378972409157,0.212109227053126,4.621319630977747E-002,0.213944392031827,0.428544865570085,1.36002746701136 
 04/07  08:00:00,1.07443823428982,9.02418365081581,0.000000000000000E+000,7.67786135878440,0.000000000000000E+000,0.211396743287389,0.211396743287389,0.211396743287389,0.171318981436035,3.732604107180897E-002,0.274974524459516,0.362309930345465,1.32136721235227 
 04/07  09:00:00,0.960354183890210,8.46592536218109,0.000000000000000E+000,7.24032766169711,0.000000000000000E+000,0.199350003404945,0.199350003404945,0.199350003404945,8.158048287489020E-002,1.777430683338409E-002,0.336182328282564,0.308355048804828,1.20435890969220 
 04/07  10:00:00,0.965035524510146,8.40154332478209,0.000000000000000E+000,7.31541620884887,0.000000000000000E+000,0.201417437757338,0.201417437757338,0.201417437757338,6.526438462805398E-002,1.421944655947315E-002,0.351415192863779,0.315607049011904,1.06438882394692 
 04/07  11:00:00,0.930850179599781,6.47878676233537,0.000000000000000E+000,5.51897142936653,0.000000000000000E+000,0.151955412053565,0.151955412053565,0.151955412053565,6.526438462805398E-002,1.421944655947315E-002,0.366595180321093,0.315703742347997,0.938070380966613 
 04/07  12:00:00,0.890041088998110,5.44453271182677,0.000000000000000E+000,4.58201833438562,0.000000000000000E+000,0.126158015664610,0.126158015664610,0.126158015664610,6.526438462805398E-002,1.421944655947315E-002,0.356901619593564,0.310385608862808,0.841135726314890 
 04/07  13:00:00,0.845022963550411,4.53943103901204,0.000000000000000E+000,3.73401501553340,0.000000000000000E+000,0.102809698792861,0.102809698792861,0.102809698792861,6.526438462805398E-002,1.421944655947315E-002,0.324498850711145,0.321118569169280,0.783298110584471 
 04/07  14:00:00,0.815822838613051,3.67659938103151,0.000000000000000E+000,2.92724663125196,0.000000000000000E+000,8.059671511750523E-002,8.059671511750523E-002,8.059671511750523E-002,6.526438462805398E-002,1.421944655947315E-002,0.299430055599500,0.339200223018920,0.725989413906989 
 04/07  15:00:00,0.823249452883521,2.96226593974852,0.000000000000000E+000,2.20384028223978,0.000000000000000E+000,6.067896209899917E-002,6.067896209899917E-002,6.067896209899917E-002,6.526438462805398E-002,1.421944655947315E-002,0.307919222350081,0.358055423557315,0.733763618530397 
 04/07  16:00:00,0.930802859994909,2.70415178518633,0.000000000000000E+000,1.87127796777967,0.000000000000000E+000,5.152242918810621E-002,5.152242918810621E-002,5.152242918810621E-002,6.934340918976298E-002,1.510816208327000E-002,0.354200033750992,0.423516812093179,0.803702947645596 
 04/07  17:00:00,1.13811526071401,2.95070919520277,0.000000000000000E+000,1.96222945607586,0.000000000000000E+000,5.402662241646641E-002,5.402662241646641E-002,5.402662241646641E-002,9.381757327859858E-002,2.044045886860401E-002,0.438213351102789,0.514505241357947,0.953041794378384 
 04/07  18:00:00,1.25607143885649,2.75563830601827,0.000000000000000E+000,1.62827098105642,0.000000000000000E+000,4.483164861929576E-002,4.483164861929576E-002,4.483164861929576E-002,0.171318981436035,3.732604107180897E-002,0.396885327422791,0.558597402616962,1.08889241295051 
 04/07  19:00:00,1.37719096924989,2.93688744098552,0.000000000000000E+000,1.78620614512984,0.000000000000000E+000,4.918012246839427E-002,4.918012246839427E-002,4.918012246839427E-002,0.338558963388235,7.376337208365046E-002,0.321994134489507,0.576582363130508,1.11096762088188 
 04/07  20:00:00,1.63152845972072,3.12801948643436,0.000000000000000E+000,2.05627156267346,0.000000000000000E+000,5.661591051866329E-002,5.661591051866329E-002,5.661591051866329E-002,0.554747273518103,0.120865296666160,0.285783468298347,0.596404497029846,1.03066894552204 
 04/07  21:00:00,1.66794805080683,3.46136253990807,0.000000000000000E+000,2.48901895372326,0.000000000000000E+000,6.853086767393639E-002,6.853086767393639E-002,6.853086767393639E-002,0.599616518619031,0.130641161964096,0.269566832227902,0.582480656632261,0.932223650239446 
 04/07  22:00:00,1.36937914670234,3.85520924871143,0.000000000000000E+000,3.04750863943854,0.000000000000000E+000,8.390792323703627E-002,8.390792323703627E-002,8.390792323703627E-002,0.448692701787994,9.775868940488895E-002,0.217845457523059,0.504062361059758,0.772981946244482 
 04/07  23:00:00,1.08092092387369,4.28209900271602,0.000000000000000E+000,3.65132675786235,0.000000000000000E+000,0.100533019446500,0.100533019446500,0.100533019446500,0.310005799815561,6.754236523834896E-002,0.147706913176347,0.438020812507328,0.600602372703522 
 04/07  24:00:00,0.789025477377163,4.71606513695576,0.000000000000000E+000,4.27253678872728,0.000000000000000E+000,0.117636972134061,0.117636972134061,0.117636972134061,0.159081899391618,3.465989267914196E-002,9.822476913727689E-002,0.362309930345465,0.418573268549333 
 04/08  01:00:00,0.685382578213179,5.00469204386782,0.000000000000000E+000,4.63769367479517,0.000000000000000E+000,0.127690940667291,0.127690940667291,0.127690940667291,9.789657276243555E-002,2.132916892857149E-002,8.776187263983333E-002,0.333592009525450,0.344021314123887 
 04/08  02:00:00,0.634813724044837,5.21982389777094,0.000000000000000E+000,4.87899966081613,0.000000000000000E+000,0.134334887099356,0.134334887099356,0.134334887099356,6.526438462805398E-002,1.421944655947315E-002,7.415871598667921E-002,0.329724276081677,0.318113582643121 
 04/08  03:00:00,0.628466296576513,5.48072971596777,0.000000000000000E+000,5.13363965105046,0.000000000000000E+000,0.141345962466676,0.141345962466676,0.141345962466676,6.526438462805398E-002,1.421944655947315E-002,6.544149328356358E-002,0.325082995949147,0.324699091370112 
 04/08  04:00:00,0.624134627378561,5.43676938849203,0.000000000000000E+000,5.01812346549020,0.000000000000000E+000,0.138165422433026,0.138165422433026,0.138165422433026,6.526438462805398E-002,1.421944655947315E-002,7.657041780324052E-002,0.312802942265167,0.397100771477410 
 04/08  05:00:00,0.673457223896526,5.54780160417493,0.000000000000000E+000,4.81365609353665,0.000000000000000E+000,0.132535764052954,0.132535764052954,0.132535764052954,6.934340918976298E-002,1.510816208327000E-002,9.029493158039664E-002,0.349062943300542,0.710102853141131 
 04/08  06:00:00,0.836040824815775,5.96016220811920,0.000000000000000E+000,4.63403738435930,0.000000000000000E+000,0.127590270981484,0.127590270981484,0.127590270981484,0.114212654290690,2.488402738120598E-002,0.148933953623333,0.403307904849463,1.29834589732764 
 04/08  07:00:00,1.07010166564609,5.71160989688843,0.000000000000000E+000,4.21368467558363,0.000000000000000E+000,0.116016580143014,0.116016580143014,0.116016580143014,0.212109227053126,4.621319630977747E-002,0.235105770880487,0.428544865570085,1.46840803071551 
 04/08  08:00:00,1.01027756620373,5.63095776313752,0.000000000000000E+000,4.16945341899715,0.000000000000000E+000,0.114798748359272,0.114798748359272,0.114798748359272,0.171318981436035,3.732604107180897E-002,0.307411851301548,0.362309930345465,1.43654926446122 
 04/08  09:00:00,0.918725434032568,5.42519721988097,0.000000000000000E+000,4.09287013735818,0.000000000000000E+000,0.112690159056573,0.112690159056573,0.112690159056573,8.158048287489020E-002,1.777430683338409E-002,0.381213422773294,0.308355048804828,1.31108829173099 
 04/08  10:00:00,0.921415237924142,5.06006016236925,0.000000000000000E+000,3.88187904224953,0.000000000000000E+000,0.106880881149050,0.106880881149050,0.106880881149050,6.526438462805398E-002,1.421944655947315E-002,0.402331462886063,0.315607049011904,1.15644282813340 
 04/08  11:00:00,0.914922999877003,4.07117795582743,0.000000000000000E+000,3.03412511403559,0.000000000000000E+000,8.353943082076647E-002,8.353943082076647E-002,8.353943082076647E-002,6.526438462805398E-002,1.421944655947315E-002,0.419083981831112,0.315703742347997,1.01530788978958 
 04/08  12:00:00,0.878206851405672,3.34504015170759,0.000000000000000E+000,2.41573914140041,0.000000000000000E+000,6.651323373267748E-002,6.651323373267748E-002,6.651323373267748E-002,6.526438462805398E-002,1.421944655947315E-002,0.404712163933058,0.310385608862808,0.907922359180937 
 04/08  13:00:00,0.831457538562157,2.52120395322823,0.000000000000000E+000,1.65821865372881,0.000000000000000E+000,4.565620641946175E-002,4.565620641946175E-002,4.565620641946175E-002,6.526438462805398E-002,1.421944655947315E-002,0.368086918096288,0.321118569169280,0.840867386605243 
 04/08  14:00:00,0.800865139010343,1.76433761134843,0.000000000000000E+000,0.962958551863906,0.000000000000000E+000,2.651341203913064E-002,2.651341203913064E-002,2.651341203913064E-002,6.526438462805398E-002,1.421944655947315E-002,0.338555659075166,0.339200223018920,0.778015723611964 
 04/08  15:00:00,0.800240468337857,0.832103526464341,0.000000000000000E+000,2.219041628308757E-002,0.000000000000000E+000,6.109750508934525E-004,6.109750508934525E-004,6.109750508934525E-004,6.526438462805398E-002,1.421944655947315E-002,0.344978224852520,0.358055423557315,0.785251071202896 
 04/08  16:00:00,0.915198378788859,0.896487006426695,0.000000000000000E+000,0.000000000000000E+000,0.000000000000000E+000,0.000000000000000E+000,0.000000000000000E+000,0.000000000000000E+000,6.934340918976298E-002,1.510816208327000E-002,0.390117981733050,0.423516812093179,0.867316136665632 
 04/08  17:00:00,1.11944059679426,1.06304438472586,0.000000000000000E+000,0.000000000000000E+000,0.000000000000000E+000,0.000000000000000E+000,0.000000000000000E+000,0.000000000000000E+000,9.381757327859858E-002,2.044045886860401E-002,0.473565309599511,0.514505241357947,1.02760643997732 
 04/08  18:00:00,1.24555013322500,1.22371635834656,0.000000000000000E+000,0.000000000000000E+000,0.000000000000000E+000,0.000000000000000E+000,0.000000000000000E+000,0.000000000000000E+000,0.171318981436035,3.732604107180897E-002,0.431195670410591,0.558597402616962,1.18524144633522 
 04/08  19:00:00,1.36225562837085,1.25791501974174,0.000000000000000E+000,0.000000000000000E+000,0.000000000000000E+000,0.000000000000000E+000,0.000000000000000E+000,0.000000000000000E+000,0.338558963388235,7.376337208365046E-002,0.356238916078855,0.576582363130508,1.21820134476795 
 04/08  20:00:00,1.60976794741393,1.17403442503376,0.000000000000000E+000,0.000000000000000E+000,0.000000000000000E+000,0.000000000000000E+000,0.000000000000000E+000,0.000000000000000E+000,0.554747273518103,0.120865296666160,0.320638866510224,0.596404497029846,1.13295544679490 
 04/08  21:00:00,1.63502406908668,1.05864265946077,0.000000000000000E+000,0.000000000000000E+000,0.000000000000000E+000,0.000000000000000E+000,0.000000000000000E+000,0.000000000000000E+000,0.599616518619031,0.130641161964096,0.305173718181688,0.582480656632261,1.01852272351542 
 04/08  22:00:00,1.31376445802414,0.876139724372652,0.000000000000000E+000,0.000000000000000E+000,0.000000000000000E+000,0.000000000000000E+000,0.000000000000000E+000,0.000000000000000E+000,0.448692701787994,9.775868940488895E-002,0.246138692081900,0.504062361059758,0.841421061344247 
 04/08  23:00:00,0.996145534692840,0.682317429592690,0.000000000000000E+000,8.091025237124178E-003,0.000000000000000E+000,2.227725020102379E-004,2.227725020102379E-004,2.227725020102379E-004,0.310005799815561,6.754236523834896E-002,0.163241770939991,0.438020812507328,0.644056532205425 
 04/08  24:00:00,0.692956757046296,1.00610390198869,0.000000000000000E+000,0.544597696484089,0.000000000000000E+000,1.499456346744690E-002,1.499456346744690E-002,1.499456346744690E-002,0.159081899391618,3.465989267914196E-002,0.104798457473024,0.362309930345465,0.436551125825446 
 04/09  01:00:00,0.592338510910371,1.62787042389348,0.000000000000000E+000,1.25836323715836,0.000000000000000E+000,3.464687336448235E-002,3.464687336448235E-002,3.464687336448235E-002,9.789657276243555E-002,2.132916892857149E-002,8.776187263983333E-002,0.333592009525450,0.346530131786336 
 04/09  02:00:00,0.554097340481682,2.29117242992814,0.000000000000000E+000,1.94740671031425,0.000000000000000E+000,5.361850353620073E-002,5.361850353620073E-002,5.361850353620073E-002,6.526438462805398E-002,1.421944655947315E-002,7.415871598667921E-002,0.329724276081677,0.321055065302197 
 04/09  03:00:00,0.559113271003609,2.96438553860314,0.000000000000000E+000,2.61476018829024,0.000000000000000E+000,7.199293689376954E-002,7.199293689376954E-002,7.199293689376954E-002,6.526438462805398E-002,1.421944655947315E-002,6.544149328356358E-002,0.325082995949147,0.327234376765717 
 04/09  04:00:00,0.569119985216352,3.44116560677367,0.000000000000000E+000,3.02000945173582,0.000000000000000E+000,8.315078027081793E-002,8.315078027081793E-002,8.315078027081793E-002,6.526438462805398E-002,1.421944655947315E-002,7.657041780324052E-002,0.312802942265167,0.399611003513419 
 04/09  05:00:00,0.630498360212060,3.98910083716970,0.000000000000000E+000,3.25340405572805,0.000000000000000E+000,8.957690036848823E-002,8.957690036848823E-002,8.957690036848823E-002,6.934340918976298E-002,1.510816208327000E-002,9.029493158039664E-002,0.349062943300542,0.711654123944505 
 04/09  06:00:00,0.805104646959349,4.83651063039994,0.000000000000000E+000,3.51044540816022,0.000000000000000E+000,9.665409312505875E-002,9.665409312505875E-002,9.665409312505875E-002,0.114212654290690,2.488402738120598E-002,0.148933953623333,0.403307904849463,1.29828629580744 
 04/09  07:00:00,1.05021462698399,4.98843767608486,0.000000000000000E+000,3.49139386206438,0.000000000000000E+000,9.612954148091638E-002,9.612954148091638E-002,9.612954148091638E-002,0.212109227053126,4.621319630977747E-002,0.235105770880487,0.428544865570085,1.46752662343123 
 04/09  08:00:00,0.989420654773207,4.87199134471507,0.000000000000000E+000,3.41193714014742,0.000000000000000E+000,9.394183692874691E-002,9.394183692874691E-002,9.394183692874691E-002,0.171318981436035,3.732604107180897E-002,0.307411851301548,0.362309930345465,1.43509912488850 
 04/09  09:00:00,0.899996702817844,4.74341444546591,0.000000000000000E+000,3.41264867577637,0.000000000000000E+000,9.396142784184937E-002,9.396142784184937E-002,9.396142784184937E-002,8.158048287489020E-002,1.777430683338409E-002,0.381213422773294,0.308355048804828,1.30952697889776 
 04/09  10:00:00,0.905254977859303,4.47183994032531,0.000000000000000E+000,3.29494362228873,0.000000000000000E+000,9.072062108421186E-002,9.072062108421186E-002,9.072062108421186E-002,6.526438462805398E-002,1.421944655947315E-002,0.402331462886063,0.315607049011904,1.15515802605025 
 04/09  11:00:00,0.905258860121164,3.71918392159328,0.000000000000000E+000,2.68312668310721,0.000000000000000E+000,7.387529106492779E-002,7.387529106492779E-002,7.387529106492779E-002,6.526438462805398E-002,1.421944655947315E-002,0.419083981831112,0.315703742347997,1.01431228648382 
 04/09  12:00:00,0.865167978069040,2.87054134788444,0.000000000000000E+000,1.94217147807399,0.000000000000000E+000,5.347436039604381E-002,5.347436039604381E-002,5.347436039604381E-002,6.526438462805398E-002,1.421944655947315E-002,0.404712163933058,0.310385608862808,0.906991218684181 
 04/09  13:00:00,0.825668360075132,2.31057629650713,0.000000000000000E+000,1.44795756307323,0.000000000000000E+000,3.986702793243544E-002,3.986702793243544E-002,3.986702793243544E-002,6.526438462805398E-002,1.421944655947315E-002,0.368086918096288,0.321118569169280,0.840500820539727 
 04/09  14:00:00,0.805412071875675,1.92942132604215,0.000000000000000E+000,1.12810168323307,0.000000000000000E+000,3.106034490446326E-002,3.106034490446326E-002,3.106034490446326E-002,6.526438462805398E-002,1.421944655947315E-002,0.338555659075166,0.339200223018920,0.777956306936517 
 04/09  15:00:00,0.821795509098387,1.61458566920890,0.000000000000000E+000,0.805062526650912,0.000000000000000E+000,2.216601581142185E-002,2.216601581142185E-002,2.216601581142185E-002,6.526438462805398E-002,1.421944655947315E-002,0.344978224852520,0.358055423557315,0.784861103579633 
 04/09  16:00:00,0.933219744835904,1.54969390044598,0.000000000000000E+000,0.654530187425834,0.000000000000000E+000,1.802136604704369E-002,1.802136604704369E-002,1.802136604704369E-002,6.934340918976298E-002,1.510816208327000E-002,0.390117981733050,0.423516812093179,0.865992843259084 
 04/09  17:00:00,1.14206947146445,1.88386168900655,0.000000000000000E+000,0.821873410731097,0.000000000000000E+000,2.262887467019334E-002,2.262887467019334E-002,2.262887467019334E-002,9.381757327859858E-002,2.044045886860401E-002,0.473565309599511,0.514505241357947,1.02655033352691 
 04/09  18:00:00,1.26283073972329,1.84989800461498,0.000000000000000E+000,0.627626040147772,0.000000000000000E+000,1.728060649829255E-002,1.728060649829255E-002,1.728060649829255E-002,0.171318981436035,3.732604107180897E-002,0.431195670410591,0.558597402616962,1.18379705245588 
 04/09  19:00:00,1.39111805731549,2.30516013495029,0.000000000000000E+000,1.04827408629205,0.000000000000000E+000,2.886242894463885E-002,2.886242894463885E-002,2.886242894463885E-002,0.338558963388235,7.376337208365046E-002,0.356238916078855,0.576582363130508,1.21717237368446 
 04/09  20:00:00,1.65487559148649,2.81146849807453,0.000000000000000E+000,1.63829504667291,0.000000000000000E+000,4.510764407256056E-002,4.510764407256056E-002,4.510764407256056E-002,0.554747273518103,0.120865296666160,0.320638866510224,0.596404497029846,1.13209447316275 
 04/09  21:00:00,1.70276888885955,3.51803101784773,0.000000000000000E+000,2.46046994813392,0.000000000000000E+000,6.774481977287913E-002,6.774481977287913E-002,6.774481977287913E-002,0.599616518619031,0.130641161964096,0.305173718181688,0.582480656632261,1.01744113376847 
 04/09  22:00:00,1.40412506188933,4.15650172050327,0.000000000000000E+000,3.28186791330926,0.000000000000000E+000,9.036060386518886E-002,9.036060386518886E-002,9.036060386518886E-002,0.448692701787994,9.775868940488895E-002,0.246138692081900,0.504062361059758,0.839915144165600 
 04/09  23:00:00,1.10978385584746,4.80742835892239,0.000000000000000E+000,4.13539810339803,0.000000000000000E+000,0.113861093656632,0.113861093656632,0.113861093656632,0.310005799815561,6.754236523834896E-002,0.163241770939991,0.438020812507328,0.641860383374218 
 04/09  24:00:00,0.815598149645603,5.45754509601136,0.000000000000000E+000,4.99889341827587,0.000000000000000E+000,0.137635956066755,0.137635956066755,0.137635956066755,0.159081899391618,3.465989267914196E-002,0.104798457473024,0.362309930345465,0.433696598056326 
 04/10  01:00:00,0.712702926589182,6.13094131103671,0.000000000000000E+000,5.77331464627011,0.000000000000000E+000,0.158958316276255,0.158958316276255,0.158958316276255,9.789657276243555E-002,2.132916892857149E-002,8.381484540687240E-002,0.333592009525450,0.334649609817810 
 04/10  02:00:00,0.675224179155625,6.77568502807519,0.000000000000000E+000,6.44153373446048,0.000000000000000E+000,0.177356582726364,0.177356582726364,0.177356582726364,6.526438462805398E-002,1.421944655947315E-002,7.154747547045819E-002,0.329724276081677,0.311440639303020 
 04/10  03:00:00,0.679203567133327,7.36540421759233,0.000000000000000E+000,7.02599198891187,0.000000000000000E+000,0.193448638287787,0.193448638287787,0.193448638287787,6.526438462805398E-002,1.421944655947315E-002,6.407608801926525E-002,0.325082995949147,0.317021255133279 
 04/10  04:00:00,0.686486381900183,7.78356901875101,0.000000000000000E+000,7.37973461342369,0.000000000000000E+000,0.203188334707047,0.203188334707047,0.203188334707047,6.526438462805398E-002,1.421944655947315E-002,7.389926005084047E-002,0.312802942265167,0.382289253802878 
 04/10  05:00:00,0.744954924104390,8.25147590456366,0.000000000000000E+000,7.55922011509595,0.000000000000000E+000,0.208130160138345,0.208130160138345,0.208130160138345,6.934340918976298E-002,1.510816208327000E-002,8.619823570287033E-002,0.349062943300542,0.668213131970586 
 04/10  06:00:00,0.921404486552847,9.35118090530990,0.000000000000000E+000,8.12033345198845,0.000000000000000E+000,0.223579453436469,0.223579453436469,0.223579453436469,0.114212654290690,2.488402738120598E-002,0.138308432905419,0.403307904849463,1.20306852688919 
 04/10  07:00:00,1.13271796425872,8.63750427937842,0.000000000000000E+000,7.25646283056365,0.000000000000000E+000,0.199794257604310,0.199794257604310,0.199794257604310,0.212109227053126,4.621319630977747E-002,0.213944392031827,0.428544865570085,1.35152425822549 
 04/10  08:00:00,1.05087703448986,8.16139267955000,0.000000000000000E+000,6.82212620081765,0.000000000000000E+000,0.187835543487432,0.187835543487432,0.187835543487432,0.171318981436035,3.732604107180897E-002,0.274974524459516,0.362309930345465,1.31431139905319 
 04/10  09:00:00,0.936916778982201,7.60816834417544,0.000000000000000E+000,6.38908869417550,0.000000000000000E+000,0.175912598496936,0.175912598496936,0.175912598496936,8.158048287489020E-002,1.777430683338409E-002,0.336182328282564,0.308355048804828,1.19784085920813 
 04/10  10:00:00,0.941956166700803,7.55779624250230,0.000000000000000E+000,6.47718139617242,0.000000000000000E+000,0.178338079947995,0.178338079947995,0.178338079947995,6.526438462805398E-002,1.421944655947315E-002,0.351415192863779,0.315607049011904,1.05887655434356 
 04/10  11:00:00,0.916322626461415,5.94669796221312,0.000000000000000E+000,4.99133539702176,0.000000000000000E+000,0.137427858915198,0.137427858915198,0.137427858915198,6.526438462805398E-002,1.421944655947315E-002,0.366595180321093,0.315703742347997,0.933617613189101 
 04/10  12:00:00,0.875222299997499,4.90243658626319,0.000000000000000E+000,4.04380470969849,0.000000000000000E+000,0.111339226664000,0.111339226664000,0.111339226664000,6.526438462805398E-002,1.421944655947315E-002,0.356901619593564,0.310385608862808,0.837253225438447 
 04/10  13:00:00,0.832450933230897,4.07948109164018,0.000000000000000E+000,3.27740293963003,0.000000000000000E+000,9.023766847334674E-002,9.023766847334674E-002,9.023766847334674E-002,6.526438462805398E-002,1.421944655947315E-002,0.324498850711145,0.321118569169280,0.779960239115959 
 04/10  14:00:00,0.807387678004384,3.36736855890233,0.000000000000000E+000,2.62088432554521,0.000000000000000E+000,7.216155450883825E-002,7.216155450883825E-002,7.216155450883825E-002,6.526438462805398E-002,1.421944655947315E-002,0.299430055599500,0.339200223018920,0.723120897484575 
 04/10  15:00:00,0.819568777054589,2.82562922195837,0.000000000000000E+000,2.07015932631912,0.000000000000000E+000,5.699828627006670E-002,5.699828627006670E-002,5.699828627006670E-002,6.526438462805398E-002,1.421944655947315E-002,0.307919222350081,0.358055423557315,0.730807856660887 
 04/10  16:00:00,0.925613509924588,2.51216902635122,0.000000000000000E+000,1.68280245125786,0.000000000000000E+000,4.633307911778558E-002,4.633307911778558E-002,4.633307911778558E-002,6.934340918976298E-002,1.510816208327000E-002,0.354200033750992,0.423516812093179,0.800195705332302 
 04/10  17:00:00,1.13569289554783,2.85809833161217,0.000000000000000E+000,1.87424993653847,0.000000000000000E+000,5.160425725029750E-002,5.160425725029750E-002,5.160425725029750E-002,9.381757327859858E-002,2.044045886860401E-002,0.438213351102789,0.514505241357947,0.948410450325139 
 04/10  18:00:00,1.25062540810736,2.55222873085188,0.000000000000000E+000,1.43047290528074,0.000000000000000E+000,3.938561787016631E-002,3.938561787016631E-002,3.938561787016631E-002,0.171318981436035,3.732604107180897E-002,0.396885327422791,0.558597402616962,1.08328091355981 
 04/10  19:00:00,1.37528740900028,2.86215009831522,0.000000000000000E+000,1.71706945240076,0.000000000000000E+000,4.727656221878591E-002,4.727656221878591E-002,4.727656221878591E-002,0.338558963388235,7.376337208365046E-002,0.321994134489507,0.576582363130508,1.10536697094067 
 04/10  20:00:00,1.63680886376254,3.31508012083167,0.000000000000000E+000,2.24805412999690,0.000000000000000E+000,6.189631456048481E-002,6.189631456048481E-002,6.189631456048481E-002,0.554747273518103,0.120865296666160,0.285783468298347,0.596404497029846,1.02594701259592 
 04/10  21:00:00,1.68280233923824,3.99671878902322,0.000000000000000E+000,3.02852190625800,0.000000000000000E+000,8.338515610534845E-002,8.338515610534845E-002,8.338515610534845E-002,0.599616518619031,0.130641161964096,0.269566832227902,0.582480656632261,0.928076946819844 
 04/10  22:00:00,1.38899733355536,4.56427229288261,0.000000000000000E+000,3.76003484218850,0.000000000000000E+000,0.103526110090064,0.103526110090064,0.103526110090064,0.448692701787994,9.775868940488895E-002,0.217845457523059,0.504062361059758,0.769518787665707 
 04/10  23:00:00,1.10438140039452,5.13163484131439,0.000000000000000E+000,4.50340367890142,0.000000000000000E+000,0.123993495967337,0.123993495967337,0.123993495967337,0.310005799815561,6.754236523834896E-002,0.147706913176347,0.438020812507328,0.598061290262813 
 04/10  24:00:00,0.815403636710701,5.67254678812672,0.000000000000000E+000,5.23058300605942,0.000000000000000E+000,0.144015131467598,0.144015131467598,0.144015131467598,0.159081899391618,3.465989267914196E-002,9.822476913727689E-002,0.362309930345465,0.417008702388126 
 04/11  01:00:00,0.712605093087943,6.12697620751727,0.000000000000000E+000,5.76976136514057,0.000000000000000E+000,0.158860482775015,0.158860482775015,0.158860482775015,9.789657276243555E-002,2.132916892857149E-002,8.381484540687240E-002,0.333592009525450,0.334237787427905 
 04/11  02:00:00,0.667644038779295,6.49994106481172,0.000000000000000E+000,6.16622548711219,0.000000000000000E+000,0.169776442350034,0.169776442350034,0.169776442350034,6.526438462805398E-002,1.421944655947315E-002,7.154747547045819E-002,0.329724276081677,0.311004923387848 
 04/11  03:00:00,0.662474482594015,6.75750239631820,0.000000000000000E+000,6.41839704797370,0.000000000000000E+000,0.176719553748474,0.176719553748474,0.176719553748474,6.526438462805398E-002,1.421944655947315E-002,6.407608801926525E-002,0.325082995949147,0.316714374797292 
 04/11  04:00:00,0.665832693756476,7.03296145094074,0.000000000000000E+000,6.62959933863678,0.000000000000000E+000,0.182534646563342,0.182534646563342,0.182534646563342,6.526438462805398E-002,1.421944655947315E-002,7.389926005084047E-002,0.312802942265167,0.381816960779519 
 04/11  05:00:00,0.720702172695452,7.36942470897683,0.000000000000000E+000,6.67836802631167,0.000000000000000E+000,0.183877408729407,0.183877408729407,0.183877408729407,6.934340918976298E-002,1.510816208327000E-002,8.619823570287033E-002,0.349062943300542,0.667014025168021 
 04/11  06:00:00,0.892322674938905,8.29264130036779,0.000000000000000E+000,7.06409145808703,0.000000000000000E+000,0.194497641822526,0.194497641822526,0.194497641822526,0.114212654290690,2.488402738120598E-002,0.138308432905419,0.403307904849463,1.20077091584846 
 04/11  07:00:00,1.10537674515481,7.64207819046274,0.000000000000000E+000,6.26343859378723,0.000000000000000E+000,0.172453038500398,0.172453038500398,0.172453038500398,0.212109227053126,4.621319630977747E-002,0.213944392031827,0.428544865570085,1.34912240608625 
 04/11  08:00:00,1.02501792475695,7.22000115550103,0.000000000000000E+000,5.88293169714009,0.000000000000000E+000,0.161976433754525,0.161976433754525,0.161976433754525,0.171318981436035,3.732604107180897E-002,0.274974524459516,0.362309930345465,1.31211437868178 
 04/11  09:00:00,0.909614313119232,6.61459557069497,0.000000000000000E+000,5.39747196257878,0.000000000000000E+000,0.148610132633966,0.148610132633966,0.148610132633966,8.158048287489020E-002,1.777430683338409E-002,0.336182328282564,0.308355048804828,1.19588481732438 
 04/11  10:00:00,0.910987250161206,6.43149939678729,0.000000000000000E+000,5.35240036158686,0.000000000000000E+000,0.147369163408396,0.147369163408396,0.147369163408396,6.526438462805398E-002,1.421944655947315E-002,0.351415192863779,0.315607049011904,1.05736074321411 
 04/11  11:00:00,0.899780284601860,5.34491945363192,0.000000000000000E+000,4.39052288982717,0.000000000000000E+000,0.120885517055644,0.120885517055644,0.120885517055644,6.526438462805398E-002,1.421944655947315E-002,0.366595180321093,0.315703742347997,0.932651611802509 
 04/11  12:00:00,0.869552227406012,4.69550195222342,0.000000000000000E+000,3.83786950665465,0.000000000000000E+000,0.105669154072511,0.105669154072511,0.105669154072511,6.526438462805398E-002,1.421944655947315E-002,0.356901619593564,0.310385608862808,0.836253794442506 
 04/11  13:00:00,0.835919267262271,4.20379661993155,0.000000000000000E+000,3.40337171012633,0.000000000000000E+000,9.370600250471925E-002,9.370600250471925E-002,9.370600250471925E-002,6.526438462805398E-002,1.421944655947315E-002,0.324498850711145,0.321118569169280,0.778306996911044 
 04/11  14:00:00,0.817644894385395,3.73825909320338,0.000000000000000E+000,2.99342310772207,0.000000000000000E+000,8.241877088984702E-002,8.241877088984702E-002,8.241877088984702E-002,6.526438462805398E-002,1.421944655947315E-002,0.299430055599500,0.339200223018920,0.721472649608772 
 04/11  15:00:00,0.835537473039627,3.40352011642069,0.000000000000000E+000,2.65013720084584,0.000000000000000E+000,7.296698225510383E-002,7.296698225510383E-002,7.296698225510383E-002,6.526438462805398E-002,1.421944655947315E-002,0.307919222350081,0.358055423557315,0.728720876596479 
 04/11  16:00:00,0.950081049495331,3.39866381144546,0.000000000000000E+000,2.57145557662485,0.000000000000000E+000,7.080061868852965E-002,7.080061868852965E-002,7.080061868852965E-002,6.934340918976298E-002,1.510816208327000E-002,0.354200033750992,0.423516812093179,0.798037365059551 
 04/11  17:00:00,1.15819053972523,3.67211803005682,0.000000000000000E+000,2.69135709820593,0.000000000000000E+000,7.410190142769260E-002,7.410190142769260E-002,7.410190142769260E-002,9.381757327859858E-002,2.044045886860401E-002,0.438213351102789,0.514505241357947,0.945322987102354 
 04/11  18:00:00,1.28066368906761,3.64018180185642,0.000000000000000E+000,2.52145355655510,0.000000000000000E+000,6.942389883040880E-002,6.942389883040880E-002,6.942389883040880E-002,0.171318981436035,3.732604107180897E-002,0.396885327422791,0.558597402616962,1.08025333328999 
 04/11  19:00:00,1.39747864417284,3.66465380189847,0.000000000000000E+000,2.52304793809305,0.000000000000000E+000,6.946779739133983E-002,6.946779739133983E-002,6.946779739133983E-002,0.338558963388235,7.376337208365046E-002,0.321994134489507,0.576582363130508,1.10189218883164 
 04/11  20:00:00,1.64927077949225,3.76384303811499,0.000000000000000E+000,2.70066687960512,0.000000000000000E+000,7.435823029018941E-002,7.435823029018941E-002,7.435823029018941E-002,0.554747273518103,0.120865296666160,0.285783468298347,0.596404497029846,1.02209718027102 
 04/11  21:00:00,1.68096350853466,3.92642723947795,0.000000000000000E+000,2.96173616970982,0.000000000000000E+000,8.154632540177174E-002,8.154632540177174E-002,8.154632540177174E-002,0.599616518619031,0.130641161964096,0.269566832227902,0.582480656632261,0.924571133822785 
 04/11  22:00:00,1.37807549343764,4.16519972495525,0.000000000000000E+000,3.36335714080739,0.000000000000000E+000,9.260426997234031E-002,9.260426997234031E-002,9.260426997234031E-002,0.448692701787994,9.775868940488895E-002,0.217845457523059,0.504062361059758,0.767123921119451 
 04/11  23:00:00,1.08595065384068,4.46048600820962,0.000000000000000E+000,3.83400492384607,0.000000000000000E+000,0.105562749413490,0.105562749413490,0.105562749413490,0.310005799815561,6.754236523834896E-002,0.147706913176347,0.438020812507328,0.596311212213410 
 04/11  24:00:00,0.790563672115946,4.76968998458957,0.000000000000000E+000,4.32840352424802,0.000000000000000E+000,0.119175166872844,0.119175166872844,0.119175166872844,0.159081899391618,3.465989267914196E-002,9.822476913727689E-002,0.362309930345465,0.416331380662394 
 04/12  01:00:00,0.680597318032705,4.96385131881649,0.000000000000000E+000,4.60724932519310,0.000000000000000E+000,0.126852707719776,0.126852707719776,0.126852707719776,9.789657276243555E-002,2.132916892857149E-002,8.381484540687240E-002,0.333592009525450,0.333624938674621 
 04/12  02:00:00,0.630543534429660,5.15231926047192,0.000000000000000E+000,4.81874716598109,0.000000000000000E+000,0.132675938000400,0.132675938000400,0.132675938000400,6.526438462805398E-002,1.421944655947315E-002,7.154747547045819E-002,0.329724276081677,0.310861440179112 
 04/12  03:00:00,0.621255127317532,5.26072939370423,0.000000000000000E+000,4.92132339305429,0.000000000000000E+000,0.135500198471991,0.135500198471991,0.135500198471991,6.526438462805398E-002,1.421944655947315E-002,6.407608801926525E-002,0.325082995949147,0.317015027102755 
 04/12  04:00:00,0.620709079101041,5.39447979474660,0.000000000000000E+000,4.99072424555812,0.000000000000000E+000,0.137411031907906,0.137411031907906,0.137411031907906,6.526438462805398E-002,1.421944655947315E-002,7.389926005084047E-002,0.312802942265167,0.382210397664035 
 04/12  05:00:00,0.674421554607745,5.68863386031409,0.000000000000000E+000,4.99747094270247,0.000000000000000E+000,0.137596790641701,0.137596790641701,0.137596790641701,6.934340918976298E-002,1.510816208327000E-002,8.619823570287033E-002,0.349062943300542,0.667120260114478 
 04/12  06:00:00,0.833766460758529,6.16473935850382,0.000000000000000E+000,4.93734869383832,0.000000000000000E+000,0.135941427642152,0.135941427642152,0.135941427642152,0.114212654290690,2.488402738120598E-002,0.138308432905419,0.403307904849463,1.19961173823322 
 04/12  07:00:00,1.07224011936915,6.43758910720736,0.000000000000000E+000,5.05992706033685,0.000000000000000E+000,0.139316412714738,0.139316412714738,0.139316412714738,0.212109227053126,4.621319630977747E-002,0.213944392031827,0.428544865570085,1.34814485628123 
 04/12  08:00:00,0.993950146509214,6.09046132922947,0.000000000000000E+000,4.75456003728293,0.000000000000000E+000,0.130908655506787,0.130908655506787,0.130908655506787,0.171318981436035,3.732604107180897E-002,0.274974524459516,0.362309930345465,1.31094621226739 
 04/12  09:00:00,0.892975886778668,6.00933491845670,0.000000000000000E+000,4.79316969810394,0.000000000000000E+000,0.131971706293404,0.131971706293404,0.131971706293404,8.158048287489020E-002,1.777430683338409E-002,0.336182328282564,0.308355048804828,1.19492642956099 
 04/12  10:00:00,0.903468690079090,6.15750553791329,0.000000000000000E+000,5.07932869061184,0.000000000000000E+000,0.139850603326282,0.139850603326282,0.139850603326282,6.526438462805398E-002,1.421944655947315E-002,0.351415192863779,0.315607049011904,1.05643855531513 
 04/12  11:00:00,0.894855711423783,5.16509243246331,0.000000000000000E+000,4.21166398441310,0.000000000000000E+000,0.115960943877564,0.115960943877564,0.115960943877564,6.526438462805398E-002,1.421944655947315E-002,0.366595180321093,0.315703742347997,0.931683496047959 
 04/12  12:00:00,0.865171073736258,4.53544759504378,0.000000000000000E+000,3.67874742206244,0.000000000000000E+000,0.101288000402759,0.101288000402759,0.101288000402759,6.526438462805398E-002,1.421944655947315E-002,0.356901619593564,0.310385608862808,0.835321521855083 
 04/12  13:00:00,0.835503063602469,4.18802883916481,0.000000000000000E+000,3.38825532778623,0.000000000000000E+000,9.328979884491688E-002,9.328979884491688E-002,9.328979884491688E-002,6.526438462805398E-002,1.421944655947315E-002,0.324498850711145,0.321118569169280,0.777655598484395 
 04/12  14:00:00,0.821380589581479,3.87315980938354,0.000000000000000E+000,3.12910234926660,0.000000000000000E+000,8.615446608593216E-002,8.615446608593216E-002,8.615446608593216E-002,6.526438462805398E-002,1.421944655947315E-002,0.299430055599500,0.339200223018920,0.720694124244363 
 04/12  15:00:00,0.849579883347613,3.91298680117513,0.000000000000000E+000,3.16015300246738,0.000000000000000E+000,8.700939256309254E-002,8.700939256309254E-002,8.700939256309254E-002,6.526438462805398E-002,1.421944655947315E-002,0.307919222350081,0.358055423557315,0.728171759729394 
 04/12  16:00:00,0.961326461457351,3.80616170120229,0.000000000000000E+000,2.97988530276031,0.000000000000000E+000,8.204603065054783E-002,8.204603065054783E-002,8.204603065054783E-002,6.934340918976298E-002,1.510816208327000E-002,0.354200033750992,0.423516812093179,0.797105528680935 
 04/12  17:00:00,1.16253110782050,3.82798518301589,0.000000000000000E+000,2.84900512785678,0.000000000000000E+000,7.844246952296514E-002,7.844246952296514E-002,7.844246952296514E-002,9.381757327859858E-002,2.044045886860401E-002,0.438213351102789,0.514505241357947,0.943542110410571 
 04/12  18:00:00,1.30169594369564,4.40186888600699,0.000000000000000E+000,3.28533824363916,0.000000000000000E+000,9.045615345844042E-002,9.045615345844042E-002,9.045615345844042E-002,0.171318981436035,3.732604107180897E-002,0.396885327422791,0.558597402616962,1.07805573035647 
 04/12  19:00:00,1.40684970166331,4.00242095323687,0.000000000000000E+000,2.86340171591440,0.000000000000000E+000,7.883885488180567E-002,7.883885488180567E-002,7.883885488180567E-002,0.338558963388235,7.376337208365046E-002,0.321994134489507,0.576582363130508,1.09930556234867 
 04/12  20:00:00,1.64986634305366,3.78278913221591,0.000000000000000E+000,2.72229755557386,0.000000000000000E+000,7.495379385160571E-002,7.495379385160571E-002,7.495379385160571E-002,0.554747273518103,0.120865296666160,0.285783468298347,0.596404497029846,1.01941259840319 
 04/12  21:00:00,1.67342413410202,3.65040430350044,0.000000000000000E+000,2.68790852825422,0.000000000000000E+000,7.400695096913092E-002,7.400695096913092E-002,7.400695096913092E-002,0.599616518619031,0.130641161964096,0.269566832227902,0.582480656632261,0.922375839300878 
 04/12  22:00:00,1.36361313615194,3.63836869890557,0.000000000000000E+000,2.83808900074975,0.000000000000000E+000,7.814191268663985E-002,7.814191268663985E-002,7.814191268663985E-002,0.448692701787994,9.775868940488895E-002,0.217845457523059,0.504062361059758,0.765561035127430 
 04/12  23:00:00,1.06483751902880,3.69302782004086,0.000000000000000E+000,3.06718269463836,0.000000000000000E+000,8.444961460161708E-002,8.444961460161708E-002,8.444961460161708E-002,0.310005799815561,6.754236523834896E-002,0.147706913176347,0.438020812507328,0.595675253252346 
 04/12  24:00:00,0.762591909752604,3.75351142978202,0.000000000000000E+000,3.31247816018196,0.000000000000000E+000,9.120340450949996E-002,9.120340450949996E-002,9.120340450949996E-002,0.159081899391618,3.465989267914196E-002,9.822476913727689E-002,0.362309930345465,0.416078189920891 
 04/13  01:00:00,0.648932735180437,3.81428980266735,0.000000000000000E+000,3.45720191508265,0.000000000000000E+000,9.518812486750980E-002,9.518812486750980E-002,9.518812486750980E-002,9.789657276243555E-002,2.132916892857149E-002,8.381484540687240E-002,0.333592009525450,0.334110832635922 
 04/13  02:00:00,0.594768503987353,3.85337773373086,0.000000000000000E+000,3.51940962855792,0.000000000000000E+000,9.690090755809319E-002,9.690090755809319E-002,9.690090755809319E-002,6.526438462805398E-002,1.421944655947315E-002,7.154747547045819E-002,0.329724276081677,0.311257450861264 
 04/13  03:00:00,0.583787668891378,3.90036129215893,0.000000000000000E+000,3.56051741852260,0.000000000000000E+000,9.803274004583847E-002,9.803274004583847E-002,9.803274004583847E-002,6.526438462805398E-002,1.421944655947315E-002,6.407608801926525E-002,0.325082995949147,0.317452900089139 
 04/13  04:00:00,0.579963606985175,3.91500654275923,0.000000000000000E+000,3.51086187379714,0.000000000000000E+000,9.666555979204124E-002,9.666555979204124E-002,9.666555979204124E-002,6.526438462805398E-002,1.421944655947315E-002,7.389926005084047E-002,0.312802942265167,0.382599517437664 
 04/13  05:00:00,0.630612530555896,4.09723326827780,0.000000000000000E+000,3.40634135525901,0.000000000000000E+000,9.378776658985101E-002,9.378776658985101E-002,9.378776658985101E-002,6.934340918976298E-002,1.510816208327000E-002,8.619823570287033E-002,0.349062943300542,0.666849255521647 
 04/13  06:00:00,0.786489301406032,4.44614492850654,0.000000000000000E+000,3.22025755373418,0.000000000000000E+000,8.866426828965288E-002,8.866426828965288E-002,8.866426828965288E-002,0.114212654290690,2.488402738120598E-002,0.138308432905419,0.403307904849463,1.19810844834008 
 04/13  07:00:00,1.02045750880936,4.55506707624647,0.000000000000000E+000,3.17919938926998,0.000000000000000E+000,8.753380215494486E-002,8.753380215494486E-002,8.753380215494486E-002,0.212109227053126,4.621319630977747E-002,0.213944392031827,0.428544865570085,1.34635049638720 
 04/13  08:00:00,0.948202969892597,4.42751726335539,0.000000000000000E+000,3.09303737540959,0.000000000000000E+000,8.516147889016888E-002,8.516147889016888E-002,8.516147889016888E-002,0.171318981436035,3.732604107180897E-002,0.274974524459516,0.362309930345465,1.30952480826664 
 04/13  09:00:00,0.844957203532155,4.26426374535366,0.000000000000000E+000,3.04914664994887,0.000000000000000E+000,8.395302304688859E-002,8.395302304688859E-002,8.395302304688859E-002,8.158048287489020E-002,1.777430683338409E-002,0.336182328282564,0.308355048804828,1.19387830461300 
 04/13  10:00:00,0.851423574562562,4.26663433497546,0.000000000000000E+000,3.18906692440008,0.000000000000000E+000,8.780548780975182E-002,8.780548780975182E-002,8.780548780975182E-002,6.526438462805398E-002,1.421944655947315E-002,0.351415192863779,0.315607049011904,1.05582911858905 
 04/13  11:00:00,0.854457938181637,3.69784203266029,0.000000000000000E+000,2.74442992331345,0.000000000000000E+000,7.556317063541981E-002,7.556317063541981E-002,7.556317063541981E-002,6.526438462805398E-002,1.421944655947315E-002,0.366595180321093,0.315703742347997,0.931667157344580 
 04/13  12:00:00,0.833081279947605,3.36973824975333,0.000000000000000E+000,2.51325648823895,0.000000000000000E+000,6.919820661410489E-002,6.919820661410489E-002,6.919820661410489E-002,6.526438462805398E-002,1.421944655947315E-002,0.356901619593564,0.310385608862808,0.835103110388126 
 04/13  13:00:00,0.799181310232176,2.86852666797244,0.000000000000000E+000,2.06906099040735,0.000000000000000E+000,5.696804547462464E-002,5.696804547462464E-002,5.696804547462464E-002,6.526438462805398E-002,1.421944655947315E-002,0.324498850711145,0.321118569169280,0.777347764670909 
 04/13  14:00:00,0.780875096342880,2.40186003398180,0.000000000000000E+000,1.65795593272814,0.000000000000000E+000,4.564897284733294E-002,4.564897284733294E-002,4.564897284733294E-002,6.526438462805398E-002,1.421944655947315E-002,0.299430055599500,0.339200223018920,0.720540765381098 
 04/13  15:00:00,0.794754811132485,1.92149580105716,0.000000000000000E+000,1.16892410789144,0.000000000000000E+000,3.218432034796346E-002,3.218432034796346E-002,3.218432034796346E-002,6.526438462805398E-002,1.421944655947315E-002,0.307919222350081,0.358055423557315,0.727909654187363 
 04/13  16:00:00,0.903235594723189,1.69613980936855,0.000000000000000E+000,0.870043807282992,0.000000000000000E+000,2.395516391638844E-002,2.395516391638844E-002,2.395516391638844E-002,6.934340918976298E-002,1.510816208327000E-002,0.354200033750992,0.423516812093179,0.796925132324496 
 04/13  17:00:00,1.10689516289792,1.80717435098253,0.000000000000000E+000,0.828325598750610,0.000000000000000E+000,2.280652460038419E-002,2.280652460038419E-002,2.280652460038419E-002,9.381757327859858E-002,2.044045886860401E-002,0.438213351102789,0.514505241357947,0.943410807483381 
 04/13  18:00:00,1.22818576075628,1.73187149311798,0.000000000000000E+000,0.615472169590986,0.000000000000000E+000,1.694597051908188E-002,1.694597051908188E-002,1.694597051908188E-002,0.171318981436035,3.732604107180897E-002,0.396885327422791,0.558597402616962,1.07792441151566 
 04/13  19:00:00,1.35139787373981,1.98890608860276,0.000000000000000E+000,0.849409256678778,0.000000000000000E+000,2.338702695830977E-002,2.338702695830977E-002,2.338702695830977E-002,0.338558963388235,7.376337208365046E-002,0.321994134489507,0.576582363130508,1.09978315695019 
 04/13  20:00:00,1.60841818334396,2.27861508541357,0.000000000000000E+000,1.21691379762636,0.000000000000000E+000,3.350563414190531E-002,3.350563414190531E-002,3.350563414190531E-002,0.554747273518103,0.120865296666160,0.285783468298347,0.596404497029846,1.02062230954834 
 04/13  21:00:00,1.64823519265904,2.73664550241825,0.000000000000000E+000,1.77305432016042,0.000000000000000E+000,4.881800952614387E-002,4.881800952614387E-002,4.881800952614387E-002,0.599616518619031,0.130641161964096,0.269566832227902,0.582480656632261,0.923471246312484 
 04/13  22:00:00,1.35249975711938,3.23569581265186,0.000000000000000E+000,2.43445466791789,0.000000000000000E+000,6.702853365407792E-002,6.702853365407792E-002,6.702853365407792E-002,0.448692701787994,9.775868940488895E-002,0.217845457523059,0.504062361059758,0.766522481705570 
 04/13  23:00:00,1.06783553835694,3.80257490964111,0.000000000000000E+000,3.17606978719446,0.000000000000000E+000,8.744763392975395E-002,8.744763392975395E-002,8.744763392975395E-002,0.310005799815561,6.754236523834896E-002,0.147706913176347,0.438020812507328,0.596335250296499 
 04/13  24:00:00,0.780438095788474,4.40221548550118,0.000000000000000E+000,3.96064586624841,0.000000000000000E+000,0.109049590545372,0.109049590545372,0.109049590545372,0.159081899391618,3.465989267914196E-002,9.822476913727689E-002,0.362309930345465,0.416614539573634 
 04/14  01:00:00,0.678230339937146,4.87886289256075,0.000000000000000E+000,4.52128144615026,0.000000000000000E+000,0.124485729624218,0.124485729624218,0.124485729624218,9.789657276243555E-002,2.132916892857149E-002,8.381484540687240E-002,0.333592009525450,0.334604391461685 
 04/14  02:00:00,0.634068285568342,5.28099572352506,0.000000000000000E+000,4.94676498757177,0.000000000000000E+000,0.136200689139080,0.136200689139080,0.136200689139080,6.526438462805398E-002,1.421944655947315E-002,7.154747547045819E-002,0.329724276081677,0.311520081641616 
 04/14  03:00:00,0.630369464156957,5.59220923078333,0.000000000000000E+000,5.25235315984328,0.000000000000000E+000,0.144614535311418,0.144614535311418,0.144614535311418,6.526438462805398E-002,1.421944655947315E-002,6.407608801926525E-002,0.325082995949147,0.317465097392886 
 04/14  04:00:00,0.636760941483915,5.97727748384511,0.000000000000000E+000,5.57372269676151,0.000000000000000E+000,0.153462894290779,0.153462894290779,0.153462894290779,6.526438462805398E-002,1.421944655947315E-002,7.389926005084047E-002,0.312802942265167,0.382009635559170 
 04/14  05:00:00,0.696631455752963,6.49343340347721,0.000000000000000E+000,5.80412737048602,0.000000000000000E+000,0.159806691786918,0.159806691786918,0.159806691786918,6.934340918976298E-002,1.510816208327000E-002,8.619823570287033E-002,0.349062943300542,0.665263375494038 
 04/14  06:00:00,0.872692142650106,7.57376213414475,0.000000000000000E+000,6.35111687310185,0.000000000000000E+000,0.174867109533727,0.174867109533727,0.174867109533727,0.114212654290690,2.488402738120598E-002,0.138308432905419,0.403307904849463,1.19486633461061 
 04/14  07:00:00,1.08877559961615,7.03227391470519,0.000000000000000E+000,5.66049035598211,0.000000000000000E+000,0.155851892961733,0.155851892961733,0.155851892961733,0.212109227053126,4.621319630977747E-002,0.213944392031827,0.428544865570085,1.34226636813380 
 04/14  08:00:00,1.01040587162426,6.68207511000806,0.000000000000000E+000,5.35222665232562,0.000000000000000E+000,0.147364380621837,0.147364380621837,0.147364380621837,0.171318981436035,3.732604107180897E-002,0.274974524459516,0.362309930345465,1.30489337800329 
 04/14  09:00:00,0.897019279167191,6.15066021726552,0.000000000000000E+000,4.94002440218053,0.000000000000000E+000,0.136015098681925,0.136015098681925,0.136015098681925,8.158048287489020E-002,1.777430683338409E-002,0.336182328282564,0.308355048804828,1.18939702429319 
 04/14  10:00:00,0.894018238080824,5.80957632371048,0.000000000000000E+000,4.73609132994023,0.000000000000000E+000,0.130400151328015,0.130400151328015,0.130400151328015,6.526438462805398E-002,1.421944655947315E-002,0.351415192863779,0.315607049011904,1.05174670178392 
 04/14  11:00:00,0.883422240059324,4.74614595437245,0.000000000000000E+000,3.79640400159208,0.000000000000000E+000,0.104527472513106,0.104527472513106,0.104527472513106,6.526438462805398E-002,1.421944655947315E-002,0.366595180321093,0.315703742347997,0.927997000778115 
 04/14  12:00:00,0.853693441420823,4.11547350655409,0.000000000000000E+000,3.26188352778190,0.000000000000000E+000,8.981036808732477E-002,8.981036808732477E-002,8.981036808732477E-002,6.526438462805398E-002,1.421944655947315E-002,0.356901619593564,0.310385608862808,0.832211327645935 
 04/14  13:00:00,0.816352613335410,3.48959167134433,0.000000000000000E+000,2.69271716659105,0.000000000000000E+000,7.413934857785948E-002,7.413934857785948E-002,7.413934857785948E-002,6.526438462805398E-002,1.421944655947315E-002,0.324498850711145,0.321118569169280,0.774756591859097 
 04/14  14:00:00,0.793016414248902,2.84059147931875,0.000000000000000E+000,2.09892467304895,0.000000000000000E+000,5.779029075335450E-002,5.779029075335450E-002,5.779029075335450E-002,6.526438462805398E-002,1.421944655947315E-002,0.299430055599500,0.339200223018920,0.718303470397239 
 04/14  15:00:00,0.806517752852669,2.34688236920969,0.000000000000000E+000,1.59615034749468,0.000000000000000E+000,4.394726206814874E-002,4.394726206814874E-002,4.394726206814874E-002,6.526438462805398E-002,1.421944655947315E-002,0.307919222350081,0.358055423557315,0.726069982736652 
 04/14  16:00:00,0.909235336323620,1.91224623944973,0.000000000000000E+000,1.08795248212956,0.000000000000000E+000,2.995490551681885E-002,2.995490551681885E-002,2.995490551681885E-002,6.934340918976298E-002,1.510816208327000E-002,0.354200033750992,0.423516812093179,0.795122887559110 
 04/14  17:00:00,1.10329209282341,1.67407257016047,0.000000000000000E+000,0.697463258735880,0.000000000000000E+000,1.920345452587313E-002,1.920345452587313E-002,1.920345452587313E-002,9.381757327859858E-002,2.044045886860401E-002,0.438213351102789,0.514505241357947,0.941171366676052 
 04/14  18:00:00,1.22122008170398,1.47621418246256,0.000000000000000E+000,0.362480958838796,0.000000000000000E+000,9.980291466782093E-003,9.980291466782093E-003,9.980291466782093E-003,0.171318981436035,3.732604107180897E-002,0.396885327422791,0.558597402616962,1.07525831161243 
 04/14  19:00:00,1.34215622875720,1.65087206464628,0.000000000000000E+000,0.513755699296006,0.000000000000000E+000,1.414538197570497E-002,1.414538197570497E-002,1.414538197570497E-002,0.338558963388235,7.376337208365046E-002,0.321994134489507,0.576582363130508,1.09740269037648 
 04/14  20:00:00,1.59607255002254,1.82830939983413,0.000000000000000E+000,0.768524387485804,0.000000000000000E+000,2.116000082048328E-002,2.116000082048328E-002,2.116000082048328E-002,0.554747273518103,0.120865296666160,0.285783468298347,0.596404497029846,1.01870603410946 
 04/14  21:00:00,1.63277966162849,2.17384018435558,0.000000000000000E+000,1.21171443084355,0.000000000000000E+000,3.336247849560228E-002,3.336247849560228E-002,3.336247849560228E-002,0.599616518619031,0.130641161964096,0.269566832227902,0.582480656632261,0.922005817566683 
 04/14  22:00:00,1.33648290492535,2.65308388371625,0.000000000000000E+000,1.85272777545251,0.000000000000000E+000,5.101168146005196E-002,5.101168146005196E-002,5.101168146005196E-002,0.448692701787994,9.775868940488895E-002,0.217845457523059,0.504062361059758,0.765637445235333 
 04/14  23:00:00,1.05275620976011,3.25462665812780,0.000000000000000E+000,2.62839344862079,0.000000000000000E+000,7.236830533292100E-002,7.236830533292100E-002,7.236830533292100E-002,0.310005799815561,6.754236523834896E-002,0.147706913176347,0.438020812507328,0.596063337356869 
 04/14  24:00:00,0.767138140120252,3.91929402877302,0.000000000000000E+000,3.47759577706242,0.000000000000000E+000,9.574963487714856E-002,9.574963487714856E-002,9.574963487714856E-002,0.159081899391618,3.465989267914196E-002,9.822476913727689E-002,0.362309930345465,0.416743172031449 
 04/15  01:00:00,0.668412260714406,4.38744929843008,0.000000000000000E+000,4.02133723077463,0.000000000000000E+000,0.110720623168517,0.110720623168517,0.110720623168517,9.789657276243555E-002,2.132916892857149E-002,8.776187263983333E-002,0.333592009525450,0.343135012706652 
 04/15  02:00:00,0.621988817627131,4.75375140926361,0.000000000000000E+000,4.41320320679660,0.000000000000000E+000,0.121509980681648,0.121509980681648,0.121509980681648,6.526438462805398E-002,1.421944655947315E-002,7.415871598667921E-002,0.329724276081677,0.317837548155299 
 04/15  03:00:00,0.615988318161255,5.02702559294520,0.000000000000000E+000,4.68044350989698,0.000000000000000E+000,0.128867984051417,0.128867984051417,0.128867984051417,6.526438462805398E-002,1.421944655947315E-002,6.544149328356358E-002,0.325082995949147,0.324191109501030 
 04/15  04:00:00,0.621624694337930,5.34364793687129,0.000000000000000E+000,4.92696350906832,0.000000000000000E+000,0.135655489392394,0.135655489392394,0.135655489392394,6.526438462805398E-002,1.421944655947315E-002,7.657041780324052E-002,0.312802942265167,0.395139276278535 
 04/15  05:00:00,0.679162705167657,5.74797463065633,0.000000000000000E+000,5.02087732837537,0.000000000000000E+000,0.138241245324087,0.138241245324087,0.138241245324087,6.934340918976298E-002,1.510816208327000E-002,9.029493158039664E-002,0.349062943300542,0.703054644783838 
 04/15  06:00:00,0.844848928172930,6.26293226602983,0.000000000000000E+000,4.95394485009599,0.000000000000000E+000,0.136398374338636,0.136398374338636,0.136398374338636,0.114212654290690,2.488402738120598E-002,0.148933953623333,0.403307904849463,1.28120848950155 
 04/15  07:00:00,1.07804999157356,5.97959018087576,0.000000000000000E+000,4.50236530309247,0.000000000000000E+000,0.123964906070481,0.123964906070481,0.123964906070481,0.212109227053126,4.621319630977747E-002,0.235105770880487,0.428544865570085,1.44770768719400 
 04/15  08:00:00,1.00703060693304,5.49235501658964,0.000000000000000E+000,4.05152490822497,0.000000000000000E+000,0.111551789088583,0.111551789088583,0.111551789088583,0.171318981436035,3.732604107180897E-002,0.307411851301548,0.362309930345465,1.41587502868551 
 04/15  09:00:00,0.901358813851533,4.77549055812008,0.000000000000000E+000,3.46212010806662,0.000000000000000E+000,9.532353887553675E-002,9.532353887553675E-002,9.532353887553675E-002,8.158048287489020E-002,1.777430683338409E-002,0.381213422773294,0.308355048804828,1.29213165926168 
 04/15  10:00:00,0.889226403878132,3.87503388158574,0.000000000000000E+000,2.71279099830461,0.000000000000000E+000,7.469204710304071E-002,7.469204710304071E-002,7.469204710304071E-002,6.526438462805398E-002,1.421944655947315E-002,0.402331462886063,0.315607049011904,1.14050459129480 
 04/15  11:00:00,0.881086353402766,2.82942454752744,0.000000000000000E+000,1.80518905553531,0.000000000000000E+000,4.970278434652789E-002,4.970278434652789E-002,4.970278434652789E-002,6.526438462805398E-002,1.421944655947315E-002,0.419083981831112,0.315703742347997,1.00249053998987 
 04/15  12:00:00,0.838161633962265,1.87979527799688,0.000000000000000E+000,0.961309792908158,0.000000000000000E+000,2.646801628926962E-002,2.646801628926962E-002,2.646801628926962E-002,6.526438462805398E-002,1.421944655947315E-002,0.404712163933058,0.310385608862808,0.897106833962462 
 04/15  13:00:00,0.796025814130103,1.22527791444988,0.000000000000000E+000,0.371349879586266,0.000000000000000E+000,1.022448198740716E-002,1.022448198740716E-002,1.022448198740716E-002,6.526438462805398E-002,1.421944655947315E-002,0.368086918096288,0.321118569169280,0.831810121969437 
 04/15  14:00:00,0.774351726971211,0.793723034625373,0.000000000000000E+000,0.000000000000000E+000,0.000000000000000E+000,0.000000000000000E+000,0.000000000000000E+000,0.000000000000000E+000,6.526438462805398E-002,1.421944655947315E-002,0.338555659075166,0.339200223018920,0.770359698752813 
 04/15  15:00:00,0.799629493286963,0.801894719556043,0.000000000000000E+000,0.000000000000000E+000,0.000000000000000E+000,0.000000000000000E+000,0.000000000000000E+000,0.000000000000000E+000,6.526438462805398E-002,1.421944655947315E-002,0.344978224852520,0.358055423557315,0.777232680577683 
 04/15  16:00:00,0.915198378788859,0.886428852709184,0.000000000000000E+000,0.000000000000000E+000,0.000000000000000E+000,0.000000000000000E+000,0.000000000000000E+000,0.000000000000000E+000,6.934340918976298E-002,1.510816208327000E-002,0.390117981733050,0.423516812093179,0.857257982948124 
 04/15  17:00:00,1.11944059679426,1.05035694114439,0.000000000000000E+000,0.000000000000000E+000,0.000000000000000E+000,0.000000000000000E+000,0.000000000000000E+000,0.000000000000000E+000,9.381757327859858E-002,2.044045886860401E-002,0.473565309599511,0.514505241357947,1.01491899639585 
 04/15  18:00:00,1.24555013322500,1.20843663237480,0.000000000000000E+000,0.000000000000000E+000,0.000000000000000E+000,0.000000000000000E+000,0.000000000000000E+000,0.000000000000000E+000,0.171318981436035,3.732604107180897E-002,0.431195670410591,0.558597402616962,1.16996172036346 
 04/15  19:00:00,1.36225562837085,1.24223137903958,0.000000000000000E+000,0.000000000000000E+000,0.000000000000000E+000,0.000000000000000E+000,0.000000000000000E+000,0.000000000000000E+000,0.338558963388235,7.376337208365046E-002,0.356238916078855,0.576582363130508,1.20251770406579 
 04/15  20:00:00,1.60976794741393,1.15968002213192,0.000000000000000E+000,0.000000000000000E+000,0.000000000000000E+000,0.000000000000000E+000,0.000000000000000E+000,0.000000000000000E+000,0.554747273518103,0.120865296666160,0.320638866510224,0.596404497029846,1.11860104389306 
 04/15  21:00:00,1.63502406908668,1.04614220476519,0.000000000000000E+000,0.000000000000000E+000,0.000000000000000E+000,0.000000000000000E+000,0.000000000000000E+000,0.000000000000000E+000,0.599616518619031,0.130641161964096,0.305173718181688,0.582480656632261,1.00602226881984 
 04/15  22:00:00,1.31428455285234,0.885651736996456,0.000000000000000E+000,1.888967598194489E-002,0.000000000000000E+000,5.200948281995797E-004,5.200948281995797E-004,5.200948281995797E-004,0.448692701787994,9.775868940488895E-002,0.246138692081900,0.504062361059758,0.832043397986105 
 04/15  23:00:00,1.01487216774117,1.35661509497717,0.000000000000000E+000,0.688236282093780,0.000000000000000E+000,1.894940555033420E-002,1.894940555033420E-002,1.894940555033420E-002,0.310005799815561,6.754236523834896E-002,0.163241770939991,0.438020812507328,0.638208940733247 
 04/15  24:00:00,0.719617579469870,1.97151031739838,0.000000000000000E+000,1.51291014584418,0.000000000000000E+000,4.165538589101928E-002,4.165538589101928E-002,4.165538589101928E-002,0.159081899391618,3.465989267914196E-002,0.104798457473024,0.362309930345465,0.433645091875046 
 04/16  01:00:00,0.620372569716303,2.64406742998766,0.000000000000000E+000,2.27655118787497,0.000000000000000E+000,6.268093217041366E-002,6.268093217041366E-002,6.268093217041366E-002,9.789657276243555E-002,2.132916892857149E-002,8.776187263983333E-002,0.333592009525450,0.344539187163910 
 04/16  02:00:00,0.581879962870276,3.29828798601294,0.000000000000000E+000,2.95646257165786,0.000000000000000E+000,8.140112592479530E-002,8.140112592479530E-002,8.140112592479530E-002,6.526438462805398E-002,1.421944655947315E-002,7.415871598667921E-002,0.329724276081677,0.319114760043409 
 04/16  03:00:00,0.585042971293539,3.90415623351879,0.000000000000000E+000,3.55651851817265,0.000000000000000E+000,9.792263718369956E-002,9.792263718369956E-002,9.792263718369956E-002,6.526438462805398E-002,1.421944655947315E-002,6.544149328356358E-002,0.325082995949147,0.325246741798935 
 04/16  04:00:00,0.597370994261832,4.46404648566241,0.000000000000000E+000,4.04607696499965,0.000000000000000E+000,0.111401789316299,0.111401789316299,0.111401789316299,6.526438462805398E-002,1.421944655947315E-002,7.657041780324052E-002,0.312802942265167,0.396424369138333 
 04/16  05:00:00,0.662242227269327,5.13335485418396,0.000000000000000E+000,4.40633104252671,0.000000000000000E+000,0.121320767425755,0.121320767425755,0.121320767425755,6.934340918976298E-002,1.510816208327000E-002,9.029493158039664E-002,0.349062943300542,0.702981154160123 
 04/16  06:00:00,0.845574397297940,6.28776814113177,0.000000000000000E+000,4.98029365412815,0.000000000000000E+000,0.137123843463648,0.137123843463648,0.137123843463648,0.114212654290690,2.488402738120598E-002,0.148933953623333,0.403307904849463,1.27969556057135 
 04/16  07:00:00,1.07210705443774,5.76105622508696,0.000000000000000E+000,4.28651974803222,0.000000000000000E+000,0.118021968934662,0.118021968934662,0.118021968934662,0.212109227053126,4.621319630977747E-002,0.235105770880487,0.428544865570085,1.44501928646544 
 04/16  08:00:00,1.00116917792079,5.27670849828617,0.000000000000000E+000,3.83863970185619,0.000000000000000E+000,0.105690360076331,0.105690360076331,0.105690360076331,0.171318981436035,3.732604107180897E-002,0.307411851301548,0.362309930345465,1.41311371675083 
 04/16  09:00:00,0.896009664980475,4.57877450410145,0.000000000000000E+000,3.26784075077468,0.000000000000000E+000,8.997439000447885E-002,8.997439000447885E-002,8.997439000447885E-002,8.158048287489020E-002,1.777430683338409E-002,0.381213422773294,0.308355048804828,1.28969496253499 
 04/16  10:00:00,0.880831904776777,3.56799486198108,0.000000000000000E+000,2.40790550539504,0.000000000000000E+000,6.629754800168430E-002,6.629754800168430E-002,6.629754800168430E-002,6.526438462805398E-002,1.421944655947315E-002,0.402331462886063,0.315607049011904,1.13835106459972 
 04/16  11:00:00,0.873514068317904,2.55268343311164,0.000000000000000E+000,1.53016610983311,0.000000000000000E+000,4.213049926166772E-002,4.213049926166772E-002,4.213049926166772E-002,6.526438462805398E-002,1.421944655947315E-002,0.419083981831112,0.315703742347997,1.00077237127628 
 04/16  12:00:00,0.829955957676135,1.58027381806926,0.000000000000000E+000,0.663282283589780,0.000000000000000E+000,1.826234000314142E-002,1.826234000314142E-002,1.826234000314142E-002,6.526438462805398E-002,1.421944655947315E-002,0.404712163933058,0.310385608862808,0.895612883353225 
 04/16  13:00:00,0.788873421357038,0.964277634482796,0.000000000000000E+000,0.111577286871767,0.000000000000000E+000,3.072089214341933E-003,3.072089214341933E-003,3.072089214341933E-003,6.526438462805398E-002,1.421944655947315E-002,0.368086918096288,0.321118569169280,0.830582434716855 
 04/16  14:00:00,0.774351726971211,0.792097725811554,0.000000000000000E+000,0.000000000000000E+000,0.000000000000000E+000,0.000000000000000E+000,0.000000000000000E+000,0.000000000000000E+000,6.526438462805398E-002,1.421944655947315E-002,0.338555659075166,0.339200223018920,0.768734389938995 
 04/16  15:00:00,0.799629493286963,0.801013012221333,0.000000000000000E+000,0.000000000000000E+000,0.000000000000000E+000,0.000000000000000E+000,0.000000000000000E+000,0.000000000000000E+000,6.526438462805398E-002,1.421944655947315E-002,0.344978224852520,0.358055423557315,0.776350973242973 
 04/16  16:00:00,0.915198378788859,0.885132512228610,0.000000000000000E+000,0.000000000000000E+000,0.000000000000000E+000,0.000000000000000E+000,0.000000000000000E+000,0.000000000000000E+000,6.934340918976298E-002,1.510816208327000E-002,0.390117981733050,0.423516812093179,0.855961642467549 
 04/16  17:00:00,1.11944059679426,1.04899428970864,0.000000000000000E+000,0.000000000000000E+000,0.000000000000000E+000,0.000000000000000E+000,0.000000000000000E+000,0.000000000000000E+000,9.381757327859858E-002,2.044045886860401E-002,0.473565309599511,0.514505241357947,1.01355634496010 
 04/16  18:00:00,1.24555013322500,1.20693554152375,0.000000000000000E+000,0.000000000000000E+000,0.000000000000000E+000,0.000000000000000E+000,0.000000000000000E+000,0.000000000000000E+000,0.171318981436035,3.732604107180897E-002,0.431195670410591,0.558597402616962,1.16846062951241 
 04/16  19:00:00,1.36444400597675,1.32023195854723,0.000000000000000E+000,7.948116701077079E-002,0.000000000000000E+000,2.188377605898603E-003,2.188377605898603E-003,2.188377605898603E-003,0.338558963388235,7.376337208365046E-002,0.356238916078855,0.576582363130508,1.20103711656266 
 04/16  20:00:00,1.63220419749067,1.97326230570557,0.000000000000000E+000,0.814877347783809,0.000000000000000E+000,2.243625007673181E-002,2.243625007673181E-002,2.243625007673181E-002,0.554747273518103,0.120865296666160,0.320638866510224,0.596404497029846,1.11730597968290 
 04/16  21:00:00,1.68751983720347,2.95114930137150,0.000000000000000E+000,1.90662932293009,0.000000000000000E+000,5.249576811679672E-002,5.249576811679672E-002,5.249576811679672E-002,0.599616518619031,0.130641161964096,0.305173718181688,0.582480656632261,1.00440004249606 
 04/16  22:00:00,1.39208045424496,3.70877566771247,0.000000000000000E+000,2.84441165841931,0.000000000000000E+000,7.831599622081824E-002,7.831599622081824E-002,7.831599622081824E-002,0.448692701787994,9.775868940488895E-002,0.246138692081900,0.504062361059758,0.829645346264754 
 04/16  23:00:00,1.10058433834658,4.46673446719705,0.000000000000000E+000,3.80127460252914,0.000000000000000E+000,0.104661576155753,0.104661576155753,0.104661576155753,0.310005799815561,6.754236523834896E-002,0.163241770939991,0.438020812507328,0.635289992517760 
 04/16  24:00:00,0.807985453823768,5.17757761419689,0.000000000000000E+000,4.72240276767394,0.000000000000000E+000,0.130023260244918,0.130023260244918,0.130023260244918,0.159081899391618,3.465989267914196E-002,0.104798457473024,0.362309930345465,0.430219766843783 
 04/17  01:00:00,0.699909172967043,5.66467086047217,0.000000000000000E+000,5.30864965171202,0.000000000000000E+000,0.146164562654115,0.146164562654115,0.146164562654115,9.789657276243555E-002,2.132916892857149E-002,8.381484540687240E-002,0.333592009525450,0.333044153811374 
 04/17  02:00:00,0.655880334224945,6.07142205710570,0.000000000000000E+000,5.73897154161873,0.000000000000000E+000,0.158012737795683,0.158012737795683,0.158012737795683,6.526438462805398E-002,1.421944655947315E-002,7.154747547045819E-002,0.329724276081677,0.309739861175263 
 04/17  03:00:00,0.652034003813369,6.37745263398964,0.000000000000000E+000,6.03920223470198,0.000000000000000E+000,0.166279074967831,0.166279074967831,0.166279074967831,6.526438462805398E-002,1.421944655947315E-002,6.407608801926525E-002,0.325082995949147,0.315859425740486 
 04/17  04:00:00,0.657315360540070,6.72167018858529,0.000000000000000E+000,6.32025255038838,0.000000000000000E+000,0.174017313346936,0.174017313346936,0.174017313346936,6.526438462805398E-002,1.421944655947315E-002,7.389926005084047E-002,0.312802942265167,0.379872486672477 
 04/17  05:00:00,0.714515176656531,7.13891834514583,0.000000000000000E+000,6.45365833080987,0.000000000000000E+000,0.177690412690486,0.177690412690486,0.177690412690486,6.934340918976298E-002,1.510816208327000E-002,8.619823570287033E-002,0.349062943300542,0.661217356838809 
 04/17  06:00:00,0.885049860639392,8.01441627873512,0.000000000000000E+000,6.79994519447153,0.000000000000000E+000,0.187224827523013,0.187224827523013,0.187224827523013,0.114212654290690,2.488402738120598E-002,0.138308432905419,0.403307904849463,1.18669215783131 
 04/17  07:00:00,1.10483301723166,7.60609378081866,0.000000000000000E+000,6.24369057143857,0.000000000000000E+000,0.171909310577245,0.171909310577245,0.171909310577245,0.212109227053126,4.621319630977747E-002,0.213944392031827,0.428544865570085,1.33288601879081 
 04/17  08:00:00,1.02873206392449,7.33893293883654,0.000000000000000E+000,6.01782803069830,0.000000000000000E+000,0.165690572922066,0.165690572922066,0.165690572922066,0.171318981436035,3.732604107180897E-002,0.274974524459516,0.362309930345465,1.29614982845908 
 04/17  09:00:00,0.918146181687660,6.91008872492792,0.000000000000000E+000,5.70734667011254,0.000000000000000E+000,0.157142001202395,0.157142001202395,0.157142001202395,8.158048287489020E-002,1.777430683338409E-002,0.336182328282564,0.308355048804828,1.18150326402357 
 04/17  10:00:00,0.915701996285675,6.59019345848024,0.000000000000000E+000,5.52363841626372,0.000000000000000E+000,0.152083909532867,0.152083909532867,0.152083909532867,6.526438462805398E-002,1.421944655947315E-002,0.351415192863779,0.315607049011904,1.04481675023019 
 04/17  11:00:00,0.896362816581027,5.21011746837053,0.000000000000000E+000,4.26640155638554,0.000000000000000E+000,0.117468049034809,0.117468049034809,0.117468049034809,6.526438462805398E-002,1.421944655947315E-002,0.366595180321093,0.315703742347997,0.921970959982731 
 04/17  12:00:00,0.858868528232195,4.29848406065580,0.000000000000000E+000,3.44984100735082,0.000000000000000E+000,9.498545489869535E-002,9.498545489869535E-002,9.498545489869535E-002,6.526438462805398E-002,1.421944655947315E-002,0.356901619593564,0.310385608862808,0.827264402178720 
 04/17  13:00:00,0.819401721629645,3.59643235358289,0.000000000000000E+000,2.80345979387565,0.000000000000000E+000,7.718845687209386E-002,7.718845687209386E-002,7.718845687209386E-002,6.526438462805398E-002,1.421944655947315E-002,0.324498850711145,0.321118569169280,0.770854646813077 
 04/17  14:00:00,0.797201669600742,2.98921210826694,0.000000000000000E+000,2.25093179408039,0.000000000000000E+000,6.197554610519444E-002,6.197554610519444E-002,6.197554610519444E-002,6.526438462805398E-002,1.421944655947315E-002,0.299430055599500,0.339200223018920,0.714916978314008 
 04/17  15:00:00,0.809262120153409,2.44293310143501,0.000000000000000E+000,1.69582488043676,0.000000000000000E+000,4.669162936888666E-002,4.669162936888666E-002,4.669162936888666E-002,6.526438462805398E-002,1.421944655947315E-002,0.307919222350081,0.358055423557315,0.722446182019889 
 04/17  16:00:00,0.914540608643990,2.10044193490132,0.000000000000000E+000,1.28063825728843,0.000000000000000E+000,3.526017783718776E-002,3.526017783718776E-002,3.526017783718776E-002,6.934340918976298E-002,1.510816208327000E-002,0.354200033750992,0.423516812093179,0.790632807851837 
 04/17  17:00:00,1.12003919412086,2.27751365231083,0.000000000000000E+000,1.30571256250371,0.000000000000000E+000,3.595055582332331E-002,3.595055582332331E-002,3.595055582332331E-002,9.381757327859858E-002,2.044045886860401E-002,0.438213351102789,0.514505241357947,0.936363145058583 
 04/17  18:00:00,1.23685491043410,2.03799530579231,0.000000000000000E+000,0.930332882626463,0.000000000000000E+000,2.561512019690090E-002,2.561512019690090E-002,2.561512019690090E-002,0.171318981436035,3.732604107180897E-002,0.396885327422791,0.558597402616962,1.06918751115451 
 04/17  19:00:00,1.36101602452300,2.32948289762326,0.000000000000000E+000,1.19873738299181,0.000000000000000E+000,3.300517774150551E-002,3.300517774150551E-002,3.300517774150551E-002,0.338558963388235,7.376337208365046E-002,0.321994134489507,0.576582363130508,1.09103183965766 
 04/17  20:00:00,1.62189049966616,2.76020836545573,0.000000000000000E+000,1.70622397002982,0.000000000000000E+000,4.697795046409781E-002,4.697795046409781E-002,4.697795046409781E-002,0.554747273518103,0.120865296666160,0.285783468298347,0.596404497029846,1.01290541718704 
 04/17  21:00:00,1.66692237900625,3.40858845127844,0.000000000000000E+000,2.45176688558837,0.000000000000000E+000,6.750519587336044E-002,6.750519587336044E-002,6.750519587336044E-002,0.599616518619031,0.130641161964096,0.269566832227902,0.582480656632261,0.916701629744720 
 04/17  22:00:00,1.37262000218741,3.96099334760723,0.000000000000000E+000,3.16521546269076,0.000000000000000E+000,8.714877872210663E-002,8.714877872210663E-002,8.714877872210663E-002,0.448692701787994,9.775868940488895E-002,0.217845457523059,0.504062361059758,0.761059221888063 
 04/17  23:00:00,1.08810084147324,4.53459480716114,0.000000000000000E+000,3.91209904337451,0.000000000000000E+000,0.107712937046055,0.107712937046055,0.107712937046055,0.310005799815561,6.754236523834896E-002,0.147706913176347,0.438020812507328,0.592325891636495 
 04/17  24:00:00,0.799905595046486,5.10694495565256,0.000000000000000E+000,4.66769914427388,0.000000000000000E+000,0.128517089803384,0.128517089803384,0.128517089803384,0.159081899391618,3.465989267914196E-002,9.822476913727689E-002,0.362309930345465,0.414290731699545 
 04/18  01:00:00,0.703518970109712,5.79571843361793,0.000000000000000E+000,5.43975631666699,0.000000000000000E+000,0.149774359796784,0.149774359796784,0.149774359796784,9.789657276243555E-002,2.132916892857149E-002,8.381484540687240E-002,0.333592009525450,0.332985062002159 
 04/18  02:00:00,0.666800900723169,6.46839433020524,0.000000000000000E+000,6.13560298555146,0.000000000000000E+000,0.168933304293908,0.168933304293908,0.168933304293908,6.526438462805398E-002,1.421944655947315E-002,7.154747547045819E-002,0.329724276081677,0.310080690342098 
 04/18  03:00:00,0.672725931691615,7.12910585852962,0.000000000000000E+000,6.79072636428208,0.000000000000000E+000,0.186971002846075,0.186971002846075,0.186971002846075,6.526438462805398E-002,1.421944655947315E-002,6.407608801926525E-002,0.325082995949147,0.315988520700339 
 04/18  04:00:00,0.680146492823817,7.55074404204707,0.000000000000000E+000,7.14947189224152,0.000000000000000E+000,0.196848445630682,0.196848445630682,0.196848445630682,6.526438462805398E-002,1.421944655947315E-002,7.389926005084047E-002,0.312802942265167,0.379726998281128 
 04/18  05:00:00,0.739034116990332,8.02787116033151,0.000000000000000E+000,7.34417831527009,0.000000000000000E+000,0.202209353024286,0.202209353024286,0.202209353024286,6.934340918976298E-002,1.510816208327000E-002,8.619823570287033E-002,0.349062943300542,0.659650187564286 
 04/18  06:00:00,0.915685389076356,9.12444972054158,0.000000000000000E+000,7.91261768097408,0.000000000000000E+000,0.217860355959979,0.217860355959979,0.217860355959979,0.114212654290690,2.488402738120598E-002,0.138308432905419,0.403307904849463,1.18405311313521 
 04/18  07:00:00,1.12702913633628,8.40877154986597,0.000000000000000E+000,7.04984643996408,0.000000000000000E+000,0.194105429681861,0.194105429681861,0.194105429681861,0.212109227053126,4.621319630977747E-002,0.213944392031827,0.428544865570085,1.32940791931261 
 04/18  08:00:00,1.04517362611427,7.93273083467220,0.000000000000000E+000,6.61498025287477,0.000000000000000E+000,0.182132135111843,0.182132135111843,0.182132135111843,0.171318981436035,3.732604107180897E-002,0.274974524459516,0.362309930345465,1.29279550211829 
 04/18  09:00:00,0.928377520368217,7.27865035854285,0.000000000000000E+000,6.07894558257683,0.000000000000000E+000,0.167373339882951,0.167373339882951,0.167373339882951,8.158048287489020E-002,1.777430683338409E-002,0.336182328282564,0.308355048804828,1.17846598517424 
 04/18  10:00:00,0.924416838570938,6.90410169292030,0.000000000000000E+000,5.84015867002631,0.000000000000000E+000,0.160798751818129,0.160798751818129,0.160798751818129,6.526438462805398E-002,1.421944655947315E-002,0.351415192863779,0.315607049011904,1.04220473090767 
 04/18  11:00:00,0.898340355166562,5.27963528604393,0.000000000000000E+000,4.33822511835382,0.000000000000000E+000,0.119445587620345,0.119445587620345,0.119445587620345,6.526438462805398E-002,1.421944655947315E-002,0.366595180321093,0.315703742347997,0.919665215687859 
 04/18  12:00:00,0.855758507047844,4.18352503333052,0.000000000000000E+000,3.33688604359406,0.000000000000000E+000,9.187543371434512E-002,9.187543371434512E-002,9.187543371434512E-002,6.526438462805398E-002,1.421944655947315E-002,0.356901619593564,0.310385608862808,0.825260338610190 
 04/18  13:00:00,0.811168456072332,3.29578019329788,0.000000000000000E+000,2.50443025114911,0.000000000000000E+000,6.895519131478059E-002,6.895519131478059E-002,6.895519131478059E-002,6.526438462805398E-002,1.421944655947315E-002,0.324498850711145,0.321118569169280,0.769232029254589 
 04/18  14:00:00,0.785389167543229,2.55891650231487,0.000000000000000E+000,1.82190553905123,0.000000000000000E+000,5.016304404768063E-002,5.016304404768063E-002,5.016304404768063E-002,6.526438462805398E-002,1.421944655947315E-002,0.299430055599500,0.339200223018920,0.713647627391081 
 04/18  15:00:00,0.794100890169415,1.89108659251667,0.000000000000000E+000,1.14517390996511,0.000000000000000E+000,3.153039938489294E-002,3.153039938489294E-002,3.153039938489294E-002,6.526438462805398E-002,1.421944655947315E-002,0.307919222350081,0.358055423557315,0.721250643573206 
 04/18  16:00:00,0.897697669765153,1.48730746244352,0.000000000000000E+000,0.668908163554786,0.000000000000000E+000,1.841723895835207E-002,1.841723895835207E-002,1.841723895835207E-002,6.934340918976298E-002,1.510816208327000E-002,0.354200033750992,0.423516812093179,0.789228429127666 
 04/18  17:00:00,1.09978131275194,1.54016456997414,0.000000000000000E+000,0.569952861788572,0.000000000000000E+000,1.569267445440141E-002,1.569267445440141E-002,1.569267445440141E-002,9.381757327859858E-002,2.044045886860401E-002,0.438213351102789,0.514505241357947,0.934773763437029 
 04/18  18:00:00,1.22093143538416,1.45812142703454,0.000000000000000E+000,0.351997417839878,0.000000000000000E+000,9.691645146963388E-003,9.691645146963388E-003,9.691645146963388E-003,0.171318981436035,3.732604107180897E-002,0.396885327422791,0.558597402616962,1.06764909718333 
 04/18  19:00:00,1.34368844042735,1.69858042259098,0.000000000000000E+000,0.569405131698558,0.000000000000000E+000,1.567759364585086E-002,1.567759364585086E-002,1.567759364585086E-002,0.338558963388235,7.376337208365046E-002,0.321994134489507,0.576582363130508,1.08946161591863 
 04/18  20:00:00,1.60040292662689,1.97797899577492,0.000000000000000E+000,0.925802265482020,0.000000000000000E+000,2.549037742483693E-002,2.549037742483693E-002,2.549037742483693E-002,0.554747273518103,0.120865296666160,0.285783468298347,0.596404497029846,1.01109775205404 
 04/18  21:00:00,1.64030286127143,2.44023112216629,0.000000000000000E+000,1.48495460916733,0.000000000000000E+000,4.088567813853717E-002,4.088567813853717E-002,4.088567813853717E-002,0.599616518619031,0.130641161964096,0.269566832227902,0.582480656632261,0.915156577053609 
 04/18  22:00:00,1.34587815525718,2.98888268470260,0.000000000000000E+000,2.19396022944925,0.000000000000000E+000,6.040693179188316E-002,6.040693179188316E-002,6.040693179188316E-002,0.448692701787994,9.775868940488895E-002,0.217845457523059,0.504062361059758,0.760203792224928 
 04/18  23:00:00,1.06247651709620,3.60377670194386,0.000000000000000E+000,2.98143186790178,0.000000000000000E+000,8.208861266901787E-002,8.208861266901787E-002,8.208861266901787E-002,0.310005799815561,6.754236523834896E-002,0.147706913176347,0.438020812507328,0.592174961891957 
 04/18  24:00:00,0.775766114185795,4.23074857894632,0.000000000000000E+000,3.79096100517466,0.000000000000000E+000,0.104377608942693,0.104377608942693,0.104377608942693,0.159081899391618,3.465989267914196E-002,9.822476913727689E-002,0.362309930345465,0.414832494092513 
 04/19  01:00:00,0.674342802999864,4.73664154245659,0.000000000000000E+000,4.38008736166509,0.000000000000000E+000,0.120598192686935,0.120598192686935,0.120598192686935,9.789657276243555E-002,2.132916892857149E-002,8.381484540687240E-002,0.333592009525450,0.333577125842729 
 04/19  02:00:00,0.630369188766695,5.14587175522489,0.000000000000000E+000,4.81241498787872,0.000000000000000E+000,0.132501592337433,0.132501592337433,0.132501592337433,6.526438462805398E-002,1.421944655947315E-002,7.154747547045819E-002,0.329724276081677,0.310746113034469 
 04/19  03:00:00,0.627346328545231,5.48153002813324,0.000000000000000E+000,5.14255385198882,0.000000000000000E+000,0.141591399699691,0.141591399699691,0.141591399699691,6.526438462805398E-002,1.421944655947315E-002,6.407608801926525E-002,0.325082995949147,0.316585202597221 
 04/19  04:00:00,0.631046158790909,5.76761813560396,0.000000000000000E+000,5.36616363728811,0.000000000000000E+000,0.147748111597774,0.147748111597774,0.147748111597774,6.526438462805398E-002,1.421944655947315E-002,7.389926005084047E-002,0.312802942265167,0.379909346791429 
 04/19  05:00:00,0.686391267891053,6.11598406158661,0.000000000000000E+000,5.43220705861642,0.000000000000000E+000,0.149566503925006,0.149566503925006,0.149566503925006,6.934340918976298E-002,1.510816208327000E-002,8.619823570287033E-002,0.349062943300542,0.659734345473046 
 04/19  06:00:00,0.844714913322509,6.54536336085717,0.000000000000000E+000,5.33499295066203,0.000000000000000E+000,0.146889880206132,0.146889880206132,0.146889880206132,0.114212654290690,2.488402738120598E-002,0.138308432905419,0.403307904849463,1.18259148376284 
 04/19  07:00:00,1.07198250609939,6.40820975564834,0.000000000000000E+000,5.05057062968116,0.000000000000000E+000,0.139058799444976,0.139058799444976,0.139058799444976,0.212109227053126,4.621319630977747E-002,0.213944392031827,0.428544865570085,1.32812193537791 
 04/19  08:00:00,0.997483968647034,6.19935672820475,0.000000000000000E+000,4.88290731462912,0.000000000000000E+000,0.134442477644607,0.134442477644607,0.134442477644607,0.171318981436035,3.732604107180897E-002,0.274974524459516,0.362309930345465,1.29149433389647 
 04/19  09:00:00,0.888895750624345,5.84351920989721,0.000000000000000E+000,4.64498047233482,0.000000000000000E+000,0.127891570139079,0.127891570139079,0.127891570139079,8.158048287489020E-002,1.777430683338409E-002,0.336182328282564,0.308355048804828,1.17729994677060 
 04/19  10:00:00,0.889072616172285,5.61954561551051,0.000000000000000E+000,4.55646794144224,0.000000000000000E+000,0.125454529419477,0.125454529419477,0.125454529419477,6.526438462805398E-002,1.421944655947315E-002,0.351415192863779,0.315607049011904,1.04133938208193 
 04/19  11:00:00,0.882561667579580,4.70608799484055,0.000000000000000E+000,3.76514828740316,0.000000000000000E+000,0.103666900033362,0.103666900033362,0.103666900033362,6.526438462805398E-002,1.421944655947315E-002,0.366595180321093,0.315703742347997,0.919194755435149 
 04/19  12:00:00,0.854242946390419,4.12783887774243,0.000000000000000E+000,3.28184137058919,0.000000000000000E+000,9.035987305691839E-002,9.035987305691839E-002,9.035987305691839E-002,6.526438462805398E-002,1.421944655947315E-002,0.356901619593564,0.310385608862808,0.824618856026982 
 04/19  13:00:00,0.824930637571532,3.79428794055329,0.000000000000000E+000,3.00426823305047,0.000000000000000E+000,8.271737281398113E-002,8.271737281398113E-002,8.271737281398113E-002,6.526438462805398E-002,1.421944655947315E-002,0.324498850711145,0.321118569169280,0.767901794608655 
 04/19  14:00:00,0.810595956553130,3.47275036939730,0.000000000000000E+000,2.73740796500418,0.000000000000000E+000,7.536983305758237E-002,7.536983305758237E-002,7.536983305758237E-002,6.526438462805398E-002,1.421944655947315E-002,0.299430055599500,0.339200223018920,0.711979068520569 
 04/19  15:00:00,0.833892649402041,3.33437188103134,0.000000000000000E+000,2.59039773820024,0.000000000000000E+000,7.132215861752013E-002,7.132215861752013E-002,7.132215861752013E-002,6.526438462805398E-002,1.421944655947315E-002,0.307919222350081,0.358055423557315,0.719312103852742 
 04/19  16:00:00,0.948786392712635,3.34091003622081,0.000000000000000E+000,2.52443406091854,0.000000000000000E+000,6.950596190583337E-002,6.950596190583337E-002,6.950596190583337E-002,6.934340918976298E-002,1.510816208327000E-002,0.354200033750992,0.423516812093179,0.787305105541203 
 04/19  17:00:00,1.16187588946019,3.79222130388687,0.000000000000000E+000,2.82520780888211,0.000000000000000E+000,7.778725116265142E-002,7.778725116265142E-002,7.778725116265142E-002,9.381757327859858E-002,2.044045886860401E-002,0.438213351102789,0.514505241357947,0.931575550256236 
 04/19  18:00:00,1.28578375349137,3.80949911586199,0.000000000000000E+000,2.70741264079833,0.000000000000000E+000,7.454396325417539E-002,7.454396325417539E-002,7.454396325417539E-002,0.171318981436035,3.732604107180897E-002,0.396885327422791,0.558597402616962,1.06361156305234 
 04/19  19:00:00,1.40056728595860,3.75949819228901,0.000000000000000E+000,2.63522640900650,0.000000000000000E+000,7.255643917710629E-002,7.255643917710629E-002,7.255643917710629E-002,0.338558963388235,7.376337208365046E-002,0.321994134489507,0.576582363130508,1.08455810830871 
 04/19  20:00:00,1.64755348872348,3.68560697750025,0.000000000000000E+000,2.63829543418803,0.000000000000000E+000,7.264093952142457E-002,7.264093952142457E-002,7.264093952142457E-002,0.554747273518103,0.120865296666160,0.285783468298347,0.596404497029846,1.00623256507334 
 04/19  21:00:00,1.67212916175633,3.59159334296718,0.000000000000000E+000,2.64087555140183,0.000000000000000E+000,7.271197862343580E-002,7.271197862343580E-002,7.271197862343580E-002,0.599616518619031,0.130641161964096,0.269566832227902,0.582480656632261,0.910597855619999 
 04/19  22:00:00,1.36464069762278,3.66656339722454,0.000000000000000E+000,2.87540970109745,0.000000000000000E+000,7.916947415747588E-002,7.916947415747588E-002,7.916947415747588E-002,0.448692701787994,9.775868940488895E-002,0.217845457523059,0.504062361059758,0.756435033098706 
 04/19  23:00:00,1.06833965549964,3.81415864418825,0.000000000000000E+000,3.19437915880581,0.000000000000000E+000,8.795175107245901E-002,8.795175107245901E-002,8.795175107245901E-002,0.310005799815561,6.754236523834896E-002,0.147706913176347,0.438020812507328,0.589609613232302 
 04/19  24:00:00,0.770567901501561,4.04034766531969,0.000000000000000E+000,3.60216360138133,0.000000000000000E+000,9.917939625845854E-002,9.917939625845854E-002,9.917939625845854E-002,0.159081899391618,3.465989267914196E-002,9.822476913727689E-002,0.362309930345465,0.413228984259206 
 04/20  01:00:00,0.658332919987837,4.15424373783225,0.000000000000000E+000,3.79861358763636,0.000000000000000E+000,0.104588309674908,0.104588309674908,0.104588309674908,9.789657276243555E-002,2.132916892857149E-002,8.381484540687240E-002,0.333592009525450,0.332653095247102 
 04/20  02:00:00,0.605246506467851,4.23273007949733,0.000000000000000E+000,3.89996729047461,0.000000000000000E+000,0.107378910038590,0.107378910038590,0.107378910038590,6.526438462805398E-002,1.421944655947315E-002,7.154747547045819E-002,0.329724276081677,0.310052134711043 
 04/20  03:00:00,0.595650611949267,4.32980511688677,0.000000000000000E+000,3.99137567437473,0.000000000000000E+000,0.109895683103727,0.109895683103727,0.109895683103727,6.526438462805398E-002,1.421944655947315E-002,6.407608801926525E-002,0.325082995949147,0.316038468964856 
 04/20  04:00:00,0.590621250724217,4.29947229045355,0.000000000000000E+000,3.89794404813527,0.000000000000000E+000,0.107323203531083,0.107323203531083,0.107323203531083,6.526438462805398E-002,1.421944655947315E-002,7.389926005084047E-002,0.312802942265167,0.379983090793849 
 04/20  05:00:00,0.639774781698335,4.42223186268541,0.000000000000000E+000,3.73911135403980,0.000000000000000E+000,0.102950017732289,0.102950017732289,0.102950017732289,6.934340918976298E-002,1.510816208327000E-002,8.619823570287033E-002,0.349062943300542,0.659077851148490 
 04/20  06:00:00,0.796383766121950,4.78827651909532,0.000000000000000E+000,3.57962131273462,0.000000000000000E+000,9.855873300557137E-002,9.855873300557137E-002,9.855873300557137E-002,0.114212654290690,2.488402738120598E-002,0.138308432905419,0.403307904849463,1.18087627992844 
 04/20  07:00:00,1.01735692464811,4.42226935526327,0.000000000000000E+000,3.06658717514086,0.000000000000000E+000,8.443321799370036E-002,8.443321799370036E-002,8.443321799370036E-002,0.212109227053126,4.621319630977747E-002,0.213944392031827,0.428544865570085,1.32616498953312 
 04/20  08:00:00,0.941001691916037,4.14636708494982,0.000000000000000E+000,2.83148928791181,0.000000000000000E+000,7.796020091361167E-002,7.796020091361167E-002,7.796020091361167E-002,0.171318981436035,3.732604107180897E-002,0.274974524459516,0.362309930345465,1.28992271735884 
 04/20  09:00:00,0.831097978520770,3.74327077967076,0.000000000000000E+000,2.54578407906509,0.000000000000000E+000,7.009379803550551E-002,7.009379803550551E-002,7.009379803550551E-002,8.158048287489020E-002,1.777430683338409E-002,0.336182328282564,0.308355048804828,1.17624790981388 
 04/20  10:00:00,0.824986536978282,3.29156087739951,0.000000000000000E+000,2.22888226803995,0.000000000000000E+000,6.136845022547451E-002,6.136845022547451E-002,6.136845022547451E-002,6.526438462805398E-002,1.421944655947315E-002,0.351415192863779,0.315607049011904,1.04094031737323 
 04/20  11:00:00,0.826437018464789,2.66804096823204,0.000000000000000E+000,1.72671918006365,0.000000000000000E+000,4.754225091857058E-002,4.754225091857058E-002,4.754225091857058E-002,6.526438462805398E-002,1.421944655947315E-002,0.366595180321093,0.315703742347997,0.919576836166144 
 04/20  12:00:00,0.802582955770559,2.25212643761945,0.000000000000000E+000,1.40556721609023,0.000000000000000E+000,3.869988243705951E-002,3.869988243705951E-002,3.869988243705951E-002,6.526438462805398E-002,1.421944655947315E-002,0.356901619593564,0.310385608862808,0.825180570402959 
 04/20  13:00:00,0.770318642595427,1.81154220435813,0.000000000000000E+000,1.02077823489501,0.000000000000000E+000,2.810537783787484E-002,2.810537783787484E-002,2.810537783787484E-002,6.526438462805398E-002,1.421944655947315E-002,0.324498850711145,0.321118569169280,0.768646056568950 
 04/20  14:00:00,0.753268256119378,1.39150535735466,0.000000000000000E+000,0.655284422779649,0.000000000000000E+000,1.804213262383089E-002,1.804213262383089E-002,1.804213262383089E-002,6.526438462805398E-002,1.421944655947315E-002,0.299430055599500,0.339200223018920,0.712857598702456 
 04/20  15:00:00,0.769645355806528,1.00161608755113,0.000000000000000E+000,0.256956809865452,0.000000000000000E+000,7.074865022005767E-003,7.074865022005767E-003,7.074865022005767E-003,6.526438462805398E-002,1.421944655947315E-002,0.307919222350081,0.358055423557315,0.719997238707322 
 04/20  16:00:00,0.879280430806801,0.816854858392542,0.000000000000000E+000,0.000000000000000E+000,0.000000000000000E+000,0.000000000000000E+000,0.000000000000000E+000,0.000000000000000E+000,6.934340918976298E-002,1.510816208327000E-002,0.354200033750992,0.423516812093179,0.787683988631478 
 04/20  17:00:00,1.08408863829754,0.967335293200090,0.000000000000000E+000,0.000000000000000E+000,0.000000000000000E+000,0.000000000000000E+000,0.000000000000000E+000,0.000000000000000E+000,9.381757327859858E-002,2.044045886860401E-002,0.438213351102789,0.514505241357947,0.931897348451549 
 04/20  18:00:00,1.21123979023720,1.10239773490723,0.000000000000000E+000,0.000000000000000E+000,0.000000000000000E+000,0.000000000000000E+000,0.000000000000000E+000,0.000000000000000E+000,0.171318981436035,3.732604107180897E-002,0.396885327422791,0.558597402616962,1.06392282289589 
 04/20  19:00:00,1.32876069207160,1.15216493768178,0.000000000000000E+000,2.723413846586909E-002,0.000000000000000E+000,7.498452900996439E-004,7.498452900996439E-004,7.498452900996439E-004,0.338558963388235,7.376337208365046E-002,0.321994134489507,0.576582363130508,1.08521712424212 
 04/20  20:00:00,1.58603208521748,1.45249931785127,0.000000000000000E+000,0.403857952458428,0.000000000000000E+000,1.111953601542267E-002,1.111953601542267E-002,1.111953601542267E-002,0.554747273518103,0.120865296666160,0.285783468298347,0.596404497029846,1.00756238715398 
 04/20  21:00:00,1.62728367936533,1.96446692875228,0.000000000000000E+000,1.01210213223037,0.000000000000000E+000,2.786649623243471E-002,2.786649623243471E-002,2.786649623243471E-002,0.599616518619031,0.130641161964096,0.269566832227902,0.582480656632261,0.912244860576563 
 04/20  22:00:00,1.33170587484313,2.47194657768721,0.000000000000000E+000,1.67922758757051,0.000000000000000E+000,4.623465137783484E-002,4.623465137783484E-002,4.623465137783484E-002,0.448692701787994,9.775868940488895E-002,0.217845457523059,0.504062361059758,0.758000327088288 
 04/20  23:00:00,1.04742984240275,3.05619207790871,0.000000000000000E+000,2.43494150854001,0.000000000000000E+000,6.704193797556886E-002,6.704193797556886E-002,6.704193797556886E-002,0.310005799815561,6.754236523834896E-002,0.147706913176347,0.438020812507328,0.591080697218566 
 04/20  24:00:00,0.759911291985928,3.65471978989441,0.000000000000000E+000,3.21511898970297,0.000000000000000E+000,8.852278674282496E-002,8.852278674282496E-002,8.852278674282496E-002,0.159081899391618,3.465989267914196E-002,9.822476913727689E-002,0.362309930345465,0.414645720512294 
 04/21  01:00:00,0.659363719804826,4.19268342843728,0.000000000000000E+000,3.83605190366926,0.000000000000000E+000,0.105619109491899,0.105619109491899,0.105619109491899,9.789657276243555E-002,2.132916892857149E-002,8.381484540687240E-002,0.333592009525450,0.333654469819254 
 04/21  02:00:00,0.617164404275534,4.66615964945257,0.000000000000000E+000,4.33282148506905,0.000000000000000E+000,0.119296807846273,0.119296807846273,0.119296807846273,6.526438462805398E-002,1.421944655947315E-002,7.154747547045819E-002,0.329724276081677,0.310627510071834 
 04/21  03:00:00,0.616596754283462,5.09094958086604,0.000000000000000E+000,4.75213279079194,0.000000000000000E+000,0.130841825437921,0.130841825437921,0.130841825437921,6.526438462805398E-002,1.421944655947315E-002,6.407608801926525E-002,0.325082995949147,0.316425816526923 
 04/21  04:00:00,0.624393803387176,5.52601013970930,0.000000000000000E+000,5.12455224013529,0.000000000000000E+000,0.141095756194041,0.141095756194041,0.141095756194041,6.526438462805398E-002,1.421944655947315E-002,7.389926005084047E-002,0.312802942265167,0.379912748049569 
 04/21  05:00:00,0.685693095776515,6.08895188835664,0.000000000000000E+000,5.40684967317797,0.000000000000000E+000,0.148868331810470,0.148868331810470,0.148868331810470,6.934340918976298E-002,1.510816208327000E-002,8.619823570287033E-002,0.349062943300542,0.658059557681533 
 04/21  06:00:00,0.861783958068262,7.16082980483826,0.000000000000000E+000,5.95493513636827,0.000000000000000E+000,0.163958924951883,0.163958924951883,0.163958924951883,0.114212654290690,2.488402738120598E-002,0.138308432905419,0.403307904849463,1.17811574203771 
 04/21  07:00:00,1.08126079853632,6.73974803882659,0.000000000000000E+000,5.38755521075453,0.000000000000000E+000,0.148337091881903,0.148337091881903,0.148337091881903,0.212109227053126,4.621319630977747E-002,0.213944392031827,0.428544865570085,1.32267563748279 
 04/21  08:00:00,1.00612465718140,6.50758579389536,0.000000000000000E+000,5.19673432813747,0.000000000000000E+000,0.143083166178970,0.143083166178970,0.143083166178970,0.171318981436035,3.732604107180897E-002,0.274974524459516,0.362309930345465,1.28589638607873 
 04/21  09:00:00,0.896113302502432,6.10068931937983,0.000000000000000E+000,4.90711962267381,0.000000000000000E+000,0.135109122017166,0.135109122017166,0.135109122017166,8.158048287489020E-002,1.777430683338409E-002,0.336182328282564,0.308355048804828,1.17233090591424 
 04/21  10:00:00,0.899885332794351,6.00803841986164,0.000000000000000E+000,4.94918231274727,0.000000000000000E+000,0.136267246041542,0.136267246041542,0.136267246041542,6.526438462805398E-002,1.421944655947315E-002,0.351415192863779,0.315607049011904,1.03711781512806 
 04/21  11:00:00,0.888075950438284,4.90267777506992,0.000000000000000E+000,3.96542525772858,0.000000000000000E+000,0.109181182892068,0.109181182892068,0.109181182892068,6.526438462805398E-002,1.421944655947315E-002,0.366595180321093,0.315703742347997,0.915507565339086 
 04/21  12:00:00,0.855206938121478,4.15985197593495,0.000000000000000E+000,3.31685323854419,0.000000000000000E+000,9.132386478797838E-002,9.132386478797838E-002,9.132386478797838E-002,6.526438462805398E-002,1.421944655947315E-002,0.356901619593564,0.310385608862808,0.821620086264515 
 04/21  13:00:00,0.819562793257735,3.59711081805432,0.000000000000000E+000,2.80930986332362,0.000000000000000E+000,7.734952850018385E-002,7.734952850018385E-002,7.734952850018385E-002,6.526438462805398E-002,1.421944655947315E-002,0.324498850711145,0.321118569169280,0.765683041836541 
 04/21  14:00:00,0.800224755972973,3.09432896440997,0.000000000000000E+000,2.36072931357227,0.000000000000000E+000,6.499863247742521E-002,6.499863247742521E-002,6.499863247742521E-002,6.526438462805398E-002,1.421944655947315E-002,0.299430055599500,0.339200223018920,0.710236314965139 
 04/21  15:00:00,0.814522440704626,2.62912869250607,0.000000000000000E+000,1.88687802187563,0.000000000000000E+000,5.195194992010280E-002,5.195194992010280E-002,5.195194992010280E-002,6.526438462805398E-002,1.421944655947315E-002,0.307919222350081,0.358055423557315,0.717588631652077 
 04/21  16:00:00,0.921553090620785,2.34946617312940,0.000000000000000E+000,1.53532933512409,0.000000000000000E+000,4.227265981398385E-002,4.227265981398385E-002,4.227265981398385E-002,6.934340918976298E-002,1.510816208327000E-002,0.354200033750992,0.423516812093179,0.784965968244255 
 04/21  17:00:00,1.12865637955247,2.58297266026499,0.000000000000000E+000,1.61868595092006,0.000000000000000E+000,4.456774125493309E-002,4.456774125493309E-002,4.456774125493309E-002,9.381757327859858E-002,2.044045886860401E-002,0.438213351102789,0.514505241357947,0.928848764596384 
 04/21  18:00:00,1.24666444968087,2.38552554129121,0.000000000000000E+000,1.28661217604890,0.000000000000000E+000,3.542465944366850E-002,3.542465944366850E-002,3.542465944366850E-002,0.171318981436035,3.732604107180897E-002,0.396885327422791,0.558597402616962,1.06043845323097 
 04/21  19:00:00,1.37195375074564,2.71763140657329,0.000000000000000E+000,1.59599206256645,0.000000000000000E+000,4.394290396414338E-002,4.394290396414338E-002,4.394290396414338E-002,0.338558963388235,7.376337208365046E-002,0.321994134489507,0.576582363130508,1.08192566903305 
 04/21  20:00:00,1.63285927257803,3.15010946338767,0.000000000000000E+000,2.10460625531841,0.000000000000000E+000,5.794672337597662E-002,5.794672337597662E-002,5.794672337597662E-002,0.554747273518103,0.120865296666160,0.285783468298347,0.596404497029846,1.00442422983039 
 04/21  21:00:00,1.67646549909606,3.74759445336264,0.000000000000000E+000,2.79836992137956,0.000000000000000E+000,7.704831596316929E-002,7.704831596316929E-002,7.704831596316929E-002,0.599616518619031,0.130641161964096,0.269566832227902,0.582480656632261,0.909104596037728 
 04/21  22:00:00,1.38641120397652,4.45605070426604,0.000000000000000E+000,3.66610745213775,0.000000000000000E+000,0.100939980511221,0.100939980511221,0.100939980511221,0.448692701787994,9.775868940488895E-002,0.217845457523059,0.504062361059758,0.755224589099874 
 04/21  23:00:00,1.10772829425394,5.24355176717859,0.000000000000000E+000,4.62496178162138,0.000000000000000E+000,0.127340389826757,0.127340389826757,0.127340389826757,0.310005799815561,6.754236523834896E-002,0.147706913176347,0.438020812507328,0.588420113407084 
 04/21  24:00:00,0.826597077559377,6.07431190731692,0.000000000000000E+000,5.63712515816371,0.000000000000000E+000,0.155208572316275,0.155208572316275,0.155208572316275,0.159081899391618,3.465989267914196E-002,9.822476913727689E-002,0.362309930345465,0.412231669474041 
 04/22  01:00:00,0.733240071186954,6.73873401707201,0.000000000000000E+000,6.37586234436691,0.000000000000000E+000,0.175548433641065,0.175548433641065,0.175548433641065,9.789657276243555E-002,2.132916892857149E-002,8.776187263983333E-002,0.333592009525450,0.339894617756329 
 04/22  02:00:00,0.692317879259480,7.30516469024930,0.000000000000000E+000,6.96753198362410,0.000000000000000E+000,0.191839042313999,0.191839042313999,0.191839042313999,6.526438462805398E-002,1.421944655947315E-002,7.415871598667921E-002,0.329724276081677,0.314922052313507 
 04/22  03:00:00,0.692299039237352,7.79502604359060,0.000000000000000E+000,7.45202422348730,0.000000000000000E+000,0.205178705127513,0.205178705127513,0.205178705127513,6.526438462805398E-002,1.421944655947315E-002,6.544149328356358E-002,0.325082995949147,0.320610846556086 
 04/22  04:00:00,0.701103890005933,8.22591434237521,0.000000000000000E+000,7.81362219527631,0.000000000000000E+000,0.215134685060396,0.215134685060396,0.215134685060396,6.526438462805398E-002,1.421944655947315E-002,7.657041780324052E-002,0.312802942265167,0.390746995574469 
 04/22  05:00:00,0.761552106905629,8.73006998948140,0.000000000000000E+000,8.01323375799807,0.000000000000000E+000,0.220630647062056,0.220630647062056,0.220630647062056,6.934340918976298E-002,1.510816208327000E-002,9.029493158039664E-002,0.349062943300542,0.692793573986219 
 04/22  06:00:00,0.944217765961347,9.85078325364924,0.000000000000000E+000,8.56298890658756,0.000000000000000E+000,0.235767212127057,0.235767212127057,0.235767212127057,0.114212654290690,2.488402738120598E-002,0.148933953623333,0.403307904849463,1.26001542062939 
 04/22  07:00:00,1.17274887021633,9.39426472367202,0.000000000000000E+000,7.94179795349597,0.000000000000000E+000,0.218663784713262,0.218663784713262,0.218663784713262,0.212109227053126,4.621319630977747E-002,0.235105770880487,0.428544865570085,1.42294957958675 
 04/22  08:00:00,1.10900193171129,9.17192133074694,0.000000000000000E+000,7.75509045064470,0.000000000000000E+000,0.213523113866826,0.213523113866826,0.213523113866826,0.171318981436035,3.732604107180897E-002,0.307411851301548,0.362309930345465,1.39187580042309 
 04/22  09:00:00,1.01410958632306,8.84867924122642,0.000000000000000E+000,7.55719170505605,0.000000000000000E+000,0.208074311347067,0.208074311347067,0.208074311347067,8.158048287489020E-002,1.777430683338409E-002,0.381213422773294,0.308355048804828,1.27024874537859 
 04/22  10:00:00,1.02355090784184,8.73410065652477,0.000000000000000E+000,7.59141354699162,0.000000000000000E+000,0.209016551066751,0.209016551066751,0.209016551066751,6.526438462805398E-002,1.421944655947315E-002,0.402331462886063,0.315607049011904,1.12094881754682 
 04/22  11:00:00,0.996555457420470,7.00537330800283,0.000000000000000E+000,5.99898957528001,0.000000000000000E+000,0.165171888364233,0.165171888364233,0.165171888364233,6.526438462805398E-002,1.421944655947315E-002,0.419083981831112,0.315703742347997,0.984638780720542 
 04/22  12:00:00,0.950886933472713,5.95844578221662,0.000000000000000E+000,5.05545622018807,0.000000000000000E+000,0.139193315799719,0.139193315799719,0.139193315799719,6.526438462805398E-002,1.421944655947315E-002,0.404712163933058,0.310385608862808,0.881610910902295 
 04/22  13:00:00,0.905075876727789,5.17188883599104,0.000000000000000E+000,4.33201289062201,0.000000000000000E+000,0.119274544585092,0.119274544585092,0.119274544585092,6.526438462805398E-002,1.421944655947315E-002,0.368086918096288,0.321118569169280,0.817758032474836 
 04/22  14:00:00,0.877050044298043,4.51075530278202,0.000000000000000E+000,3.72996967670355,0.000000000000000E+000,0.102698317326830,0.102698317326830,0.102698317326830,6.526438462805398E-002,1.421944655947315E-002,0.338555659075166,0.339200223018920,0.757422290205906 
 04/22  15:00:00,0.885046727149140,3.89155520942312,0.000000000000000E+000,3.10232631329176,0.000000000000000E+000,8.541723386217576E-002,8.541723386217576E-002,8.541723386217576E-002,6.526438462805398E-002,1.421944655947315E-002,0.344978224852520,0.358055423557315,0.764566857152994 
 04/22  16:00:00,0.986156079319168,3.44940988182981,0.000000000000000E+000,2.57716073832419,0.000000000000000E+000,7.095770053030945E-002,7.095770053030945E-002,7.095770053030945E-002,6.934340918976298E-002,1.510816208327000E-002,0.390117981733050,0.423516812093179,0.843078273744540 
 04/22  17:00:00,1.18191292565239,3.30293028650689,0.000000000000000E+000,2.26897478302688,0.000000000000000E+000,6.247232885812810E-002,6.247232885812810E-002,6.247232885812810E-002,9.381757327859858E-002,2.044045886860401E-002,0.473565309599511,0.514505241357947,0.998517558731466 
 04/22  18:00:00,1.30099354244310,3.20369674943693,0.000000000000000E+000,2.01368669457814,0.000000000000000E+000,5.544340921810605E-002,5.544340921810605E-002,5.544340921810605E-002,0.171318981436035,3.732604107180897E-002,0.431195670410591,0.558597402616962,1.15153514284744 
 04/22  19:00:00,1.42523406766384,3.51114466382240,0.000000000000000E+000,2.28735655036502,0.000000000000000E+000,6.297843929299585E-002,6.297843929299585E-002,6.297843929299585E-002,0.338558963388235,7.376337208365046E-002,0.356238916078855,0.576582363130508,1.18407443848360 
 04/22  20:00:00,1.68632534690764,3.92344637968234,0.000000000000000E+000,2.78053999395185,0.000000000000000E+000,7.655739949370810E-002,7.655739949370810E-002,7.655739949370810E-002,0.554747273518103,0.120865296666160,0.320638866510224,0.596404497029846,1.10182740749162 
 04/22  21:00:00,1.73159485221954,4.53833406710615,0.000000000000000E+000,3.50741961618273,0.000000000000000E+000,9.657078313286026E-002,9.657078313286026E-002,9.657078313286026E-002,0.599616518619031,0.130641161964096,0.305173718181688,0.582480656632261,0.990794514978056 
 04/22  22:00:00,1.42770014335108,4.99172934487895,0.000000000000000E+000,4.13810724874357,0.000000000000000E+000,0.113935685326940,0.113935685326940,0.113935685326940,0.448692701787994,9.775868940488895E-002,0.246138692081900,0.504062361059758,0.818903433106956 
 04/22  23:00:00,1.12783625338320,5.44919790173886,0.000000000000000E+000,4.79105534445902,0.000000000000000E+000,0.131913491192374,0.131913491192374,0.131913491192374,0.310005799815561,6.754236523834896E-002,0.163241770939991,0.438020812507328,0.627972685129702 
 04/22  24:00:00,0.825380129511859,5.80610652135969,0.000000000000000E+000,5.35417176390965,0.000000000000000E+000,0.147417935933008,0.147417935933008,0.147417935933008,0.159081899391618,3.465989267914196E-002,0.104798457473024,0.362309930345465,0.426979677770897 
 04/23  01:00:00,0.719218082009016,6.22910081851767,0.000000000000000E+000,5.86658823158547,0.000000000000000E+000,0.161526444463129,0.161526444463129,0.161526444463129,9.789657276243555E-002,2.132916892857149E-002,8.776187263983333E-002,0.333592009525450,0.339535531983430 
 04/23  02:00:00,0.671970604540659,6.56584897425942,0.000000000000000E+000,6.22852554534689,0.000000000000000E+000,0.171491767595177,0.171491767595177,0.171491767595177,6.526438462805398E-002,1.421944655947315E-002,7.415871598667921E-002,0.329724276081677,0.314612774600843 
 04/23  03:00:00,0.666342080572888,6.85237871242339,0.000000000000000E+000,6.50927587825606,0.000000000000000E+000,0.179221746463049,0.179221746463049,0.179221746463049,6.526438462805398E-002,1.421944655947315E-002,6.544149328356358E-002,0.325082995949147,0.320711860620130 
 04/23  04:00:00,0.676082713718672,7.31689875694585,0.000000000000000E+000,6.90486116338982,0.000000000000000E+000,0.190113508773136,0.190113508773136,0.190113508773136,6.526438462805398E-002,1.421944655947315E-002,7.657041780324052E-002,0.312802942265167,0.390492442031615 
 04/23  05:00:00,0.739632549637636,7.93293469523790,0.000000000000000E+000,7.21712252594948,0.000000000000000E+000,0.198711089794064,0.198711089794064,0.198711089794064,6.934340918976298E-002,1.510816208327000E-002,9.029493158039664E-002,0.349062943300542,0.691769511791272 
 04/23  06:00:00,0.926583216687439,9.20812328659826,0.000000000000000E+000,7.92250777928054,0.000000000000000E+000,0.218132662853146,0.218132662853146,0.218132662853146,0.114212654290690,2.488402738120598E-002,0.148933953623333,0.403307904849463,1.25783658088543 
 04/23  07:00:00,1.16138472262064,8.97903683125550,0.000000000000000E+000,7.52905578753998,0.000000000000000E+000,0.207299637117571,0.207299637117571,0.207299637117571,0.212109227053126,4.621319630977747E-002,0.235105770880487,0.428544865570085,1.42046385312622 
 04/23  08:00:00,1.10436951821995,9.00040527681821,0.000000000000000E+000,7.58684269058024,0.000000000000000E+000,0.208890700375492,0.208890700375492,0.208890700375492,0.171318981436035,3.732604107180897E-002,0.307411851301548,0.362309930345465,1.38860750655881 
 04/23  09:00:00,1.01736452679306,8.96444242618970,0.000000000000000E+000,7.67541009040635,0.000000000000000E+000,0.211329251817066,0.211329251817066,0.211329251817066,8.158048287489020E-002,1.777430683338409E-002,0.381213422773294,0.308355048804828,1.26779354499158 
 04/23  10:00:00,1.05272412967513,9.79160745192028,0.000000000000000E+000,8.65097553050103,0.000000000000000E+000,0.238189772900035,0.238189772900035,0.238189772900035,6.526438462805398E-002,1.421944655947315E-002,0.402331462886063,0.315607049011904,1.11889362943292 
 04/23  11:00:00,1.03837982355259,8.52220748555698,0.000000000000000E+000,7.51803702883923,0.000000000000000E+000,0.206996254496348,0.206996254496348,0.206996254496348,6.526438462805398E-002,1.421944655947315E-002,0.419083981831112,0.315703742347997,0.982425504715503 
 04/23  12:00:00,1.00615395023117,7.96312644815284,0.000000000000000E+000,7.06273639767018,0.000000000000000E+000,0.194460332558176,0.194460332558176,0.194460332558176,6.526438462805398E-002,1.421944655947315E-002,0.404712163933058,0.310385608862808,0.879011399356421 
 04/23  13:00:00,0.963701264626781,7.29803255545498,0.000000000000000E+000,6.46126802196287,0.000000000000000E+000,0.177899932484084,0.177899932484084,0.177899932484084,6.526438462805398E-002,1.421944655947315E-002,0.368086918096288,0.321118569169280,0.814646620597931 
 04/23  14:00:00,0.937345056565451,6.69750776998968,0.000000000000000E+000,5.91986502521431,0.000000000000000E+000,0.162993329594240,0.162993329594240,0.162993329594240,6.526438462805398E-002,1.421944655947315E-002,0.338555659075166,0.339200223018920,0.754279408902817 
 04/23  15:00:00,0.946698836693963,6.12753661162851,0.000000000000000E+000,5.34151099608618,0.000000000000000E+000,0.147069343407000,0.147069343407000,0.147069343407000,6.526438462805398E-002,1.421944655947315E-002,0.344978224852520,0.358055423557315,0.761363576563954 
 04/23  16:00:00,1.04626608669555,5.62936339857484,0.000000000000000E+000,4.76033676901615,0.000000000000000E+000,0.131067707906691,0.131067707906691,0.131067707906691,6.934340918976298E-002,1.510816208327000E-002,0.390117981733050,0.423516812093179,0.839855759797643 
 04/23  17:00:00,1.26429683739297,6.29115308096847,0.000000000000000E+000,5.26113181771962,0.000000000000000E+000,0.144856240598707,0.144856240598707,0.144856240598707,9.381757327859858E-002,2.044045886860401E-002,0.473565309599511,0.514505241357947,0.994583318500318 
 04/23  18:00:00,1.38571765038734,6.27626729188309,0.000000000000000E+000,5.09083889866008,0.000000000000000E+000,0.140167517162343,0.140167517162343,0.140167517162343,0.171318981436035,3.732604107180897E-002,0.431195670410591,0.558597402616962,1.14695348121168 
 04/23  19:00:00,1.47927453498782,5.46795528032261,0.000000000000000E+000,4.25008884900469,0.000000000000000E+000,0.117018906616971,0.117018906616971,0.117018906616971,0.338558963388235,7.376337208365046E-002,0.356238916078855,0.576582363130508,1.17815275634413 
 04/23  20:00:00,1.72705505682989,5.39768384301462,0.000000000000000E+000,4.25982988793771,0.000000000000000E+000,0.117287109415960,0.117287109415960,0.117287109415960,0.554747273518103,0.120865296666160,0.320638866510224,0.596404497029846,1.09677497683805 
 04/23  21:00:00,1.76091716608589,5.59910741911441,0.000000000000000E+000,4.57239657412267,0.000000000000000E+000,0.125893096999212,0.125893096999212,0.125893096999212,0.599616518619031,0.130641161964096,0.305173718181688,0.582480656632261,0.986590909046390 
 04/23  22:00:00,1.45615943958656,6.02241031919121,0.000000000000000E+000,5.17173968539627,0.000000000000000E+000,0.142394981562420,0.142394981562420,0.142394981562420,0.448692701787994,9.775868940488895E-002,0.246138692081900,0.504062361059758,0.815951970766532 
 04/23  23:00:00,1.15878075234917,6.57071544218737,0.000000000000000E+000,5.91494954066571,0.000000000000000E+000,0.162857990158335,0.162857990158335,0.162857990158335,0.310005799815561,6.754236523834896E-002,0.163241770939991,0.438020812507328,0.625596029371537 
 04/23  24:00:00,0.862767806474038,7.16225442093348,0.000000000000000E+000,6.71208010146798,0.000000000000000E+000,0.184805612895186,0.184805612895186,0.184805612895186,0.159081899391618,3.465989267914196E-002,0.104798457473024,0.362309930345465,0.425219239786345 
 04/24  01:00:00,0.753546143265905,7.60942855635403,0.000000000000000E+000,7.25672706887462,0.000000000000000E+000,0.199801532952975,0.199801532952975,0.199801532952975,9.789657276243555E-002,2.132916892857149E-002,8.381484540687240E-002,0.333592009525450,0.329724432530607 
 04/24  02:00:00,0.708443257670303,7.97802059161017,0.000000000000000E+000,7.64803992436682,0.000000000000000E+000,0.210575661241043,0.210575661241043,0.210575661241043,6.526438462805398E-002,1.421944655947315E-002,7.154747547045819E-002,0.329724276081677,0.307270012931666 
 04/24  03:00:00,0.704780636256863,8.29003448394728,0.000000000000000E+000,7.95494286885793,0.000000000000000E+000,0.219025707411322,0.219025707411322,0.219025707411322,6.526438462805398E-002,1.421944655947315E-002,6.407608801926525E-002,0.325082995949147,0.312700641542141 
 04/24  04:00:00,0.709535671211033,8.61415831076189,0.000000000000000E+000,8.21687734795784,0.000000000000000E+000,0.226237624017897,0.226237624017897,0.226237624017897,6.526438462805398E-002,1.421944655947315E-002,7.389926005084047E-002,0.312802942265167,0.375735811279620 
 04/24  05:00:00,0.766601179085772,9.02130485084714,0.000000000000000E+000,8.34540509647004,0.000000000000000E+000,0.229776415119726,0.229776415119726,0.229776415119726,6.934340918976298E-002,1.510816208327000E-002,8.619823570287033E-002,0.349062943300542,0.651857096879960 
 04/24  06:00:00,0.943480694081610,10.1174687882359,0.000000000000000E+000,8.92213417085368,0.000000000000000E+000,0.245655660965233,0.245655660965233,0.245655660965233,0.114212654290690,2.488402738120598E-002,0.138308432905419,0.403307904849463,1.16755569094988 
 04/24  07:00:00,1.15262356644867,9.31940528048320,0.000000000000000E+000,7.97942786541144,0.000000000000000E+000,0.219699859794250,0.219699859794250,0.219699859794250,0.212109227053126,4.621319630977747E-002,0.213944392031827,0.428544865570085,1.31046022448250 
 04/24  08:00:00,1.06968378636053,8.80465026482205,0.000000000000000E+000,7.50518134739450,0.000000000000000E+000,0.206642295358098,0.206642295358098,0.206642295358098,0.171318981436035,3.732604107180897E-002,0.274974524459516,0.362309930345465,1.27451383774839 
 04/24  09:00:00,0.951722118205772,8.11009122800121,0.000000000000000E+000,6.92681382730968,0.000000000000000E+000,0.190717937720506,0.190717937720506,0.190717937720506,8.158048287489020E-002,1.777430683338409E-002,0.336182328282564,0.308355048804828,1.16203860989973 
 04/24  10:00:00,0.958743197660294,8.13677009450670,0.000000000000000E+000,7.08688093235385,0.000000000000000E+000,0.195125110907485,0.195125110907485,0.195125110907485,6.526438462805398E-002,1.421944655947315E-002,0.351415192863779,0.315607049011904,1.02815087016652 
 04/24  11:00:00,0.933789398649169,6.55488716250909,0.000000000000000E+000,5.62572291481204,0.000000000000000E+000,0.154894631102950,0.154894631102950,0.154894631102950,6.526438462805398E-002,1.421944655947315E-002,0.366595180321093,0.315703742347997,0.907419295694789 
 04/24  12:00:00,0.895681168339286,5.62283225347887,0.000000000000000E+000,4.78686419227673,0.000000000000000E+000,0.131798095005786,0.131798095005786,0.131798095005786,6.526438462805398E-002,1.421944655947315E-002,0.356901619593564,0.310385608862808,0.814589410075890 
 04/24  13:00:00,0.856215936664374,4.92204674689694,0.000000000000000E+000,4.14054017966408,0.000000000000000E+000,0.114002671906822,0.114002671906822,0.114002671906822,6.526438462805398E-002,1.421944655947315E-002,0.324498850711145,0.321118569169280,0.759388654338690 
 04/24  14:00:00,0.833507962004364,4.29741952747351,0.000000000000000E+000,3.56956459414936,0.000000000000000E+000,9.828183850881819E-002,9.828183850881819E-002,9.828183850881819E-002,6.526438462805398E-002,1.421944655947315E-002,0.299430055599500,0.339200223018920,0.704491597451610 
 04/24  15:00:00,0.844233927678777,3.70248603159432,0.000000000000000E+000,2.96598962124755,0.000000000000000E+000,8.166343689425475E-002,8.166343689425475E-002,8.166343689425475E-002,6.526438462805398E-002,1.421944655947315E-002,0.307919222350081,0.358055423557315,0.711834371368428 
 04/24  16:00:00,0.949669707233719,3.36435345443303,0.000000000000000E+000,2.55651575869508,0.000000000000000E+000,7.038927642691803E-002,7.038927642691803E-002,7.038927642691803E-002,6.934340918976298E-002,1.510816208327000E-002,0.354200033750992,0.423516812093179,0.778666825976887 
 04/24  17:00:00,1.16310397596874,3.82692330343800,0.000000000000000E+000,2.86981151375762,0.000000000000000E+000,7.901533767120096E-002,7.901533767120096E-002,7.901533767120096E-002,9.381757327859858E-002,2.044045886860401E-002,0.438213351102789,0.514505241357947,0.921673844931839 
 04/24  18:00:00,1.27817547847333,3.52163716140384,0.000000000000000E+000,2.43108255236065,0.000000000000000E+000,6.693568823613164E-002,6.693568823613164E-002,6.693568823613164E-002,0.171318981436035,3.732604107180897E-002,0.396885327422791,0.558597402616962,1.05207969703185 
 04/24  19:00:00,1.39797382616908,3.65425986999986,0.000000000000000E+000,2.54103278807422,0.000000000000000E+000,6.996297938758429E-002,6.996297938758429E-002,6.996297938758429E-002,0.338558963388235,7.376337208365046E-002,0.321994134489507,0.576582363130508,1.07351340695184 
 04/24  20:00:00,1.65319473130980,3.88083118295796,0.000000000000000E+000,2.84318354076662,0.000000000000000E+000,7.828218210774392E-002,7.828218210774392E-002,7.828218210774392E-002,0.554747273518103,0.120865296666160,0.285783468298347,0.596404497029846,0.996568663952488 
 04/24  21:00:00,1.69042301452828,4.24753696652211,0.000000000000000E+000,3.30530236856492,0.000000000000000E+000,9.100583139539103E-002,9.100583139539103E-002,9.100583139539103E-002,0.599616518619031,0.130641161964096,0.269566832227902,0.582480656632261,0.902114662011822 
 04/24  22:00:00,1.39351379616757,4.70845229974246,0.000000000000000E+000,3.92407130381714,0.000000000000000E+000,0.108042572702274,0.108042572702274,0.108042572702274,0.448692701787994,9.775868940488895E-002,0.217845457523059,0.504062361059758,0.749662332896903 
 04/24  23:00:00,1.10775010132637,5.24061965135720,0.000000000000000E+000,4.62575380744025,0.000000000000000E+000,0.127362196899181,0.127362196899181,0.127362196899181,0.310005799815561,6.754236523834896E-002,0.147706913176347,0.438020812507328,0.584695971766812 
 04/24  24:00:00,0.818199563456983,5.76734109424935,0.000000000000000E+000,5.33213016139138,0.000000000000000E+000,0.146811058213881,0.146811058213881,0.146811058213881,0.159081899391618,3.465989267914196E-002,9.822476913727689E-002,0.362309930345465,0.410255853178812 
 04/25  01:00:00,0.711626673756256,6.08771316806378,0.000000000000000E+000,5.73422549139617,0.000000000000000E+000,0.157882063443329,0.157882063443329,0.157882063443329,9.789657276243555E-002,2.132916892857149E-002,8.381484540687240E-002,0.333592009525450,0.330510621718833 
 04/25  02:00:00,0.663545681593823,6.34796368571400,0.000000000000000E+000,6.01737447938382,0.000000000000000E+000,0.165678085164562,0.165678085164562,0.165678085164562,6.526438462805398E-002,1.421944655947315E-002,7.154747547045819E-002,0.329724276081677,0.307878552018497 
 04/25  03:00:00,0.655224281309842,6.49116098023574,0.000000000000000E+000,6.15507208176323,0.000000000000000E+000,0.169469352464302,0.169469352464302,0.169469352464302,6.526438462805398E-002,1.421944655947315E-002,6.407608801926525E-002,0.325082995949147,0.313697924925320 
 04/25  04:00:00,0.655926254124095,6.66773641720317,0.000000000000000E+000,6.26980065454265,0.000000000000000E+000,0.172628206930960,0.172628206930960,0.172628206930960,6.526438462805398E-002,1.421944655947315E-002,7.389926005084047E-002,0.312802942265167,0.376390611136081 
 04/25  05:00:00,0.710371368821163,6.97885998134296,0.000000000000000E+000,6.30315657017417,0.000000000000000E+000,0.173546604855117,0.173546604855117,0.173546604855117,6.934340918976298E-002,1.510816208327000E-002,8.619823570287033E-002,0.349062943300542,0.651660753671669 
 04/25  06:00:00,0.872264960967533,7.52950021021840,0.000000000000000E+000,6.33560177252464,0.000000000000000E+000,0.174439927851155,0.174439927851155,0.174439927851155,0.114212654290690,2.488402738120598E-002,0.138308432905419,0.403307904849463,1.16611951126147 
 04/25  07:00:00,1.11279015034567,7.87146586416840,0.000000000000000E+000,6.53269107311487,0.000000000000000E+000,0.179866443691258,0.179866443691258,0.179866443691258,0.212109227053126,4.621319630977747E-002,0.213944392031827,0.428544865570085,1.30925760046426 
 04/25  08:00:00,1.03180740259252,7.42740470945674,0.000000000000000E+000,6.12952333667722,0.000000000000000E+000,0.168765911590095,0.168765911590095,0.168765911590095,0.171318981436035,3.732604107180897E-002,0.274974524459516,0.362309930345465,1.27292629310036 
 04/25  09:00:00,0.925499502190229,7.15628373641330,0.000000000000000E+000,5.97441689299047,0.000000000000000E+000,0.164495321704963,0.164495321704963,0.164495321704963,8.158048287489020E-002,1.777430683338409E-002,0.336182328282564,0.308355048804828,1.16062805263105 
 04/25  10:00:00,0.948805257406301,7.77476496796780,0.000000000000000E+000,6.72593815586883,0.000000000000000E+000,0.185187170653492,0.185187170653492,0.185187170653492,6.526438462805398E-002,1.421944655947315E-002,0.351415192863779,0.315607049011904,1.02708852011266 
 04/25  11:00:00,0.938189526401540,6.71347355488780,0.000000000000000E+000,5.78553413194949,0.000000000000000E+000,0.159294758855322,0.159294758855322,0.159294758855322,6.526438462805398E-002,1.421944655947315E-002,0.366595180321093,0.315703742347997,0.906194470936055 
 04/25  12:00:00,0.919649834069087,6.49085605875561,0.000000000000000E+000,5.65739838105697,0.000000000000000E+000,0.155766760735589,0.155766760735589,0.155766760735589,6.526438462805398E-002,1.421944655947315E-002,0.356901619593564,0.310385608862808,0.812079026572390 
 04/25  13:00:00,0.889942063227739,6.14468208098365,0.000000000000000E+000,5.36546219073929,0.000000000000000E+000,0.147728798470188,0.147728798470188,0.147728798470188,6.526438462805398E-002,1.421944655947315E-002,0.324498850711145,0.321118569169280,0.757101977350164 
 04/25  14:00:00,0.880016946751602,5.98467038646495,0.000000000000000E+000,5.25875588098789,0.000000000000000E+000,0.144790823256055,0.144790823256055,0.144790823256055,6.526438462805398E-002,1.421944655947315E-002,0.299430055599500,0.339200223018920,0.702551169604497 
 04/25  15:00:00,0.912027152244844,6.16240529682668,0.000000000000000E+000,5.42821761581787,0.000000000000000E+000,0.149456661460323,0.149456661460323,0.149456661460323,6.526438462805398E-002,1.421944655947315E-002,0.307919222350081,0.358055423557315,0.709525642030446 
 04/25  16:00:00,1.02278273816911,6.01732890765664,0.000000000000000E+000,5.21195740038250,0.000000000000000E+000,0.143502307362308,0.143502307362308,0.143502307362308,6.934340918976298E-002,1.510816208327000E-002,0.354200033750992,0.423516812093179,0.776200637513069 
 04/25  17:00:00,1.24625388882679,6.84293748358611,0.000000000000000E+000,5.88978946134208,0.000000000000000E+000,0.162165250529247,0.162165250529247,0.162165250529247,9.381757327859858E-002,2.044045886860401E-002,0.438213351102789,0.514505241357947,0.917710077495508 
 04/25  18:00:00,1.35322114350781,6.24267034592545,0.000000000000000E+000,5.15671683958895,0.000000000000000E+000,0.141981353270611,0.141981353270611,0.141981353270611,0.171318981436035,3.732604107180897E-002,0.396885327422791,0.558597402616962,1.04747859432516 
 04/25  19:00:00,1.46405432316345,6.04912406899133,0.000000000000000E+000,4.94105507106928,0.000000000000000E+000,0.136043476381952,0.136043476381952,0.136043476381952,0.338558963388235,7.376337208365046E-002,0.321994134489507,0.576582363130508,1.06835532294825 
 04/25  20:00:00,1.70990134487453,5.93523217028788,0.000000000000000E+000,4.90274940874333,0.000000000000000E+000,0.134988795672472,0.134988795672472,0.134988795672472,0.554747273518103,0.120865296666160,0.285783468298347,0.596404497029846,0.991403783305681 
 04/25  21:00:00,1.73866123988208,5.99500651590138,0.000000000000000E+000,5.05729911506522,0.000000000000000E+000,0.139244056749190,0.139244056749190,0.139244056749190,0.599616518619031,0.130641161964096,0.269566832227902,0.582480656632261,0.897587464890811 
 04/25  22:00:00,1.43092198143930,6.06342148404281,0.000000000000000E+000,5.28272449654658,0.000000000000000E+000,0.145450757973997,0.145450757973997,0.145450757973997,0.448692701787994,9.775868940488895E-002,0.217845457523059,0.504062361059758,0.745978324467821 
 04/25  23:00:00,1.13543954591337,6.24331154850313,0.000000000000000E+000,5.63142548116003,0.000000000000000E+000,0.155051641486182,0.155051641486182,0.155051641486182,0.310005799815561,6.754236523834896E-002,0.147706913176347,0.438020812507328,0.581716195192962 
 04/25  24:00:00,0.837657602821263,6.47187749067018,0.000000000000000E+000,6.03883985913544,0.000000000000000E+000,0.166269097578161,0.166269097578161,0.166269097578161,0.159081899391618,3.465989267914196E-002,9.822476913727689E-002,0.362309930345465,0.408082551855578 
 04/26  01:00:00,0.729583941907103,6.73816319778336,0.000000000000000E+000,6.38642766395882,0.000000000000000E+000,0.175839331594174,0.175839331594174,0.175839331594174,9.789657276243555E-002,2.132916892857149E-002,8.381484540687240E-002,0.333592009525450,0.328758478875745 
 04/26  02:00:00,0.681265867029524,6.99035196012782,0.000000000000000E+000,6.66096588439567,0.000000000000000E+000,0.183398270600264,0.183398270600264,0.183398270600264,6.526438462805398E-002,1.421944655947315E-002,7.154747547045819E-002,0.329724276081677,0.306675421420460 
 04/26  03:00:00,0.679172882620127,7.35985338148147,0.000000000000000E+000,7.02487753731467,0.000000000000000E+000,0.193417953774588,0.193417953774588,0.193417953774588,6.526438462805398E-002,1.421944655947315E-002,6.407608801926525E-002,0.325082995949147,0.312584870619619 
 04/26  04:00:00,0.678081025669236,7.47148604407750,0.000000000000000E+000,7.07445479307822,0.000000000000000E+000,0.194782978476102,0.194782978476102,0.194782978476102,6.526438462805398E-002,1.421944655947315E-002,7.389926005084047E-002,0.312802942265167,0.375486099474839 
 04/26  05:00:00,0.731053450310812,7.72813999722022,0.000000000000000E+000,7.05432308210445,0.000000000000000E+000,0.194228686344767,0.194228686344767,0.194228686344767,6.934340918976298E-002,1.510816208327000E-002,8.619823570287033E-002,0.349062943300542,0.649774257618624 
 04/26  06:00:00,0.887196899669827,8.06839340674612,0.000000000000000E+000,6.87792495778876,0.000000000000000E+000,0.189371866553448,0.189371866553448,0.189371866553448,0.114212654290690,2.488402738120598E-002,0.138308432905419,0.403307904849463,1.16268952252509 
 04/26  07:00:00,1.11545814292560,7.96458414745633,0.000000000000000E+000,6.62959170089362,0.000000000000000E+000,0.182534436271184,0.182534436271184,0.182534436271184,0.212109227053126,4.621319630977747E-002,0.213944392031827,0.428544865570085,1.30547525597343 
 04/26  08:00:00,1.04358965478491,7.85197008620907,0.000000000000000E+000,6.55745092638679,0.000000000000000E+000,0.180548163782488,0.180548163782488,0.180548163782488,0.171318981436035,3.732604107180897E-002,0.274974524459516,0.362309930345465,1.26956408014313 
 04/26  09:00:00,0.939116597553255,7.64780106252534,0.000000000000000E+000,6.46898539334106,0.000000000000000E+000,0.178112417067988,0.178112417067988,0.178112417067988,8.158048287489020E-002,1.777430683338409E-002,0.336182328282564,0.308355048804828,1.15757687839249 
 04/26  10:00:00,0.956612355311597,8.05536837483610,0.000000000000000E+000,7.00948942728003,0.000000000000000E+000,0.192994268558789,0.192994268558789,0.192994268558789,6.526438462805398E-002,1.421944655947315E-002,0.351415192863779,0.315607049011904,1.02414065556975 
 04/26  11:00:00,0.940542373552494,6.79652476373829,0.000000000000000E+000,5.87098877965366,0.000000000000000E+000,0.161647606006276,0.161647606006276,0.161647606006276,6.526438462805398E-002,1.421944655947315E-002,0.366595180321093,0.315703742347997,0.903791032082378 
 04/26  12:00:00,0.910279946314810,6.14977563532782,0.000000000000000E+000,5.31708708767577,0.000000000000000E+000,0.146396872981312,0.146396872981312,0.146396872981312,6.526438462805398E-002,1.421944655947315E-002,0.356901619593564,0.310385608862808,0.811309896525787 
 04/26  13:00:00,0.876304231390613,5.64844559066339,0.000000000000000E+000,4.87014054835468,0.000000000000000E+000,0.134090966633062,0.134090966633062,0.134090966633062,6.526438462805398E-002,1.421944655947315E-002,0.324498850711145,0.321118569169280,0.756187129414536 
 04/26  14:00:00,0.856850936626520,5.14214313323766,0.000000000000000E+000,4.41737388422378,0.000000000000000E+000,0.121624813130973,0.121624813130973,0.121624813130973,6.526438462805398E-002,1.421944655947315E-002,0.299430055599500,0.339200223018920,0.701405913141318 
 04/26  15:00:00,0.874032123216806,4.78142121001380,0.000000000000000E+000,4.04825044762132,0.000000000000000E+000,0.111461632432284,0.111461632432284,0.111461632432284,6.526438462805398E-002,1.421944655947315E-002,0.307919222350081,0.358055423557315,0.708508723414100 
 04/26  16:00:00,0.982773546265966,4.56305978479263,0.000000000000000E+000,3.75883648786334,0.000000000000000E+000,0.103493115459163,0.103493115459163,0.103493115459163,6.934340918976298E-002,1.510816208327000E-002,0.354200033750992,0.423516812093179,0.775052427168207 
 04/26  17:00:00,1.18060224170108,4.45748708142978,0.000000000000000E+000,3.50534286690352,0.000000000000000E+000,9.651360340353984E-002,9.651360340353984E-002,9.651360340353984E-002,9.381757327859858E-002,2.044045886860401E-002,0.438213351102789,0.514505241357947,0.916706269777732 
 04/26  18:00:00,1.30135961066956,4.35840108799072,0.000000000000000E+000,3.27312273688882,0.000000000000000E+000,9.011982043235978E-002,9.011982043235978E-002,9.011982043235978E-002,0.171318981436035,3.732604107180897E-002,0.396885327422791,0.558597402616962,1.04680343909055 
 04/26  19:00:00,1.42153102768883,4.50440374046555,0.000000000000000E+000,3.39662272979668,0.000000000000000E+000,9.352018090733291E-002,9.352018090733291E-002,9.352018090733291E-002,0.338558963388235,7.376337208365046E-002,0.321994134489507,0.576582363130508,1.06806733569509 
 04/26  20:00:00,1.67477246134662,4.65937685584856,0.000000000000000E+000,3.62687971831248,0.000000000000000E+000,9.985991214456247E-002,9.985991214456247E-002,9.985991214456247E-002,0.554747273518103,0.120865296666160,0.285783468298347,0.596404497029846,0.991418159297226 
 04/26  21:00:00,1.70966987330384,4.94193619748793,0.000000000000000E+000,4.00434205561419,0.000000000000000E+000,0.110252690170950,0.110252690170950,0.110252690170950,0.599616518619031,0.130641161964096,0.269566832227902,0.582480656632261,0.897474205928390 
 04/26  22:00:00,1.41257480137523,5.39720235399687,0.000000000000000E+000,4.61636084937775,0.000000000000000E+000,0.127103577909926,0.127103577909926,0.127103577909926,0.448692701787994,9.775868940488895E-002,0.217845457523059,0.504062361059758,0.746122841590721 
 04/26  23:00:00,1.12743239543388,5.95280861017563,0.000000000000000E+000,5.34060836494350,0.000000000000000E+000,0.147044491006698,0.147044491006698,0.147044491006698,0.310005799815561,6.754236523834896E-002,0.147706913176347,0.438020812507328,0.582030373081998 
 04/26  24:00:00,0.839786569302512,6.54962726725876,0.000000000000000E+000,6.11616323331017,0.000000000000000E+000,0.168398064059409,0.168398064059409,0.168398064059409,0.159081899391618,3.465989267914196E-002,9.822476913727689E-002,0.362309930345465,0.408508954269438 
 04/27  01:00:00,0.736376129570241,6.98534604496678,0.000000000000000E+000,6.63311772355696,0.000000000000000E+000,0.182631519257312,0.182631519257312,0.182631519257312,9.789657276243555E-002,2.132916892857149E-002,8.381484540687240E-002,0.333592009525450,0.329251266461030 
 04/27  02:00:00,0.690687480182898,7.33288687381094,0.000000000000000E+000,7.00315582754615,0.000000000000000E+000,0.192819883753638,0.192819883753638,0.192819883753638,6.526438462805398E-002,1.421944655947315E-002,7.154747547045819E-002,0.329724276081677,0.307020391953095 
 04/27  03:00:00,0.686262951336475,7.61754158035828,0.000000000000000E+000,7.28238654044235,0.000000000000000E+000,0.200508022490936,0.200508022490936,0.200508022490936,6.526438462805398E-002,1.421944655947315E-002,6.407608801926525E-002,0.325082995949147,0.312764066368722 
 04/27  04:00:00,0.689606444250539,7.88940065722023,0.000000000000000E+000,7.49305426908287,0.000000000000000E+000,0.206308397057404,0.206308397057404,0.206308397057404,6.526438462805398E-002,1.421944655947315E-002,7.389926005084047E-002,0.312802942265167,0.374801236612911 
 04/27  05:00:00,0.745499388542409,8.25144809028594,0.000000000000000E+000,7.57899488742634,0.000000000000000E+000,0.208674624576363,0.208674624576363,0.208674624576363,6.934340918976298E-002,1.510816208327000E-002,8.619823570287033E-002,0.349062943300542,0.648410545362480 
 04/27  06:00:00,0.903887198256222,8.67185304345452,0.000000000000000E+000,7.48411120545881,0.000000000000000E+000,0.206062165139843,0.206062165139843,0.206062165139843,0.114212654290690,2.488402738120598E-002,0.138308432905419,0.403307904849463,1.15996291156343 
 04/27  07:00:00,1.12768866229839,8.40531268197557,0.000000000000000E+000,7.07380020964339,0.000000000000000E+000,0.194764955643979,0.194764955643979,0.194764955643979,0.212109227053126,4.621319630977747E-002,0.213944392031827,0.428544865570085,1.30199528174292 
 04/27  08:00:00,1.04893161160326,8.04245292544311,0.000000000000000E+000,6.75146907064974,0.000000000000000E+000,0.185890120600831,0.185890120600831,0.185890120600831,0.171318981436035,3.732604107180897E-002,0.274974524459516,0.362309930345465,1.26602877511421 
 04/27  09:00:00,0.935648340977307,7.51852466780767,0.000000000000000E+000,6.34301943600079,0.000000000000000E+000,0.174644160492040,0.174644160492040,0.174644160492040,8.158048287489020E-002,1.777430683338409E-002,0.336182328282564,0.308355048804828,1.15426644101508 
 04/27  10:00:00,0.937696561963919,7.36551953231516,0.000000000000000E+000,6.32247392951779,0.000000000000000E+000,0.174078475211109,0.174078475211109,0.174078475211109,6.526438462805398E-002,1.421944655947315E-002,0.351415192863779,0.315607049011904,1.02130731081105 
 04/27  11:00:00,0.916715730296575,5.92907701181804,0.000000000000000E+000,5.00561280120043,0.000000000000000E+000,0.137820962750358,0.137820962750358,0.137820962750358,6.526438462805398E-002,1.421944655947315E-002,0.366595180321093,0.315703742347997,0.901719258615360 
 04/27  12:00:00,0.878589527962485,4.99703474247315,0.000000000000000E+000,4.16610134055738,0.000000000000000E+000,0.114706454628987,0.114706454628987,0.114706454628987,6.526438462805398E-002,1.421944655947315E-002,0.356901619593564,0.310385608862808,0.809554750789532 
 04/27  13:00:00,0.838202169666313,4.26325998776632,0.000000000000000E+000,3.48628598724006,0.000000000000000E+000,9.598890490876109E-002,9.598890490876109E-002,9.598890490876109E-002,6.526438462805398E-002,1.421944655947315E-002,0.324498850711145,0.321118569169280,0.754856087632076 
 04/27  14:00:00,0.815017665250816,3.62188790266573,0.000000000000000E+000,2.89800299509707,0.000000000000000E+000,7.979154175527040E-002,7.979154175527040E-002,7.979154175527040E-002,6.526438462805398E-002,1.421944655947315E-002,0.299430055599500,0.339200223018920,0.700521571696084 
 04/27  15:00:00,0.825274010312155,3.00990787659049,0.000000000000000E+000,2.27737155338530,0.000000000000000E+000,6.270351952763299E-002,6.270351952763299E-002,6.270351952763299E-002,6.526438462805398E-002,1.421944655947315E-002,0.307919222350081,0.358055423557315,0.707874284226835 
 04/27  16:00:00,0.929375088000598,2.62282136402080,0.000000000000000E+000,1.81942175063180,0.000000000000000E+000,5.009465719379675E-002,5.009465719379675E-002,5.009465719379675E-002,6.934340918976298E-002,1.510816208327000E-002,0.354200033750992,0.423516812093179,0.774228743627935 
 04/27  17:00:00,1.13414110939948,2.76955497706679,0.000000000000000E+000,1.81788956541713,0.000000000000000E+000,5.005247110194679E-002,5.005247110194679E-002,5.005247110194679E-002,9.381757327859858E-002,2.044045886860401E-002,0.438213351102789,0.514505241357947,0.916227466901120 
 04/27  18:00:00,1.25084830376877,2.52273137306048,0.000000000000000E+000,1.43856840362716,0.000000000000000E+000,3.960851353156881E-002,3.960851353156881E-002,3.960851353156881E-002,0.171318981436035,3.732604107180897E-002,0.396885327422791,0.558597402616962,1.04568805742198 
 04/27  19:00:00,1.37067724679282,2.65623439592006,0.000000000000000E+000,1.54962985177126,0.000000000000000E+000,4.266640001132159E-002,4.266640001132159E-002,4.266640001132159E-002,0.338558963388235,7.376337208365046E-002,0.321994134489507,0.576582363130508,1.06689086917501 
 04/27  20:00:00,1.62422090270244,2.82256284917683,0.000000000000000E+000,1.79086345474671,0.000000000000000E+000,4.930835350038097E-002,4.930835350038097E-002,4.930835350038097E-002,0.554747273518103,0.120865296666160,0.285783468298347,0.596404497029846,0.990620416191257 
 04/27  21:00:00,1.65945044050910,3.11745923316322,0.000000000000000E+000,2.18038849550351,0.000000000000000E+000,6.003325737620609E-002,6.003325737620609E-002,6.003325737620609E-002,0.599616518619031,0.130641161964096,0.269566832227902,0.582480656632261,0.896950801714376 
 04/27  22:00:00,1.36152419555005,3.54288693570778,0.000000000000000E+000,2.76221935357066,0.000000000000000E+000,7.605297208475344E-002,7.605297208475344E-002,7.605297208475344E-002,0.448692701787994,9.775868940488895E-002,0.217845457523059,0.504062361059758,0.745948919108725 
 04/27  23:00:00,1.07506478206460,4.05125207879590,0.000000000000000E+000,3.43863358100289,0.000000000000000E+000,9.467687763741429E-002,9.467687763741429E-002,9.467687763741429E-002,0.310005799815561,6.754236523834896E-002,0.147706913176347,0.438020812507328,0.582448625642880 
 04/27  24:00:00,0.785395078796847,4.57515407966395,0.000000000000000E+000,4.14068188621861,0.000000000000000E+000,0.114006573553743,0.114006573553743,0.114006573553743,0.159081899391618,3.465989267914196E-002,9.822476913727689E-002,0.362309930345465,0.409517113766184 
 04/28  01:00:00,0.681316163631453,4.98671598024918,0.000000000000000E+000,4.63335756489322,0.000000000000000E+000,0.127571553318526,0.127571553318526,0.127571553318526,9.789657276243555E-002,2.132916892857149E-002,8.381484540687240E-002,0.333592009525450,0.330381360407166 
 04/28  02:00:00,0.635314448619547,5.32301423831940,0.000000000000000E+000,4.99202522663129,0.000000000000000E+000,0.137446852190286,0.137446852190286,0.137446852190286,6.526438462805398E-002,1.421944655947315E-002,7.154747547045819E-002,0.329724276081677,0.308278357376400 
 04/28  03:00:00,0.630634477572592,5.59783324890116,0.000000000000000E+000,5.26197836140424,0.000000000000000E+000,0.144879548727054,0.144879548727054,0.144879548727054,6.526438462805398E-002,1.421944655947315E-002,6.407608801926525E-002,0.325082995949147,0.313463913949742 
 04/28  04:00:00,0.633977248000187,5.86986581400295,0.000000000000000E+000,5.47261984956979,0.000000000000000E+000,0.150679200807052,0.150679200807052,0.150679200807052,6.526438462805398E-002,1.421944655947315E-002,7.389926005084047E-002,0.312802942265167,0.375700812908699 
 04/28  05:00:00,0.689831361929337,6.22975093526773,0.000000000000000E+000,5.55715016169549,0.000000000000000E+000,0.153006597963291,0.153006597963291,0.153006597963291,6.934340918976298E-002,1.510816208327000E-002,8.619823570287033E-002,0.349062943300542,0.648558116075125 
 04/28  06:00:00,0.857341707553712,6.97989877254172,0.000000000000000E+000,5.79359403412938,0.000000000000000E+000,0.159516674437334,0.159516674437334,0.159516674437334,0.114212654290690,2.488402738120598E-002,0.138308432905419,0.403307904849463,1.15852581198006 
 04/28  07:00:00,1.07344281035397,6.43301496209744,0.000000000000000E+000,5.10360840800232,0.000000000000000E+000,0.140519103699555,0.140519103699555,0.140519103699555,0.212109227053126,4.621319630977747E-002,0.213944392031827,0.428544865570085,1.29988936350583 
 04/28  08:00:00,0.992253722721824,5.98205106082288,0.000000000000000E+000,4.69294647388181,0.000000000000000E+000,0.129212231719397,0.129212231719397,0.129212231719397,0.171318981436035,3.732604107180897E-002,0.274974524459516,0.362309930345465,1.26414950726190 
 04/28  09:00:00,0.876486509005702,5.36848224585980,0.000000000000000E+000,4.19428082940759,0.000000000000000E+000,0.115482328520435,0.115482328520435,0.115482328520435,8.158048287489020E-002,1.777430683338409E-002,0.336182328282564,0.308355048804828,1.15296262566044 
 04/28  10:00:00,0.865346121810794,4.73702508719829,0.000000000000000E+000,3.69472933845033,0.000000000000000E+000,0.101728035057985,0.101728035057985,0.101728035057985,6.526438462805398E-002,1.421944655947315E-002,0.351415192863779,0.315607049011904,1.02055745676163 
 04/28  11:00:00,0.855178358548965,3.69423850101894,0.000000000000000E+000,2.77059535809907,0.000000000000000E+000,7.628359100274676E-002,7.628359100274676E-002,7.628359100274676E-002,6.526438462805398E-002,1.421944655947315E-002,0.366595180321093,0.315703742347997,0.901898190917623 
 04/28  12:00:00,0.821142206240178,2.91086046949998,0.000000000000000E+000,2.07963319181335,0.000000000000000E+000,5.725913290668024E-002,5.725913290668024E-002,5.725913290668024E-002,6.526438462805398E-002,1.421944655947315E-002,0.356901619593564,0.310385608862808,0.809848626560363 
 04/28  13:00:00,0.782325793263203,2.23404957511872,0.000000000000000E+000,1.45687406450717,0.000000000000000E+000,4.011252850565130E-002,4.011252850565130E-002,4.011252850565130E-002,6.526438462805398E-002,1.421944655947315E-002,0.324498850711145,0.321118569169280,0.755057597717373 
 04/28  14:00:00,0.760654580595308,1.64776038215343,0.000000000000000E+000,0.923553339297819,0.000000000000000E+000,2.542845709975976E-002,2.542845709975976E-002,2.542845709975976E-002,6.526438462805398E-002,1.421944655947315E-002,0.299430055599500,0.339200223018920,0.700843706983056 
 04/28  15:00:00,0.772222610667617,1.08322897214060,0.000000000000000E+000,0.350561873037105,0.000000000000000E+000,9.652119883095174E-003,9.652119883095174E-003,9.652119883095174E-003,6.526438462805398E-002,1.421944655947315E-002,0.307919222350081,0.358055423557315,0.708005060125131 
 04/28  16:00:00,0.881341467433071,0.878280478801757,0.000000000000000E+000,7.485618380773969E-002,0.000000000000000E+000,2.061036626270074E-003,2.061036626270074E-003,2.061036626270074E-003,6.934340918976298E-002,1.510816208327000E-002,0.354200033750992,0.423516812093179,0.774253425232956 
 04/28  17:00:00,1.08408863829754,0.951117053658320,0.000000000000000E+000,0.000000000000000E+000,0.000000000000000E+000,0.000000000000000E+000,0.000000000000000E+000,0.000000000000000E+000,9.381757327859858E-002,2.044045886860401E-002,0.438213351102789,0.514505241357947,0.915679108909779 
 04/28  18:00:00,1.21123979023720,1.08365828190447,0.000000000000000E+000,0.000000000000000E+000,0.000000000000000E+000,0.000000000000000E+000,0.000000000000000E+000,0.000000000000000E+000,0.171318981436035,3.732604107180897E-002,0.396885327422791,0.558597402616962,1.04518336989314 
 04/28  19:00:00,1.33169081089294,1.23947221756009,0.000000000000000E+000,0.133655106571651,0.000000000000000E+000,3.679964111444850E-003,3.679964111444850E-003,3.679964111444850E-003,0.338558963388235,7.376337208365046E-002,0.321994134489507,0.576582363130508,1.06610343601465 
 04/28  20:00:00,1.58647452164363,1.45083093166231,0.000000000000000E+000,0.419927100389467,0.000000000000000E+000,1.156197244156864E-002,1.156197244156864E-002,1.156197244156864E-002,0.554747273518103,0.120865296666160,0.285783468298347,0.596404497029846,0.989824853033977 
 04/28  21:00:00,1.62206346835378,1.75905683434201,0.000000000000000E+000,0.822505756302412,0.000000000000000E+000,2.264628522088732E-002,2.264628522088732E-002,2.264628522088732E-002,0.599616518619031,0.130641161964096,0.269566832227902,0.582480656632261,0.896431142094243 
 04/28  22:00:00,1.32292068616526,2.14082598930248,0.000000000000000E+000,1.36015237557555,0.000000000000000E+000,3.744946269996203E-002,3.744946269996203E-002,3.744946269996203E-002,0.448692701787994,9.775868940488895E-002,0.217845457523059,0.504062361059758,0.745954950698525 
 04/28  23:00:00,1.03454254457724,2.57999114852916,0.000000000000000E+000,1.96687901876377,0.000000000000000E+000,5.415464015005162E-002,5.415464015005162E-002,5.415464015005162E-002,0.310005799815561,6.754236523834896E-002,0.147706913176347,0.438020812507328,0.582942257615255 
 04/28  24:00:00,0.742757744186731,3.02762634884436,0.000000000000000E+000,2.59210768042055,0.000000000000000E+000,7.136923894362798E-002,7.136923894362798E-002,7.136923894362798E-002,0.159081899391618,3.465989267914196E-002,9.822476913727689E-002,0.362309930345465,0.410563588744655 
 04/29  01:00:00,0.639223547763051,3.32386332831590,0.000000000000000E+000,2.96121261486609,0.000000000000000E+000,8.153191021716182E-002,8.153191021716182E-002,8.153191021716182E-002,9.789657276243555E-002,2.132916892857149E-002,8.776187263983333E-002,0.333592009525450,0.339673658501023 
 04/29  02:00:00,0.588707617839429,3.54254356569097,0.000000000000000E+000,3.20444079234164,0.000000000000000E+000,8.822878089394603E-002,8.822878089394603E-002,8.822878089394603E-002,6.526438462805398E-002,1.421944655947315E-002,7.415871598667921E-002,0.329724276081677,0.315392119037649 
 04/29  03:00:00,0.578634164217053,3.66742066025604,0.000000000000000E+000,3.32375271751155,0.000000000000000E+000,9.151383010721580E-002,9.151383010721580E-002,9.151383010721580E-002,6.526438462805398E-002,1.421944655947315E-002,6.544149328356358E-002,0.325082995949147,0.321276969197295 
 04/29  04:00:00,0.579162711036107,3.79624075713520,0.000000000000000E+000,3.38475800608571,0.000000000000000E+000,9.319350609057106E-002,9.319350609057106E-002,9.319350609057106E-002,6.526438462805398E-002,1.421944655947315E-002,7.657041780324052E-002,0.312802942265167,0.389937599525063 
 04/29  05:00:00,0.631624427533649,4.00454149034438,0.000000000000000E+000,3.29430245672213,0.000000000000000E+000,9.070296769007638E-002,9.070296769007638E-002,9.070296769007638E-002,6.934340918976298E-002,1.510816208327000E-002,9.029493158039664E-002,0.349062943300542,0.686196376125101 
 04/29  06:00:00,0.791926518250138,4.30217947488141,0.000000000000000E+000,3.03182003473148,0.000000000000000E+000,8.347596441584672E-002,8.347596441584672E-002,8.347596441584672E-002,0.114212654290690,2.488402738120598E-002,0.148933953623333,0.403307904849463,1.24258051371766 
 04/29  07:00:00,1.02725127483861,4.08966264355789,0.000000000000000E+000,2.65737233759131,0.000000000000000E+000,7.316618933553408E-002,7.316618933553408E-002,7.316618933553408E-002,0.212109227053126,4.621319630977747E-002,0.235105770880487,0.428544865570085,1.40277311537729 
 04/29  08:00:00,0.962116002740467,3.81731702405281,0.000000000000000E+000,2.42024100757158,0.000000000000000E+000,6.663718489600665E-002,6.663718489600665E-002,6.663718489600665E-002,0.171318981436035,3.732604107180897E-002,0.307411851301548,0.362309930345465,1.37212093680209 
 04/29  09:00:00,0.863959757533139,3.37791053619999,0.000000000000000E+000,2.10379847597023,0.000000000000000E+000,5.792448255714425E-002,5.792448255714425E-002,5.792448255714425E-002,8.158048287489020E-002,1.777430683338409E-002,0.381213422773294,0.308355048804828,1.25287326943796 
 04/29  10:00:00,0.850639397658999,2.43967808292009,0.000000000000000E+000,1.31132340994972,0.000000000000000E+000,3.610504088390765E-002,3.610504088390765E-002,3.610504088390765E-002,6.526438462805398E-002,1.421944655947315E-002,0.402331462886063,0.315607049011904,1.10661638098404 
 04/29  11:00:00,0.850068643581812,1.67432767553569,0.000000000000000E+000,0.678635864748813,0.000000000000000E+000,1.868507452557510E-002,1.868507452557510E-002,1.868507452557510E-002,6.526438462805398E-002,1.421944655947315E-002,0.419083981831112,0.315703742347997,0.973946858784622 
 04/29  12:00:00,0.812397497000450,0.919354965512653,0.000000000000000E+000,2.556466956623749E-002,0.000000000000000E+000,7.038793274559031E-004,7.038793274559031E-004,7.038793274559031E-004,6.526438462805398E-002,1.421944655947315E-002,0.404712163933058,0.310385608862808,0.872411644820158 
 04/29  13:00:00,0.785801332142696,0.831568859560897,0.000000000000000E+000,0.000000000000000E+000,0.000000000000000E+000,0.000000000000000E+000,0.000000000000000E+000,0.000000000000000E+000,6.526438462805398E-002,1.421944655947315E-002,0.368086918096288,0.321118569169280,0.809450946666723 
 04/29  14:00:00,0.774351726971211,0.772978794905066,0.000000000000000E+000,0.000000000000000E+000,0.000000000000000E+000,0.000000000000000E+000,0.000000000000000E+000,0.000000000000000E+000,6.526438462805398E-002,1.421944655947315E-002,0.338555659075166,0.339200223018920,0.749615459032510 
 04/29  15:00:00,0.799629493286963,0.780426177642870,0.000000000000000E+000,0.000000000000000E+000,0.000000000000000E+000,0.000000000000000E+000,0.000000000000000E+000,0.000000000000000E+000,6.526438462805398E-002,1.421944655947315E-002,0.344978224852520,0.358055423557315,0.755764138664511 
 04/29  16:00:00,0.915198378788859,0.861452280500431,0.000000000000000E+000,0.000000000000000E+000,0.000000000000000E+000,0.000000000000000E+000,0.000000000000000E+000,0.000000000000000E+000,6.934340918976298E-002,1.510816208327000E-002,0.390117981733050,0.423516812093179,0.832281410739368 
 04/29  17:00:00,1.11944059679426,1.01948932031640,0.000000000000000E+000,0.000000000000000E+000,0.000000000000000E+000,0.000000000000000E+000,0.000000000000000E+000,0.000000000000000E+000,9.381757327859858E-002,2.044045886860401E-002,0.473565309599511,0.514505241357947,0.984051375567857 
 04/29  18:00:00,1.24555013322500,1.17179613969964,0.000000000000000E+000,0.000000000000000E+000,0.000000000000000E+000,0.000000000000000E+000,0.000000000000000E+000,0.000000000000000E+000,0.171318981436035,3.732604107180897E-002,0.431195670410591,0.558597402616962,1.13332122768830 
 04/29  19:00:00,1.36225562837085,1.20430517962081,0.000000000000000E+000,0.000000000000000E+000,0.000000000000000E+000,0.000000000000000E+000,0.000000000000000E+000,0.000000000000000E+000,0.338558963388235,7.376337208365046E-002,0.356238916078855,0.576582363130508,1.16459150464701 
 04/29  20:00:00,1.60976794741393,1.12457900065645,0.000000000000000E+000,0.000000000000000E+000,0.000000000000000E+000,0.000000000000000E+000,0.000000000000000E+000,0.000000000000000E+000,0.554747273518103,0.120865296666160,0.320638866510224,0.596404497029846,1.08350002241759 
 04/29  21:00:00,1.63502406908668,1.01502873521520,0.000000000000000E+000,0.000000000000000E+000,0.000000000000000E+000,0.000000000000000E+000,0.000000000000000E+000,0.000000000000000E+000,0.599616518619031,0.130641161964096,0.305173718181688,0.582480656632261,0.974908799269849 
 04/29  22:00:00,1.31376445802414,0.842287128004997,0.000000000000000E+000,0.000000000000000E+000,0.000000000000000E+000,0.000000000000000E+000,0.000000000000000E+000,0.000000000000000E+000,0.448692701787994,9.775868940488895E-002,0.246138692081900,0.504062361059758,0.807568464976591 
 04/29  23:00:00,0.995922762190831,0.651379711163077,0.000000000000000E+000,0.000000000000000E+000,0.000000000000000E+000,0.000000000000000E+000,0.000000000000000E+000,0.000000000000000E+000,0.310005799815561,6.754236523834896E-002,0.163241770939991,0.438020812507328,0.621209839012937 
 04/29  24:00:00,0.677962193578849,0.449892599136539,0.000000000000000E+000,0.000000000000000E+000,0.000000000000000E+000,0.000000000000000E+000,0.000000000000000E+000,0.000000000000000E+000,0.159081899391618,3.465989267914196E-002,0.104798457473024,0.362309930345465,0.424937519457385 
 04/30  01:00:00,0.557691637545889,0.362983264369540,0.000000000000000E+000,0.000000000000000E+000,0.000000000000000E+000,0.000000000000000E+000,0.000000000000000E+000,0.000000000000000E+000,9.789657276243555E-002,2.132916892857149E-002,8.776187263983333E-002,0.333592009525450,0.340006209420758 
 04/30  02:00:00,0.500478836945483,0.339306291948086,0.000000000000000E+000,0.000000000000000E+000,0.000000000000000E+000,0.000000000000000E+000,0.000000000000000E+000,0.000000000000000E+000,6.526438462805398E-002,1.421944655947315E-002,7.415871598667921E-002,0.329724276081677,0.316595637636391 
 04/30  03:00:00,0.492177842895109,0.529582033408363,0.000000000000000E+000,0.183687083681101,0.000000000000000E+000,5.057508785270735E-003,5.057508785270735E-003,5.057508785270735E-003,6.526438462805398E-002,1.421944655947315E-002,6.544149328356358E-002,0.325082995949147,0.323503976180071 
 04/30  04:00:00,0.503724396651775,1.05871471568402,0.000000000000000E+000,0.644862821438156,0.000000000000000E+000,1.775519170623922E-002,1.775519170623922E-002,1.775519170623922E-002,6.526438462805398E-002,1.421944655947315E-002,7.657041780324052E-002,0.312802942265167,0.392306742721429 
 04/30  05:00:00,0.568084055429742,1.69812515164277,0.000000000000000E+000,0.986536688371841,0.000000000000000E+000,2.716259558616883E-002,2.716259558616883E-002,2.716259558616883E-002,6.934340918976298E-002,1.510816208327000E-002,9.029493158039664E-002,0.349062943300542,0.687545805773796 
 04/30  06:00:00,0.742039569343514,2.48976889973915,0.000000000000000E+000,1.21994218192499,0.000000000000000E+000,3.358901550922063E-002,3.358901550922063E-002,3.358901550922063E-002,0.114212654290690,2.488402738120598E-002,0.148933953623333,0.403307904849463,1.24204779138188 
 04/30  07:00:00,0.990167618874509,2.74156532755932,0.000000000000000E+000,1.31050594437473,0.000000000000000E+000,3.608253337143416E-002,3.608253337143416E-002,3.608253337143416E-002,0.212109227053126,4.621319630977747E-002,0.235105770880487,0.428544865570085,1.40154219259531 
 04/30  08:00:00,0.940335391929289,3.02489143747538,0.000000000000000E+000,1.62917626590470,0.000000000000000E+000,4.485657408482972E-002,4.485657408482972E-002,4.485657408482972E-002,0.171318981436035,3.732604107180897E-002,0.307411851301548,0.362309930345465,1.37076009189152 
 04/30  09:00:00,0.859885927546319,3.22885391477029,0.000000000000000E+000,1.95583828816567,0.000000000000000E+000,5.385065257032286E-002,5.385065257032286E-002,5.385065257032286E-002,8.158048287489020E-002,1.777430683338409E-002,0.381213422773294,0.308355048804828,1.25177683581282 
 04/30  10:00:00,0.878910770823365,3.46549485572033,0.000000000000000E+000,2.33813054142654,0.000000000000000E+000,6.437641404827420E-002,6.437641404827420E-002,6.437641404827420E-002,6.526438462805398E-002,1.421944655947315E-002,0.402331462886063,0.315607049011904,1.10562602230748 
 04/30  11:00:00,0.887128228519204,3.01885854116743,0.000000000000000E+000,2.02462800605896,0.000000000000000E+000,5.574465946296634E-002,5.574465946296634E-002,5.574465946296634E-002,6.526438462805398E-002,1.421944655947315E-002,0.419083981831112,0.315703742347997,0.972485583106230 
 04/30  12:00:00,0.865612861828349,2.84996821170633,0.000000000000000E+000,1.95832951235421,0.000000000000000E+000,5.391924415535498E-002,5.391924415535498E-002,5.391924415535498E-002,6.526438462805398E-002,1.421944655947315E-002,0.404712163933058,0.310385608862808,0.870260048225859 
 04/30  13:00:00,0.845130170009309,2.98433394082599,0.000000000000000E+000,2.15480420669674,0.000000000000000E+000,5.932883786661371E-002,5.932883786661371E-002,5.932883786661371E-002,6.526438462805398E-002,1.421944655947315E-002,0.368086918096288,0.321118569169280,0.807411821235074 
 04/30  14:00:00,0.838333112463462,3.09501626284214,0.000000000000000E+000,2.32378323200850,0.000000000000000E+000,6.398138549225078E-002,6.398138549225078E-002,6.398138549225078E-002,6.526438462805398E-002,1.421944655947315E-002,0.338555659075166,0.339200223018920,0.747869694961088 
 04/30  15:00:00,0.868464780890349,3.27888404240452,0.000000000000000E+000,2.50007538712338,0.000000000000000E+000,6.883528760338520E-002,6.883528760338520E-002,6.883528760338520E-002,6.526438462805398E-002,1.421944655947315E-002,0.344978224852520,0.358055423557315,0.754146616302777 
 04/30  16:00:00,0.987085651455895,3.47042528499267,0.000000000000000E+000,2.61092249774288,0.000000000000000E+000,7.188727266703435E-002,7.188727266703435E-002,7.188727266703435E-002,6.934340918976298E-002,1.510816208327000E-002,0.390117981733050,0.423516812093179,0.830331917488741 
 04/30  17:00:00,1.20543742918748,4.14046587931553,0.000000000000000E+000,3.12337714451980,0.000000000000000E+000,8.599683239321865E-002,8.599683239321865E-002,8.599683239321865E-002,9.381757327859858E-002,2.044045886860401E-002,0.473565309599511,0.514505241357947,0.981650790047179 
 04/30  18:00:00,1.32919270347723,4.20667277005527,0.000000000000000E+000,3.03787110483505,0.000000000000000E+000,8.364257025222795E-002,8.364257025222795E-002,8.364257025222795E-002,0.171318981436035,3.732604107180897E-002,0.431195670410591,0.558597402616962,1.13032675320890 
 04/30  19:00:00,1.45518588511104,4.57654225920221,0.000000000000000E+000,3.37519687480426,0.000000000000000E+000,9.293025674018675E-002,9.293025674018675E-002,9.293025674018675E-002,0.338558963388235,7.376337208365046E-002,0.356238916078855,0.576582363130508,1.16163170942418 
 04/30  20:00:00,1.71212070249457,4.83909982372682,0.000000000000000E+000,3.71741896766327,0.000000000000000E+000,0.102352755080642,0.102352755080642,0.102352755080642,0.554747273518103,0.120865296666160,0.320638866510224,0.596404497029846,1.08060187782467 
 04/30  21:00:00,1.74766917413611,5.10321650100952,0.000000000000000E+000,4.09123379038766,0.000000000000000E+000,0.112645105049436,0.112645105049436,0.112645105049436,0.599616518619031,0.130641161964096,0.305173718181688,0.582480656632261,0.971862774676492 
 04/30  22:00:00,1.44203157612765,5.49806242280236,0.000000000000000E+000,4.65862025296536,0.000000000000000E+000,0.128267118103507,0.128267118103507,0.128267118103507,0.448692701787994,9.775868940488895E-002,0.246138692081900,0.504062361059758,0.804723506808574 
 04/30  23:00:00,1.14059692615521,5.90304432627393,0.000000000000000E+000,5.25451885323747,0.000000000000000E+000,0.144674163964385,0.144674163964385,0.144674163964385,0.310005799815561,6.754236523834896E-002,0.163241770939991,0.438020812507328,0.618355600886321 
 04/30  24:00:00,0.838357556661009,6.27243562191221,0.000000000000000E+000,5.82550772157600,0.000000000000000E+000,0.160395363082159,0.160395363082159,0.160395363082159,0.159081899391618,3.465989267914196E-002,0.104798457473024,0.362309930345465,0.421972820657061 
 05/01  01:00:00,0.726982464749162,6.71878145303531,0.000000000000000E+000,6.36717237795333,0.000000000000000E+000,0.175309170321077,0.175309170321077,0.175309170321077,9.560938723744861E-002,2.083084947716625E-002,8.386910965267348E-002,0.334251934371197,0.328586566018581 
 05/01  02:00:00,0.676486668729088,6.85856880412121,0.000000000000000E+000,6.52981181573230,0.000000000000000E+000,0.179787168277791,0.179787168277791,0.179787168277791,6.373958313234182E-002,1.388723116350104E-002,7.158412284098968E-002,0.330376549624864,0.306001406966821 
 05/01  03:00:00,0.671901717820166,7.13803000701785,0.000000000000000E+000,6.80357057170488,0.000000000000000E+000,0.187324646066811,0.187324646066811,0.187324646066811,6.373958313234182E-002,1.388723116350104E-002,6.411215583864807E-002,0.325726087929265,0.312024167060459 
 05/01  04:00:00,0.676147710768939,7.44267774664885,0.000000000000000E+000,7.04728573140474,0.000000000000000E+000,0.194034924963860,0.194034924963860,0.194034924963860,6.373958313234182E-002,1.388723116350104E-002,7.395221645997889E-002,0.313421741359659,0.373804242252732 
 05/01  05:00:00,0.731167979562332,7.79035811530273,0.000000000000000E+000,7.12209773357130,0.000000000000000E+000,0.196094745124421,0.196094745124421,0.196094745124421,6.728067897902401E-002,1.465874390473574E-002,8.626832450802412E-002,0.349753473356527,0.644170162102740 
 05/01  06:00:00,0.892310936988645,9.03016247143375,0.000000000000000E+000,7.85249630446891,0.000000000000000E+000,0.216205016979338,0.216205016979338,0.216205016979338,9.560938723744861E-002,2.083084947716625E-002,0.138447925181248,0.404105744423842,1.14983228716672 
 05/01  07:00:00,1.08449668423614,9.11976834375639,0.000000000000000E+000,7.79980509659356,0.000000000000000E+000,0.214754254947541,0.214754254947541,0.214754254947541,0.159348978729081,3.471808246194374E-002,0.214170712514307,0.429392629893665,1.29038766450514 
 05/01  08:00:00,0.988360687723098,8.04746444688710,0.000000000000000E+000,6.76908430194419,0.000000000000000E+000,0.186375125780514,0.186375125780514,0.186375125780514,0.120397024727063,2.623144412963851E-002,0.275218413283566,0.363026666112717,1.25337569814273 
 05/01  09:00:00,0.901861847337501,7.03798698722034,0.000000000000000E+000,5.87365890493567,0.000000000000000E+000,0.161721123326062,0.161721123326062,0.161721123326062,6.373958313234182E-002,1.388723116350104E-002,0.336436847124624,0.308965048901375,1.14304727608081 
 05/01  10:00:00,0.905016457925212,6.67582050634277,0.000000000000000E+000,5.64198986298003,0.000000000000000E+000,0.155342513619350,0.155342513619350,0.155342513619350,5.311632902945728E-002,1.157269293979695E-002,0.351641513346258,0.316231395300750,1.01204934783144 
 05/01  11:00:00,0.887407789878044,5.36233562953135,0.000000000000000E+000,4.44635143070619,0.000000000000000E+000,0.122422660170479,0.122422660170479,0.122422660170479,5.311632902945728E-002,1.157269293979695E-002,0.366855814129303,0.316328279919408,0.894196230102823 
 05/01  12:00:00,0.851132606782099,4.49778997182177,0.000000000000000E+000,3.67316736148657,0.000000000000000E+000,0.101134363005838,0.101134363005838,0.101134363005838,5.311632902945728E-002,1.157269293979695E-002,0.357197582224207,0.310999625893199,0.803201667119659 
 05/01  13:00:00,0.808833643986059,3.69612274085049,0.000000000000000E+000,2.92502225296193,0.000000000000000E+000,8.053547067658888E-002,8.053547067658888E-002,8.053547067658888E-002,5.311632902945728E-002,1.157269293979695E-002,0.324743319086342,0.321753818564274,0.748938820468374 
 05/01  14:00:00,0.786899439881407,3.09995663883174,0.000000000000000E+000,2.38123474462107,0.000000000000000E+000,6.556321435001423E-002,6.556321435001423E-002,6.556321435001423E-002,5.311632902945728E-002,1.157269293979695E-002,0.299663947619161,0.339871242253379,0.695312340067352 
 05/01  15:00:00,0.798873058369855,2.54640092077810,0.000000000000000E+000,1.81936500639354,0.000000000000000E+000,5.009309483852492E-002,5.009309483852492E-002,5.009309483852492E-002,5.311632902945728E-002,1.157269293979695E-002,0.308215184980723,0.358763742891751,0.702325087989824 
 05/01  16:00:00,0.895738692704864,1.90865226075056,0.000000000000000E+000,1.11144182810530,0.000000000000000E+000,3.060164436884813E-002,3.060164436884813E-002,3.060164436884813E-002,5.665741651684890E-002,1.234420750230810E-002,0.354668780903828,0.424354629723432,0.767981855921279 
 05/01  17:00:00,1.09909425956452,2.44179877752491,0.000000000000000E+000,1.49787565033114,0.000000000000000E+000,4.124143684454558E-002,4.124143684454558E-002,4.124143684454558E-002,7.082176646641590E-002,1.543025664597044E-002,0.438965730037081,0.515523055880909,0.908415077707842 
 05/01  18:00:00,1.18180394820009,2.03983272121605,0.000000000000000E+000,0.965059297186253,0.000000000000000E+000,2.657125245833960E-002,2.657125245833960E-002,2.657125245833960E-002,0.123938103855164,2.700295504959676E-002,0.397477157158294,0.559702441989101,1.03622239943288 
 05/01  19:00:00,1.24762760499735,2.13558864539300,0.000000000000000E+000,1.03873833487174,0.000000000000000E+000,2.859987838519885E-002,2.859987838519885E-002,2.859987838519885E-002,0.247876207710328,5.400589188642894E-002,0.322310632266247,0.577722981059548,1.05705807239223 
 05/01  20:00:00,1.47587139195189,2.64833803118126,0.000000000000000E+000,1.62516148976686,0.000000000000000E+000,4.474603411010143E-002,4.474603411010143E-002,4.474603411010143E-002,0.435553819464216,9.489607992080321E-002,0.285979116882669,0.597584327884505,0.982016299123630 
 05/01  21:00:00,1.62586791870527,3.14780624082745,0.000000000000000E+000,2.21853677097679,0.000000000000000E+000,6.108360470865106E-002,6.108360470865106E-002,6.108360470865106E-002,0.570115244296592,0.124213567730275,0.269710545482451,0.583632942797706,0.889070167068612 
 05/01  22:00:00,1.35689174354803,3.43961811417198,0.000000000000000E+000,2.66546312877884,0.000000000000000E+000,7.338895539339013E-002,7.338895539339013E-002,7.338895539339013E-002,0.446177140441427,9.721061268067793E-002,0.217943504277125,0.505059517065810,0.739367640538767 
 05/01  23:00:00,1.07553965351722,3.95795678030364,0.000000000000000E+000,3.35055902631958,0.000000000000000E+000,9.225189584150902E-002,9.225189584150902E-002,9.225189584150902E-002,0.311615799201959,6.789314308397101E-002,0.147779479178003,0.438887322522180,0.577168198605148 
 05/01  24:00:00,0.785270513866922,4.52769895681116,0.000000000000000E+000,4.09632556813469,0.000000000000000E+000,0.112785298416178,0.112785298416178,0.112785298416178,0.159348978729081,3.471808246194374E-002,9.827947445740333E-002,0.363026666112717,0.406368941876277 
 05/02  01:00:00,0.681737513655900,5.07475903206795,0.000000000000000E+000,4.72389038468823,0.000000000000000E+000,0.130064219227815,0.130064219227815,0.130064219227815,9.560938723744861E-002,2.083084947716625E-002,8.386910965267348E-002,0.334251934371197,0.327846138316295 
 05/02  02:00:00,0.632939029013165,5.27725446772564,0.000000000000000E+000,4.94817562284828,0.000000000000000E+000,0.136239528561868,0.136239528561868,0.136239528561868,6.373958313234182E-002,1.388723116350104E-002,7.158412284098968E-002,0.330376549624864,0.306323263455259 
 05/02  03:00:00,0.627308729002904,5.51790837567500,0.000000000000000E+000,5.18396763748507,0.000000000000000E+000,0.142731657249548,0.142731657249548,0.142731657249548,6.373958313234182E-002,1.388723116350104E-002,6.411215583864807E-002,0.325726087929265,0.311505469937418 
 05/02  04:00:00,0.633858109855149,5.90569285232664,0.000000000000000E+000,5.51134110101371,0.000000000000000E+000,0.151745324050068,0.151745324050068,0.151745324050068,6.373958313234182E-002,1.388723116350104E-002,7.395221645997889E-002,0.313421741359659,0.372763978321580 
 05/02  05:00:00,0.689480714745347,6.27455119806491,0.000000000000000E+000,5.60802975544435,0.000000000000000E+000,0.154407480307434,0.154407480307434,0.154407480307434,6.728067897902401E-002,1.465874390473574E-002,8.626832450802412E-002,0.349753473356527,0.642431222991875 
 05/02  06:00:00,0.842002480234509,7.19905710712311,0.000000000000000E+000,6.02530942294002,0.000000000000000E+000,0.165896560225204,0.165896560225204,0.165896560225204,9.560938723744861E-002,2.083084947716625E-002,0.138447925181248,0.404105744423842,1.14591380438495 
 05/02  07:00:00,1.01860048718715,6.72143669233961,0.000000000000000E+000,5.40647652801948,0.000000000000000E+000,0.148858057898558,0.148858057898558,0.148858057898558,0.159348978729081,3.471808246194374E-002,0.214170712514307,0.429392629893665,1.28538458166242 
 05/02  08:00:00,0.941058360132797,6.32587059172623,0.000000000000000E+000,5.05107905958149,0.000000000000000E+000,0.139072798190213,0.139072798190213,0.139072798190213,0.120397024727063,2.623144412963851E-002,0.275218413283566,0.363026666112717,1.24978708534455 
 05/02  09:00:00,0.867622621472731,5.79097636586116,0.000000000000000E+000,4.63010129314957,0.000000000000000E+000,0.127481897461289,0.127481897461289,0.127481897461289,6.373958313234182E-002,1.388723116350104E-002,0.336436847124624,0.308965048901375,1.13959426650777 
 05/02  10:00:00,0.868297993020366,5.33871680871647,0.000000000000000E+000,4.30838709094708,0.000000000000000E+000,0.118624048714503,0.118624048714503,0.118624048714503,5.311632902945728E-002,1.157269293979695E-002,0.351641513346258,0.316231395300750,1.00854842223808 
 05/02  11:00:00,0.857989974456836,4.29081984800297,0.000000000000000E+000,3.37790588717535,0.000000000000000E+000,9.300484474927100E-002,9.300484474927100E-002,9.300484474927100E-002,5.311632902945728E-002,1.157269293979695E-002,0.366855814129303,0.316328279919408,0.891125992105271 
 05/02  12:00:00,0.827234779009088,3.62682920049804,0.000000000000000E+000,2.80520598439080,0.000000000000000E+000,7.723653523282653E-002,7.723653523282653E-002,7.723653523282653E-002,5.311632902945728E-002,1.157269293979695E-002,0.357197582224207,0.310999625893199,0.800202272891706 
 05/02  13:00:00,0.795234270089274,3.19911950628120,0.000000000000000E+000,2.43109739053468,0.000000000000000E+000,6.693609677980292E-002,6.693609677980292E-002,6.693609677980292E-002,5.311632902945728E-002,1.157269293979695E-002,0.324743319086342,0.321753818564274,0.745860448326345 
 05/02  14:00:00,0.777528706447642,2.75637524005852,0.000000000000000E+000,2.04089273643433,0.000000000000000E+000,5.619248091624988E-002,5.619248091624988E-002,5.619248091624988E-002,5.311632902945728E-002,1.157269293979695E-002,0.299663947619161,0.339871242253379,0.692072949480872 
 05/02  15:00:00,0.796272451548304,2.44881687428031,0.000000000000000E+000,1.72491180756903,0.000000000000000E+000,4.749248801697418E-002,4.749248801697418E-002,4.749248801697418E-002,5.311632902945728E-002,1.157269293979695E-002,0.308215184980723,0.358763742891751,0.699194240316536 
 05/02  16:00:00,0.900033663243763,2.06142741614358,0.000000000000000E+000,1.26743376925310,0.000000000000000E+000,3.489661490774626E-002,3.489661490774626E-002,3.489661490774626E-002,5.665741651684890E-002,1.234420750230810E-002,0.354668780903828,0.424354629723432,0.764765070166489 
 05/02  17:00:00,1.09921698408843,2.44191751516354,0.000000000000000E+000,1.50233296535506,0.000000000000000E+000,4.136416136845011E-002,4.136416136845011E-002,4.136416136845011E-002,7.082176646641590E-002,1.543025664597044E-002,0.438965730037081,0.515523055880909,0.904076500322560 
 05/02  18:00:00,1.18551566699227,2.17025382811488,0.000000000000000E+000,1.09986772349365,0.000000000000000E+000,3.028297125051040E-002,3.028297125051040E-002,3.028297125051040E-002,0.123938103855164,2.700295504959676E-002,0.397477157158294,0.559702441989101,1.03183508002431 
 05/02  19:00:00,1.25481458076718,2.39221234483008,0.000000000000000E+000,1.29976697084584,0.000000000000000E+000,3.578685415502597E-002,3.578685415502597E-002,3.578685415502597E-002,0.247876207710328,5.400589188642894E-002,0.322310632266247,0.577722981059548,1.05265313585520 
 05/02  20:00:00,1.47638145275764,2.66211275664218,0.000000000000000E+000,1.64368673329798,0.000000000000000E+000,4.525609491584947E-002,4.525609491584947E-002,4.525609491584947E-002,0.435553819464216,9.489607992080321E-002,0.285979116882669,0.597584327884505,0.977265781053430 
 05/02  21:00:00,1.62230187110999,3.01391689527520,0.000000000000000E+000,2.08901907543609,0.000000000000000E+000,5.751755711337055E-002,5.751755711337055E-002,5.751755711337055E-002,0.570115244296592,0.124213567730275,0.269710545482451,0.583632942797706,0.884698517057064 
 05/02  22:00:00,1.35694804913361,3.43809321012001,0.000000000000000E+000,2.66750812944000,0.000000000000000E+000,7.344526097896789E-002,7.344526097896789E-002,7.344526097896789E-002,0.446177140441427,9.721061268067793E-002,0.217943504277125,0.505059517065810,0.735797735825632 
 05/02  23:00:00,1.07861550772355,4.06714444939985,0.000000000000000E+000,3.46227305648290,0.000000000000000E+000,9.532775004783875E-002,9.532775004783875E-002,9.532775004783875E-002,0.311615799201959,6.789314308397101E-002,0.147779479178003,0.438887322522180,0.574641837538036 
 05/02  24:00:00,0.793490196110157,4.82405806455125,0.000000000000000E+000,4.39486176928621,0.000000000000000E+000,0.121004980659413,0.121004980659413,0.121004980659413,0.159348978729081,3.471808246194374E-002,9.827947445740333E-002,0.363026666112717,0.404191848464862 
 05/03  01:00:00,0.689281500792954,5.34692768171078,0.000000000000000E+000,4.99788555807658,0.000000000000000E+000,0.137608206364870,0.137608206364870,0.137608206364870,9.560938723744861E-002,2.083084947716625E-002,8.386910965267348E-002,0.334251934371197,0.326019614570783 
 05/03  02:00:00,0.647919362630311,5.81905863167124,0.000000000000000E+000,5.49225649577085,0.000000000000000E+000,0.151219862179015,0.151219862179015,0.151219862179015,6.373958313234182E-002,1.388723116350104E-002,7.158412284098968E-002,0.330376549624864,0.304046554478288 
 05/03  03:00:00,0.650075070701913,6.34276466117795,0.000000000000000E+000,6.01083380625125,0.000000000000000E+000,0.165497998948556,0.165497998948556,0.165497998948556,6.373958313234182E-002,1.388723116350104E-002,6.411215583864807E-002,0.325726087929265,0.309495586674152 
 05/03  04:00:00,0.650215743806387,6.49782894837781,0.000000000000000E+000,6.10544507670563,0.000000000000000E+000,0.168102958001307,0.168102958001307,0.168102958001307,6.373958313234182E-002,1.388723116350104E-002,7.395221645997889E-002,0.313421741359659,0.370796098680839 
 05/03  05:00:00,0.705639400748163,6.85797716976654,0.000000000000000E+000,6.19490800598158,0.000000000000000E+000,0.170566166310252,0.170566166310252,0.170566166310252,6.728067897902401E-002,1.465874390473574E-002,8.626832450802412E-002,0.349753473356527,0.638978944156294 
 05/03  06:00:00,0.850024278321170,7.48554206171455,0.000000000000000E+000,6.31665853551273,0.000000000000000E+000,0.173918358311864,0.173918358311864,0.173918358311864,9.560938723744861E-002,2.083084947716625E-002,0.138447925181248,0.404105744423842,1.14104964640371 
 05/03  07:00:00,1.02698899219314,7.02103977677455,0.000000000000000E+000,5.71114431732352,0.000000000000000E+000,0.157246562904546,0.157246562904546,0.157246562904546,0.159348978729081,3.471808246194374E-002,0.214170712514307,0.429392629893665,1.28031987679332 
 05/03  08:00:00,0.956187592940335,6.87064969753461,0.000000000000000E+000,5.60056790295085,0.000000000000000E+000,0.154202030997749,0.154202030997749,0.154202030997749,0.120397024727063,2.623144412963851E-002,0.275218413283566,0.363026666112717,1.24507734778356 
 05/03  09:00:00,0.890658729038422,6.62319729316637,0.000000000000000E+000,5.46676527096202,0.000000000000000E+000,0.150518005026981,0.150518005026981,0.150518005026981,6.373958313234182E-002,1.388723116350104E-002,0.336436847124624,0.308965048901375,1.13515121600052 
 05/03  10:00:00,0.896867899546196,6.37188690412397,0.000000000000000E+000,5.34603685757820,0.000000000000000E+000,0.147193955240332,0.147193955240332,0.147193955240332,5.311632902945728E-002,1.157269293979695E-002,0.351641513346258,0.316231395300750,1.00406875101444 
 05/03  11:00:00,0.887844276637534,5.37074892838798,0.000000000000000E+000,4.46220448866815,0.000000000000000E+000,0.122859146929968,0.122859146929968,0.122859146929968,5.311632902945728E-002,1.157269293979695E-002,0.366855814129303,0.316328279919408,0.886756470997501 
 05/03  12:00:00,0.852680652488537,4.54674279158418,0.000000000000000E+000,3.72939188096715,0.000000000000000E+000,0.102682408712275,0.102682408712275,0.102682408712275,5.311632902945728E-002,1.157269293979695E-002,0.357197582224207,0.310999625893199,0.795929967401523 
 05/03  13:00:00,0.834157951576725,4.60878916597322,0.000000000000000E+000,3.84479291576729,0.000000000000000E+000,0.105859778267254,0.105859778267254,0.105859778267254,5.311632902945728E-002,1.157269293979695E-002,0.324743319086342,0.321753818564274,0.741834582785741 
 05/03  14:00:00,0.816416153650414,4.16536523424538,0.000000000000000E+000,3.45327224416414,0.000000000000000E+000,9.507992811902136E-002,9.507992811902136E-002,9.507992811902136E-002,5.311632902945728E-002,1.157269293979695E-002,0.299663947619161,0.339871242253379,0.688683435937911 
 05/03  15:00:00,0.831071942181058,3.70851621880413,0.000000000000000E+000,2.98881805456061,0.000000000000000E+000,8.229197864972858E-002,8.229197864972858E-002,8.229197864972858E-002,5.311632902945728E-002,1.157269293979695E-002,0.308215184980723,0.358763742891751,0.694987337848795 
 05/03  16:00:00,0.955298414696406,4.06473880692664,0.000000000000000E+000,3.27463167156049,0.000000000000000E+000,9.016136636038845E-002,9.016136636038845E-002,9.016136636038845E-002,5.665741651684890E-002,1.234420750230810E-002,0.354668780903828,0.424354629723432,0.760878558642138 
 05/03  17:00:00,1.13783883125586,3.84027451102485,0.000000000000000E+000,2.90506596568600,0.000000000000000E+000,7.998600853588314E-002,7.998600853588314E-002,7.998600853588314E-002,7.082176646641590E-002,1.543025664597044E-002,0.438965730037081,0.515523055880909,0.899700495852921 
 05/03  18:00:00,1.23212715744188,3.85774106807875,0.000000000000000E+000,2.79278198429624,0.000000000000000E+000,7.689446170012486E-002,7.689446170012486E-002,7.689446170012486E-002,0.123938103855164,2.700295504959676E-002,0.397477157158294,0.559702441989101,1.02640805918559 
 05/03  19:00:00,1.30024641045997,4.03639576053183,0.000000000000000E+000,2.94983633441643,0.000000000000000E+000,8.121868384781177E-002,8.121868384781177E-002,8.121868384781177E-002,0.247876207710328,5.400589188642894E-002,0.322310632266247,0.577722981059548,1.04676718798639 
 05/03  20:00:00,1.50783477042139,3.79855984501536,0.000000000000000E+000,2.78606106007640,0.000000000000000E+000,7.670941257960014E-002,7.670941257960014E-002,7.670941257960014E-002,0.435553819464216,9.489607992080321E-002,0.285979116882669,0.597584327884505,0.971338542648190 
 05/03  21:00:00,1.63957085211057,3.63571138912606,0.000000000000000E+000,2.71622288126626,0.000000000000000E+000,7.478653811395290E-002,7.478653811395290E-002,7.478653811395290E-002,0.570115244296592,0.124213567730275,0.269710545482451,0.583632942797706,0.879289205077762 
 05/03  22:00:00,1.36678283295387,3.79089894158303,0.000000000000000E+000,3.02470429760872,0.000000000000000E+000,8.328004479923198E-002,8.328004479923198E-002,8.328004479923198E-002,0.446177140441427,9.721061268067793E-002,0.217943504277125,0.505059517065810,0.731407299119910 
 05/03  23:00:00,1.07625989036725,3.97808629260549,0.000000000000000E+000,3.37671779581624,0.000000000000000E+000,9.297213269153637E-002,9.297213269153637E-002,9.297213269153637E-002,0.311615799201959,6.789314308397101E-002,0.147779479178003,0.438887322522180,0.571138941410318 
 05/03  24:00:00,0.776851217952177,4.21714057658026,0.000000000000000E+000,3.79053946298117,0.000000000000000E+000,0.104366002501433,0.104366002501433,0.104366002501433,0.159348978729081,3.471808246194374E-002,9.827947445740333E-002,0.363026666112717,0.401596666798915 
 05/04  01:00:00,0.664488699592793,4.44427847739935,0.000000000000000E+000,4.09741903550594,0.000000000000000E+000,0.112815405164707,0.112815405164707,0.112815405164707,9.560938723744861E-002,2.083084947716625E-002,8.386910965267348E-002,0.334251934371197,0.323836932829995 
 05/04  02:00:00,0.617634791796341,4.71744356302003,0.000000000000000E+000,4.39233067592320,0.000000000000000E+000,0.120935291345046,0.120935291345046,0.120935291345046,6.373958313234182E-002,1.388723116350104E-002,7.158412284098968E-002,0.330376549624864,0.302357305674743 
 05/04  03:00:00,0.615042063922324,5.06918116354210,0.000000000000000E+000,4.73844632831667,0.000000000000000E+000,0.130464992168968,0.130464992168968,0.130464992168968,6.373958313234182E-002,1.388723116350104E-002,6.411215583864807E-002,0.325726087929265,0.308299566972901 
 05/04  04:00:00,0.616926743465689,5.28750989694815,0.000000000000000E+000,4.89639934868826,0.000000000000000E+000,0.134813957660610,0.134813957660610,0.134813957660610,6.373958313234182E-002,1.388723116350104E-002,7.395221645997889E-002,0.313421741359659,0.369522775268531 
 05/04  05:00:00,0.674208592343712,5.71477101212740,0.000000000000000E+000,5.05335120822232,0.000000000000000E+000,0.139135357905801,0.139135357905801,0.139135357905801,6.728067897902401E-002,1.465874390473574E-002,8.626832450802412E-002,0.349753473356527,0.637329584276396 
 05/04  06:00:00,0.824597894428288,6.55918581392754,0.000000000000000E+000,5.39318049441830,0.000000000000000E+000,0.148491974418981,0.148491974418981,0.148491974418981,9.560938723744861E-002,2.083084947716625E-002,0.138447925181248,0.404105744423842,1.13817143971113 
 05/04  07:00:00,1.00048757572591,6.05468462931663,0.000000000000000E+000,4.74862144075228,0.000000000000000E+000,0.130745146437319,0.130745146437319,0.130745146437319,0.159348978729081,3.471808246194374E-002,0.214170712514307,0.429392629893665,1.27648760590665 
 05/04  08:00:00,0.925027914963140,5.73505838594426,0.000000000000000E+000,4.46885847463664,0.000000000000000E+000,0.123042353020556,0.123042353020556,0.123042353020556,0.120397024727063,2.623144412963851E-002,0.275218413283566,0.363026666112717,1.24119546450743 
 05/04  09:00:00,0.845052683326592,4.96309122294808,0.000000000000000E+000,3.81036843791439,0.000000000000000E+000,0.104911959315151,0.104911959315151,0.104911959315151,6.373958313234182E-002,1.388723116350104E-002,0.336436847124624,0.308965048901375,1.13144197882984 
 05/04  10:00:00,0.840387388604001,4.31785666443190,0.000000000000000E+000,3.29468296373923,0.000000000000000E+000,9.071344429813849E-002,9.071344429813849E-002,9.071344429813849E-002,5.311632902945728E-002,1.157269293979695E-002,0.351641513346258,0.316231395300750,1.00139240516136 
 05/04  11:00:00,0.832023803552738,3.34158332524755,0.000000000000000E+000,2.43482295637948,0.000000000000000E+000,6.703867384517172E-002,6.703867384517172E-002,6.703867384517172E-002,5.311632902945728E-002,1.157269293979695E-002,0.366855814129303,0.316328279919408,0.884972400145729 
 05/04  12:00:00,0.800736713676800,2.65883865785582,0.000000000000000E+000,1.84280481995687,0.000000000000000E+000,5.073846990053817E-002,5.073846990053817E-002,5.073846990053817E-002,5.311632902945728E-002,1.157269293979695E-002,0.357197582224207,0.310999625893199,0.794612894683421 
 05/04  13:00:00,0.764615770199080,2.08197155908139,0.000000000000000E+000,1.31904337534449,0.000000000000000E+000,3.631759688960815E-002,3.631759688960815E-002,3.631759688960815E-002,5.311632902945728E-002,1.157269293979695E-002,0.324743319086342,0.321753818564274,0.740766516316725 
 05/04  14:00:00,0.745682291349200,1.59492699875572,0.000000000000000E+000,0.884241237940163,0.000000000000000E+000,2.434606581780674E-002,2.434606581780674E-002,2.434606581780674E-002,5.311632902945728E-002,1.157269293979695E-002,0.299663947619161,0.339871242253379,0.687276206672234 
 05/04  15:00:00,0.759428587177756,1.10587440072849,0.000000000000000E+000,0.386754567491065,0.000000000000000E+000,1.064862364642624E-002,1.064862364642624E-002,1.064862364642624E-002,5.311632902945728E-002,1.157269293979695E-002,0.308215184980723,0.358763742891751,0.694409006842683 
 05/04  16:00:00,0.865137048336018,0.788785529869963,0.000000000000000E+000,0.000000000000000E+000,0.000000000000000E+000,0.000000000000000E+000,0.000000000000000E+000,0.000000000000000E+000,5.665741651684890E-002,1.234420750230810E-002,0.354668780903828,0.424354629723432,0.759556953145974 
 05/04  17:00:00,1.05785282271998,0.933497181370812,0.000000000000000E+000,0.000000000000000E+000,0.000000000000000E+000,0.000000000000000E+000,0.000000000000000E+000,0.000000000000000E+000,7.082176646641590E-002,1.543025664597044E-002,0.438965730037081,0.515523055880909,0.897989131884886 
 05/04  18:00:00,1.15523269574176,1.06400244330568,0.000000000000000E+000,0.000000000000000E+000,0.000000000000000E+000,0.000000000000000E+000,0.000000000000000E+000,0.000000000000000E+000,0.123938103855164,2.700295504959676E-002,0.397477157158294,0.559702441989101,1.02545141870877 
 05/04  19:00:00,1.21912505450423,1.08941013825972,0.000000000000000E+000,3.534917568301459E-003,0.000000000000000E+000,9.732789207939275E-005,9.732789207939275E-005,9.732789207939275E-005,0.247876207710328,5.400589188642894E-002,0.322310632266247,0.577722981059548,1.04608298256239 
 05/04  20:00:00,1.44708053565863,1.59204440048779,0.000000000000000E+000,0.579486899028920,0.000000000000000E+000,1.595517781683632E-002,1.595517781683632E-002,1.595517781683632E-002,0.435553819464216,9.489607992080321E-002,0.285979116882669,0.597584327884505,0.971397259168097 
 05/04  21:00:00,1.58881671733107,1.79246447326072,0.000000000000000E+000,0.872849117970741,0.000000000000000E+000,2.403240333444867E-002,2.403240333444867E-002,2.403240333444867E-002,0.570115244296592,0.124213567730275,0.269710545482451,0.583632942797706,0.879416052507937 
 05/04  22:00:00,1.32526792681091,2.28318534615889,0.000000000000000E+000,1.51689633078827,0.000000000000000E+000,4.176513865626780E-002,4.176513865626780E-002,4.176513865626780E-002,0.446177140441427,9.721061268067793E-002,0.217943504277125,0.505059517065810,0.731501670516238 
 05/04  23:00:00,1.04067645284512,2.68593016041069,0.000000000000000E+000,2.08433885130031,0.000000000000000E+000,5.738869516940913E-002,5.738869516940913E-002,5.738869516940913E-002,0.311615799201959,6.789314308397101E-002,0.147779479178003,0.438887322522180,0.571361753731457 
 05/04  24:00:00,0.750634617646358,3.26496333098544,0.000000000000000E+000,2.83836101729386,0.000000000000000E+000,7.814940219561341E-002,7.814940219561341E-002,7.814940219561341E-002,0.159348978729081,3.471808246194374E-002,9.827947445740333E-002,0.363026666112717,0.401597866891409 
 05/05  01:00:00,0.644392907804067,3.71452222992830,0.000000000000000E+000,3.36754637593008,0.000000000000000E+000,9.271961337598079E-002,9.271961337598079E-002,9.271961337598079E-002,9.560938723744861E-002,2.083084947716625E-002,8.386910965267348E-002,0.334251934371197,0.323953344934799 
 05/05  02:00:00,0.603835182499418,4.21643362072856,0.000000000000000E+000,3.89113332851114,0.000000000000000E+000,0.107135682048120,0.107135682048120,0.107135682048120,6.373958313234182E-002,1.388723116350104E-002,7.158412284098968E-002,0.330376549624864,0.302544710795317 
 05/05  03:00:00,0.602057996887698,4.59735573327726,0.000000000000000E+000,4.26686921215700,0.000000000000000E+000,0.117480925134344,0.117480925134344,0.117480925134344,6.373958313234182E-002,1.388723116350104E-002,6.411215583864807E-002,0.325726087929265,0.308051252867738 
 05/05  04:00:00,0.603906676217857,4.81403185774971,0.000000000000000E+000,4.42351471642594,0.000000000000000E+000,0.121793890412777,0.121793890412777,0.121793890412777,6.373958313234182E-002,1.388723116350104E-002,7.395221645997889E-002,0.313421741359659,0.368929368332411 
 05/05  05:00:00,0.663330647225296,5.31808901173728,0.000000000000000E+000,4.65826775902211,0.000000000000000E+000,0.128257412787384,0.128257412787384,0.128257412787384,6.728067897902401E-002,1.465874390473574E-002,8.626832450802412E-002,0.349753473356527,0.635731033086495 
 05/05  06:00:00,0.815010615752463,6.20778281331950,0.000000000000000E+000,5.04497363306209,0.000000000000000E+000,0.138904695743155,0.138904695743155,0.138904695743155,9.560938723744861E-002,2.083084947716625E-002,0.138447925181248,0.404105744423842,1.13497530045930 
 05/05  07:00:00,1.00718538267196,6.29488563547579,0.000000000000000E+000,4.99188362322473,0.000000000000000E+000,0.137442953383368,0.137442953383368,0.137442953383368,0.159348978729081,3.471808246194374E-002,0.214170712514307,0.429392629893665,1.27342642959335 
 05/05  08:00:00,0.927014730866216,5.80342304906659,0.000000000000000E+000,4.54101898577806,0.000000000000000E+000,0.125029168923632,0.125029168923632,0.125029168923632,0.120397024727063,2.623144412963851E-002,0.275218413283566,0.363026666112717,1.23739961648833 
 05/05  09:00:00,0.854440816465798,5.30085371750436,0.000000000000000E+000,4.15134239777640,0.000000000000000E+000,0.114300092454357,0.114300092454357,0.114300092454357,6.373958313234182E-002,1.388723116350104E-002,0.336436847124624,0.308965048901375,1.12823051352410 
 05/05  10:00:00,0.887931400769274,6.04190353030001,0.000000000000000E+000,5.02146611171365,0.000000000000000E+000,0.138257456463413,0.138257456463413,0.138257456463413,5.311632902945728E-002,1.157269293979695E-002,0.351641513346258,0.316231395300750,0.998656123055073 
 05/05  11:00:00,0.881929501603987,5.15107814518986,0.000000000000000E+000,4.24738177205592,0.000000000000000E+000,0.116944371896421,0.116944371896421,0.116944371896421,5.311632902945728E-002,1.157269293979695E-002,0.366855814129303,0.316328279919408,0.881908404411601 
 05/05  12:00:00,0.859893993646325,4.80360086804662,0.000000000000000E+000,3.99137809930648,0.000000000000000E+000,0.109895749870064,0.109895749870064,0.109895749870064,5.311632902945728E-002,1.157269293979695E-002,0.357197582224207,0.310999625893199,0.790801825524621 
 05/05  13:00:00,0.822046849833137,4.16385204579456,0.000000000000000E+000,3.40492161669536,0.000000000000000E+000,9.374867652366539E-002,9.374867652366539E-002,9.374867652366539E-002,5.311632902945728E-002,1.157269293979695E-002,0.324743319086342,0.321753818564274,0.736768761679027 
 05/05  14:00:00,0.807906242388196,3.85142994175063,0.000000000000000E+000,3.14419501889184,0.000000000000000E+000,8.657001685680335E-002,8.657001685680335E-002,8.657001685680335E-002,5.311632902945728E-002,1.157269293979695E-002,0.299663947619161,0.339871242253379,0.683825368715466 
 05/05  15:00:00,0.821286104058469,3.34874265175495,0.000000000000000E+000,2.63339957830429,0.000000000000000E+000,7.250614052713907E-002,7.250614052713907E-002,7.250614052713907E-002,5.311632902945728E-002,1.157269293979695E-002,0.308215184980723,0.358763742891751,0.690632247055914 
 05/05  16:00:00,0.935595139647657,3.34384038295161,0.000000000000000E+000,2.55901509305611,0.000000000000000E+000,7.045809131163906E-002,7.045809131163906E-002,7.045809131163906E-002,5.665741651684890E-002,1.234420750230810E-002,0.354668780903828,0.424354629723432,0.755596713171509 
 05/05  17:00:00,1.12879590205076,3.50560089819342,0.000000000000000E+000,2.57662970108523,0.000000000000000E+000,7.094307933078056E-002,7.094307933078056E-002,7.094307933078056E-002,7.082176646641590E-002,1.543025664597044E-002,0.438965730037081,0.515523055880909,0.893463147622255 
 05/05  18:00:00,1.22081647765000,3.44063060288684,0.000000000000000E+000,2.38198175168523,0.000000000000000E+000,6.558378190824382E-002,6.558378190824382E-002,6.558378190824382E-002,0.123938103855164,2.700295504959676E-002,0.397477157158294,0.559702441989101,1.02009782660468 
 05/05  19:00:00,1.28495529965860,3.47495936517113,0.000000000000000E+000,2.39446813465627,0.000000000000000E+000,6.592757304644874E-002,6.592757304644874E-002,6.592757304644874E-002,0.247876207710328,5.400589188642894E-002,0.322310632266247,0.577722981059548,1.04069899238583 
 05/05  20:00:00,1.50540260143628,3.70512986483863,0.000000000000000E+000,2.69772546900512,0.000000000000000E+000,7.427724359448705E-002,7.427724359448705E-002,7.427724359448705E-002,0.435553819464216,9.489607992080321E-002,0.285979116882669,0.597584327884505,0.966244153542727 
 05/05  21:00:00,1.65063451451256,4.03302001387037,0.000000000000000E+000,3.11805152215211,0.000000000000000E+000,8.585020051594214E-002,8.585020051594214E-002,8.585020051594214E-002,0.570115244296592,0.124213567730275,0.269710545482451,0.583632942797706,0.874769188936216 
 05/05  22:00:00,1.39220828483637,4.71058041633082,0.000000000000000E+000,3.94814848838735,0.000000000000000E+000,0.108705496681729,0.108705496681729,0.108705496681729,0.446177140441427,9.721061268067793E-002,0.217943504277125,0.505059517065810,0.727644583089079 
 05/05  23:00:00,1.11519565134634,5.38886921581901,0.000000000000000E+000,4.79085204427907,0.000000000000000E+000,0.131907893670624,0.131907893670624,0.131907893670624,0.311615799201959,6.789314308397101E-002,0.147779479178003,0.438887322522180,0.567787616161018 
 05/05  24:00:00,0.820382541341561,5.79540914285563,0.000000000000000E+000,5.37158305216134,0.000000000000000E+000,0.147897325890816,0.147897325890816,0.147897325890816,0.159348978729081,3.471808246194374E-002,9.827947445740333E-002,0.363026666112717,0.398821643894118 
 05/06  01:00:00,0.728303421141690,6.62424584016321,0.000000000000000E+000,6.27179433419704,0.000000000000000E+000,0.172683099480644,0.172683099480644,0.172683099480644,9.560938723744861E-002,2.083084947716625E-002,8.781613688563442E-002,0.334251934371197,0.329428996902762 
 05/06  02:00:00,0.683669296976564,7.02397833632409,0.000000000000000E+000,6.69584313992400,0.000000000000000E+000,0.184358556009046,0.184358556009046,0.184358556009046,6.373958313234182E-002,1.388723116350104E-002,7.419536335721098E-002,0.330376549624864,0.305379614977963 
 05/06  03:00:00,0.679788686384797,7.37413486773856,0.000000000000000E+000,7.04043164195520,0.000000000000000E+000,0.193846209367143,0.193846209367143,0.193846209367143,6.373958313234182E-002,1.388723116350104E-002,6.547756110294642E-002,0.325726087929265,0.311267957530856 
 05/06  04:00:00,0.684912597952482,7.66820426090342,0.000000000000000E+000,7.26860801387082,0.000000000000000E+000,0.200128654395002,0.200128654395002,0.200128654395002,6.373958313234182E-002,1.388723116350104E-002,7.662337421237893E-002,0.313421741359659,0.378008474041265 
 05/06  05:00:00,0.741456708377523,8.03912889703544,0.000000000000000E+000,7.34699036760673,0.000000000000000E+000,0.202286778062086,0.202286778062086,0.202286778062086,6.728067897902401E-002,1.465874390473574E-002,9.036502038555042E-002,0.349753473356527,0.668048309800028 
 05/06  06:00:00,0.909731142800532,9.33983747352889,0.000000000000000E+000,8.09927706994742,0.000000000000000E+000,0.222999702073311,0.222999702073311,0.222999702073311,9.560938723744861E-002,2.083084947716625E-002,0.149073445899162,0.404105744423842,1.21272652378335 
 05/06  07:00:00,1.08822282380027,8.56444312055376,0.000000000000000E+000,7.16656284365185,0.000000000000000E+000,0.197319015663012,0.197319015663012,0.197319015663012,0.159348978729081,3.471808246194374E-002,0.235332091362966,0.429392629893665,1.36830469424421 
 05/06  08:00:00,1.01681255285505,7.98724836394980,0.000000000000000E+000,6.62433362137610,0.000000000000000E+000,0.182389664070436,0.182389664070436,0.182389664070436,0.120397024727063,2.623144412963851E-002,0.307655740125598,0.363026666112717,1.33791029577351 
 05/06  09:00:00,0.951036693640199,7.26647234174175,0.000000000000000E+000,6.02415863081952,0.000000000000000E+000,0.165864875138028,0.165864875138028,0.165864875138028,6.373958313234182E-002,1.388723116350104E-002,0.381467941615351,0.308965048901375,1.22103290471839 
 05/06  10:00:00,0.955607264689314,6.72985211416841,0.000000000000000E+000,5.63016914268496,0.000000000000000E+000,0.155017050361169,0.155017050361169,0.155017050361169,5.311632902945728E-002,1.157269293979695E-002,0.402557783368541,0.316231395300750,1.07790167595214 
 05/06  11:00:00,0.940114362985922,5.42379737514665,0.000000000000000E+000,4.45426082472153,0.000000000000000E+000,0.122640431768335,0.122640431768335,0.122640431768335,5.311632902945728E-002,1.157269293979695E-002,0.419344615639324,0.316328279919408,0.947748581702781 
 05/06  12:00:00,0.899652422868563,4.56910069381599,0.000000000000000E+000,3.69892788198583,0.000000000000000E+000,0.101843634752806,0.101843634752806,0.101843634752806,5.311632902945728E-002,1.157269293979695E-002,0.405008126563703,0.310999625893199,0.848751868614643 
 05/06  13:00:00,0.854079683641050,3.79475586612740,0.000000000000000E+000,2.98523926967953,0.000000000000000E+000,8.219344294643398E-002,8.219344294643398E-002,8.219344294643398E-002,5.311632902945728E-002,1.157269293979695E-002,0.368331386471487,0.321753818564274,0.787354929027703 
 05/06  14:00:00,0.822763028557424,3.01557118889705,0.000000000000000E+000,2.26275942190546,0.000000000000000E+000,6.230119955036587E-002,6.230119955036587E-002,6.230119955036587E-002,5.311632902945728E-002,1.157269293979695E-002,0.338789551094827,0.339871242253379,0.729402212848278 
 05/06  15:00:00,0.829987275901206,2.36462810228895,0.000000000000000E+000,1.60345233855376,0.000000000000000E+000,4.414830986743408E-002,4.414830986743408E-002,4.414830986743408E-002,5.311632902945728E-002,1.157269293979695E-002,0.345274187483165,0.358763742891751,0.736464937340459 
 05/06  16:00:00,0.925199731266712,1.71825264965118,0.000000000000000E+000,0.876928965874392,0.000000000000000E+000,2.414473494863612E-002,2.414473494863612E-002,2.414473494863612E-002,5.665741651684890E-002,1.234420750230810E-002,0.390586728885886,0.424354629723432,0.812095107052794 
 05/06  17:00:00,1.10513645479395,1.42992508536043,0.000000000000000E+000,0.433354526090794,0.000000000000000E+000,1.193167357725617E-002,1.193167357725617E-002,1.193167357725617E-002,7.082176646641590E-002,1.543025664597044E-002,0.474317688533803,0.515523055880909,0.961062509783712 
 05/06  18:00:00,1.19457194062456,1.32978220793098,0.000000000000000E+000,0.182648090677123,0.000000000000000E+000,5.028901895008519E-003,5.028901895008519E-003,5.028901895008519E-003,0.123938103855164,2.700295504959676E-002,0.431787500146093,0.559702441989101,1.10858309265694 
 05/06  19:00:00,1.26425918818680,1.57905517129109,0.000000000000000E+000,0.399032664404818,0.000000000000000E+000,1.098667998530040E-002,1.098667998530040E-002,1.098667998530040E-002,0.247876207710328,5.400589188642894E-002,0.356555413855597,0.577722981059548,1.14023026875724 
 05/06  20:00:00,1.49170239357181,2.03685666277099,0.000000000000000E+000,0.934201557290334,0.000000000000000E+000,2.572163751813972E-002,2.572163751813972E-002,2.572163751813972E-002,0.435553819464216,9.489607992080321E-002,0.320834515094546,0.597584327884505,1.06149486318988 
 05/06  21:00:00,1.63900323984153,2.39721035130612,0.000000000000000E+000,1.40237680322671,0.000000000000000E+000,3.861203989112443E-002,3.861203989112443E-002,3.861203989112443E-002,0.570115244296592,0.124213567730275,0.305317431436236,0.583632942797706,0.954634245297377 
 05/06  22:00:00,1.37194214456984,3.00966369686881,0.000000000000000E+000,2.18448769692678,0.000000000000000E+000,6.014612185636094E-002,6.014612185636094E-002,6.014612185636094E-002,0.446177140441427,9.721061268067793E-002,0.246236738835966,0.505059517065810,0.790388655087646 
 05/06  23:00:00,1.08430435412965,3.74209116530890,0.000000000000000E+000,3.10466910779072,0.000000000000000E+000,8.548173869029513E-002,8.548173869029513E-002,8.548173869029513E-002,0.311615799201959,6.789314308397101E-002,0.163314336941647,0.438887322522180,0.607192502139260 
 05/06  24:00:00,0.785966392380550,4.32152069636726,0.000000000000000E+000,3.88284541604838,0.000000000000000E+000,0.106907488594057,0.106907488594057,0.106907488594057,0.159348978729081,3.471808246194374E-002,0.104853162793151,0.363026666112717,0.413670833518699 
 05/07  01:00:00,0.682806396499053,4.97212447357290,0.000000000000000E+000,4.61935711112943,0.000000000000000E+000,0.127186074838008,0.127186074838008,0.127186074838008,9.560938723744861E-002,2.083084947716625E-002,8.781613688563442E-002,0.334251934371197,0.329744853380047 
 05/07  02:00:00,0.635181538629313,5.26344097726844,0.000000000000000E+000,4.93478343579070,0.000000000000000E+000,0.135870797661795,0.135870797661795,0.135870797661795,6.373958313234182E-002,1.388723116350104E-002,7.419536335721098E-002,0.330376549624864,0.305901960055631 
 05/07  03:00:00,0.635178305068504,5.75428646700591,0.000000000000000E+000,5.42019701779473,0.000000000000000E+000,0.149235828050851,0.149235828050851,0.149235828050851,6.373958313234182E-002,1.388723116350104E-002,6.547756110294642E-002,0.325726087929265,0.311654180958654 
 05/07  04:00:00,0.641768194217145,6.10168611860468,0.000000000000000E+000,5.70161722141096,0.000000000000000E+000,0.156984250659665,0.156984250659665,0.156984250659665,6.373958313234182E-002,1.388723116350104E-002,7.662337421237893E-002,0.313421741359659,0.378481124202385 
 05/07  05:00:00,0.703092561326660,6.64484900562606,0.000000000000000E+000,5.95361695217953,0.000000000000000E+000,0.163922631011223,0.163922631011223,0.163922631011223,6.728067897902401E-002,1.465874390473574E-002,9.036502038555042E-002,0.349753473356527,0.667141833817868 
 05/07  06:00:00,0.845319138599642,6.99793736129158,0.000000000000000E+000,5.75985390568638,0.000000000000000E+000,0.158587697872423,0.158587697872423,0.158587697872423,9.560938723744861E-002,2.083084947716625E-002,0.149073445899162,0.404105744423842,1.21024957580705 
 05/07  07:00:00,1.02962087081985,6.43305079455155,0.000000000000000E+000,5.03815886097575,0.000000000000000E+000,0.138717062682596,0.138717062682596,0.138717062682596,0.159348978729081,3.471808246194374E-002,0.235332091362966,0.429392629893665,1.36531635091807 
 05/07  08:00:00,0.959025449177671,5.88557168939183,0.000000000000000E+000,4.52552470189592,0.000000000000000E+000,0.124602560393054,0.124602560393054,0.124602560393054,0.120397024727063,2.623144412963851E-002,0.307655740125598,0.363026666112717,1.33504254069573 
 05/07  09:00:00,0.889764258385884,5.03846820449689,0.000000000000000E+000,3.79876359548467,0.000000000000000E+000,0.104592439883715,0.104592439883715,0.104592439883715,6.373958313234182E-002,1.388723116350104E-002,0.381467941615351,0.308965048901375,1.21842380280838 
 05/07  10:00:00,0.881078808688277,4.02090459557121,0.000000000000000E+000,2.92331972030624,0.000000000000000E+000,8.048859436013314E-002,8.048859436013314E-002,8.048859436013314E-002,5.311632902945728E-002,1.157269293979695E-002,0.402557783368541,0.316231395300750,1.07580357973368 
 05/07  11:00:00,0.871549154723174,2.93221683328015,0.000000000000000E+000,1.96399463191712,0.000000000000000E+000,5.407522350558919E-002,5.407522350558919E-002,5.407522350558919E-002,5.311632902945728E-002,1.157269293979695E-002,0.419344615639324,0.316328279919408,0.946434232640686 
 05/07  12:00:00,0.828719947333872,1.99181653247630,0.000000000000000E+000,1.12268330734569,0.000000000000000E+000,3.091115921811453E-002,3.091115921811453E-002,3.091115921811453E-002,5.311632902945728E-002,1.157269293979695E-002,0.405008126563703,0.310999625893199,0.847712281915089 
 05/07  13:00:00,0.780885665209585,1.13553376486142,0.000000000000000E+000,0.326856188322900,0.000000000000000E+000,8.999424514970685E-003,8.999424514970685E-003,8.999424514970685E-003,5.311632902945728E-002,1.157269293979695E-002,0.368331386471487,0.321753818564274,0.786515909118341 
 05/07  14:00:00,0.760461829007060,0.752342752331731,0.000000000000000E+000,0.000000000000000E+000,0.000000000000000E+000,0.000000000000000E+000,0.000000000000000E+000,0.000000000000000E+000,5.311632902945728E-002,1.157269293979695E-002,0.338789551094827,0.339871242253379,0.728933198188406 
 05/07  15:00:00,0.785838966033770,0.760369166267432,0.000000000000000E+000,0.000000000000000E+000,0.000000000000000E+000,0.000000000000000E+000,0.000000000000000E+000,0.000000000000000E+000,5.311632902945728E-002,1.157269293979695E-002,0.345274187483165,0.358763742891751,0.735658339872698 
 05/07  16:00:00,0.901054996318076,0.839537275947814,0.000000000000000E+000,0.000000000000000E+000,0.000000000000000E+000,0.000000000000000E+000,0.000000000000000E+000,0.000000000000000E+000,5.665741651684890E-002,1.234420750230810E-002,0.390586728885886,0.424354629723432,0.810308699223824 
 05/07  17:00:00,1.09320478121670,0.994081960220404,0.000000000000000E+000,0.000000000000000E+000,0.000000000000000E+000,0.000000000000000E+000,0.000000000000000E+000,0.000000000000000E+000,7.082176646641590E-002,1.543025664597044E-002,0.474317688533803,0.515523055880909,0.958573910734479 
 05/07  18:00:00,1.18954303872956,1.14328343221704,0.000000000000000E+000,0.000000000000000E+000,0.000000000000000E+000,0.000000000000000E+000,0.000000000000000E+000,0.000000000000000E+000,0.123938103855164,2.700295504959676E-002,0.431787500146093,0.559702441989101,1.10473240762012 
 05/07  19:00:00,1.25327250820150,1.17520093690701,0.000000000000000E+000,0.000000000000000E+000,0.000000000000000E+000,0.000000000000000E+000,0.000000000000000E+000,0.000000000000000E+000,0.247876207710328,5.400589188642894E-002,0.356555413855597,0.577722981059548,1.13540869877798 
 05/07  20:00:00,1.46598075605367,1.09779086615380,0.000000000000000E+000,0.000000000000000E+000,0.000000000000000E+000,0.000000000000000E+000,0.000000000000000E+000,0.000000000000000E+000,0.435553819464216,9.489607992080321E-002,0.320834515094546,0.597584327884505,1.05663062386303 
 05/07  21:00:00,1.60039119995041,0.990816972679466,0.000000000000000E+000,0.000000000000000E+000,0.000000000000000E+000,0.000000000000000E+000,0.000000000000000E+000,0.000000000000000E+000,0.570115244296592,0.124213567730275,0.305317431436236,0.583632942797706,0.950617669897430 
 05/07  22:00:00,1.31179602271348,0.822170457891868,0.000000000000000E+000,0.000000000000000E+000,0.000000000000000E+000,0.000000000000000E+000,0.000000000000000E+000,0.000000000000000E+000,0.446177140441427,9.721061268067793E-002,0.246236738835966,0.505059517065810,0.787383113037492 
 05/07  23:00:00,0.998822615439359,0.635658580179449,0.000000000000000E+000,0.000000000000000E+000,0.000000000000000E+000,0.000000000000000E+000,0.000000000000000E+000,0.000000000000000E+000,0.311615799201959,6.789314308397101E-002,0.163314336941647,0.438887322522180,0.605429024800527 
 05/07  24:00:00,0.679058903786491,0.438796551905380,0.000000000000000E+000,0.000000000000000E+000,0.000000000000000E+000,0.000000000000000E+000,0.000000000000000E+000,0.000000000000000E+000,0.159348978729081,3.471808246194374E-002,0.104853162793151,0.363026666112717,0.413792105105200 
 05/08  01:00:00,0.558169551076031,0.581965256108955,0.000000000000000E+000,0.235941940818847,0.000000000000000E+000,6.496256647945910E-003,6.496256647945910E-003,6.496256647945910E-003,9.560938723744861E-002,2.083084947716625E-002,8.386910965267348E-002,0.334251934371197,0.323000806226691 
 05/08  02:00:00,0.519680407781863,1.15942994119990,0.000000000000000E+000,0.834659123122320,0.000000000000000E+000,2.298090733056710E-002,2.298090733056710E-002,2.298090733056710E-002,6.373958313234182E-002,1.388723116350104E-002,7.158412284098968E-002,0.330376549624864,0.302015236655474 
 05/08  03:00:00,0.521338335767754,1.66513478129058,0.000000000000000E+000,1.33515722185236,0.000000000000000E+000,3.676126401439907E-002,3.676126401439907E-002,3.676126401439907E-002,6.373958313234182E-002,1.388723116350104E-002,6.411215583864807E-002,0.325726087929265,0.307542291185697 
 05/08  04:00:00,0.532036369480141,2.20279782885383,0.000000000000000E+000,1.81320841574984,0.000000000000000E+000,4.992358367506249E-002,4.992358367506249E-002,4.992358367506249E-002,6.373958313234182E-002,1.388723116350104E-002,7.395221645997889E-002,0.313421741359659,0.368001640112646 
 05/08  05:00:00,0.594993425239657,2.83291159273852,0.000000000000000E+000,2.17628195408036,0.000000000000000E+000,5.992019080174456E-002,5.992019080174456E-002,5.992019080174456E-002,6.728067897902401E-002,1.465874390473574E-002,8.626832450802412E-002,0.349753473356527,0.632539419029466 
 05/08  06:00:00,0.750924597177544,3.87230223189447,0.000000000000000E+000,2.71739016132535,0.000000000000000E+000,7.481867716823719E-002,7.481867716823719E-002,7.481867716823719E-002,9.560938723744861E-002,2.083084947716625E-002,0.138447925181248,0.404105744423842,1.12707819077099 
 05/08  07:00:00,0.928891339503349,3.44126704186907,0.000000000000000E+000,2.14826929256273,0.000000000000000E+000,5.914891021475364E-002,5.914891021475364E-002,5.914891021475364E-002,0.159348978729081,3.471808246194374E-002,0.214170712514307,0.429392629893665,1.26342216664865 
 05/08  08:00:00,0.854174115840363,3.14856009051547,0.000000000000000E+000,1.89547140183634,0.000000000000000E+000,5.218855389777749E-002,5.218855389777749E-002,5.218855389777749E-002,0.120397024727063,2.623144412963851E-002,0.275218413283566,0.363026666112717,1.22808424187895 
 05/08  09:00:00,0.779519166621395,2.57102787917230,0.000000000000000E+000,1.43021230215010,0.000000000000000E+000,3.937844260995611E-002,3.937844260995611E-002,3.937844260995611E-002,6.373958313234182E-002,1.388723116350104E-002,0.336436847124624,0.308965048901375,1.11953477081836 
 05/08  10:00:00,0.762152416747482,1.46573764751990,0.000000000000000E+000,0.453214084031152,0.000000000000000E+000,1.247847244161902E-002,1.247847244161902E-002,1.247847244161902E-002,5.311632902945728E-002,1.157269293979695E-002,0.351641513346258,0.316231395300750,0.990742267957450 
 05/08  11:00:00,0.766277097529260,0.945069537209389,0.000000000000000E+000,4.692385351224694E-002,0.000000000000000E+000,1.291967821694819E-003,1.291967821694819E-003,1.291967821694819E-003,5.311632902945728E-002,1.157269293979695E-002,0.366855814129303,0.316328279919408,0.876357714974808 
 05/08  12:00:00,0.749998243776262,0.808401337516980,0.000000000000000E+000,0.000000000000000E+000,0.000000000000000E+000,0.000000000000000E+000,0.000000000000000E+000,0.000000000000000E+000,5.311632902945728E-002,1.157269293979695E-002,0.357197582224207,0.310999625893199,0.786980394301453 
 05/08  13:00:00,0.728298173309470,0.755402319055691,0.000000000000000E+000,0.000000000000000E+000,0.000000000000000E+000,0.000000000000000E+000,0.000000000000000E+000,0.000000000000000E+000,5.311632902945728E-002,1.157269293979695E-002,0.324743319086342,0.321753818564274,0.733240651635513 
 05/08  14:00:00,0.721336225531394,0.703354869187104,0.000000000000000E+000,0.000000000000000E+000,0.000000000000000E+000,0.000000000000000E+000,0.000000000000000E+000,0.000000000000000E+000,5.311632902945728E-002,1.157269293979695E-002,0.299663947619161,0.339871242253379,0.679945315043781 
 05/08  15:00:00,0.748779963531328,0.711284977952169,0.000000000000000E+000,0.000000000000000E+000,0.000000000000000E+000,0.000000000000000E+000,0.000000000000000E+000,0.000000000000000E+000,5.311632902945728E-002,1.157269293979695E-002,0.308215184980723,0.358763742891751,0.686574151557435 
 05/08  16:00:00,0.865137048336018,0.779625309675529,0.000000000000000E+000,0.000000000000000E+000,0.000000000000000E+000,0.000000000000000E+000,0.000000000000000E+000,0.000000000000000E+000,5.665741651684890E-002,1.234420750230810E-002,0.354668780903828,0.424354629723432,0.750396732951537 
 05/08  17:00:00,1.05785282271998,0.922350391597654,0.000000000000000E+000,0.000000000000000E+000,0.000000000000000E+000,0.000000000000000E+000,0.000000000000000E+000,0.000000000000000E+000,7.082176646641590E-002,1.543025664597044E-002,0.438965730037081,0.515523055880909,0.886842342111728 
 05/08  18:00:00,1.15523269574176,1.05082327871141,0.000000000000000E+000,0.000000000000000E+000,0.000000000000000E+000,0.000000000000000E+000,0.000000000000000E+000,0.000000000000000E+000,0.123938103855164,2.700295504959676E-002,0.397477157158294,0.559702441989101,1.01227225411450 
 05/08  19:00:00,1.21902772661215,1.07240060197503,0.000000000000000E+000,0.000000000000000E+000,0.000000000000000E+000,0.000000000000000E+000,0.000000000000000E+000,0.000000000000000E+000,0.247876207710328,5.400589188642894E-002,0.322310632266247,0.577722981059548,1.03260836384600 
 05/08  20:00:00,1.43112535784179,0.999841207992063,0.000000000000000E+000,0.000000000000000E+000,0.000000000000000E+000,0.000000000000000E+000,0.000000000000000E+000,0.000000000000000E+000,0.435553819464216,9.489607992080321E-002,0.285979116882669,0.597584327884505,0.958680965701289 
 05/08  21:00:00,1.56478431399662,0.908546934791778,0.000000000000000E+000,0.000000000000000E+000,0.000000000000000E+000,0.000000000000000E+000,0.000000000000000E+000,0.000000000000000E+000,0.570115244296592,0.124213567730275,0.269710545482451,0.583632942797706,0.868347632009739 
 05/08  22:00:00,1.28350278815464,0.757871145481573,0.000000000000000E+000,0.000000000000000E+000,0.000000000000000E+000,0.000000000000000E+000,0.000000000000000E+000,0.000000000000000E+000,0.446177140441427,9.721061268067793E-002,0.217943504277125,0.505059517065810,0.723083800627197 
 05/08  23:00:00,1.00056259852816,1.22344105381108,0.000000000000000E+000,0.627416633754994,0.000000000000000E+000,1.727484085244562E-002,1.727484085244562E-002,1.727484085244562E-002,0.311615799201959,6.789314308397101E-002,0.147779479178003,0.438887322522180,0.565794864677168 
 05/08  24:00:00,0.718888754570827,2.10913340654283,0.000000000000000E+000,1.68536153575729,0.000000000000000E+000,4.640353912008298E-002,4.640353912008298E-002,4.640353912008298E-002,0.159348978729081,3.471808246194374E-002,9.827947445740333E-002,0.363026666112717,0.398767423985353 
 05/09  01:00:00,0.620884180045355,2.85887975347283,0.000000000000000E+000,2.51371698553407,0.000000000000000E+000,6.921088561727169E-002,6.921088561727169E-002,6.921088561727169E-002,9.560938723744861E-002,2.083084947716625E-002,8.386910965267348E-002,0.334251934371197,0.322140258875343 
 05/09  02:00:00,0.581308178009701,3.39649697271313,0.000000000000000E+000,3.07295980979413,0.000000000000000E+000,8.460867755840346E-002,8.460867755840346E-002,8.460867755840346E-002,6.373958313234182E-002,1.388723116350104E-002,7.158412284098968E-002,0.330376549624864,0.300781581496889 
 05/09  03:00:00,0.582077379347150,3.86874597041461,0.000000000000000E+000,3.54117964403214,0.000000000000000E+000,9.750030759379534E-002,9.750030759379534E-002,9.750030759379534E-002,6.373958313234182E-002,1.388723116350104E-002,6.411215583864807E-002,0.325726087929265,0.305131058129912 
 05/09  04:00:00,0.589769066582967,4.29670670066289,0.000000000000000E+000,3.91004130603510,0.000000000000000E+000,0.107656280777888,0.107656280777888,0.107656280777888,6.373958313234182E-002,1.388723116350104E-002,7.395221645997889E-002,0.313421741359659,0.365077621636436 
 05/09  05:00:00,0.647686335471546,4.74324382368725,0.000000000000000E+000,4.09007141488263,0.000000000000000E+000,0.112613101033635,0.112613101033635,0.112613101033635,6.728067897902401E-002,1.465874390473574E-002,8.626832450802412E-002,0.349753473356527,0.629082189175960 
 05/09  06:00:00,0.787880579827982,5.20941972592767,0.000000000000000E+000,4.05961950107425,0.000000000000000E+000,0.111774659818675,0.111774659818675,0.111774659818675,9.560938723744861E-002,2.083084947716625E-002,0.138447925181248,0.404105744423842,1.12196634505528 
 05/09  07:00:00,0.987836262516639,5.57713636617725,0.000000000000000E+000,4.28912983592971,0.000000000000000E+000,0.118093833228042,0.118093833228042,0.118093833228042,0.159348978729081,3.471808246194374E-002,0.214170712514307,0.429392629893665,1.25843094758983 
 05/09  08:00:00,0.912046822839633,5.24565245509200,0.000000000000000E+000,3.99738940628683,0.000000000000000E+000,0.110061260897049,0.110061260897049,0.110061260897049,0.120397024727063,2.623144412963851E-002,0.275218413283566,0.363026666112717,1.22325860200499 
 05/09  09:00:00,0.844027219394782,4.90957664615167,0.000000000000000E+000,3.77312391950594,0.000000000000000E+000,0.103886495383344,0.103886495383344,0.103886495383344,6.373958313234182E-002,1.388723116350104E-002,0.336436847124624,0.308965048901375,1.11517192044187 
 05/09  10:00:00,0.862250351224421,5.09749714940785,0.000000000000000E+000,4.08873869648845,0.000000000000000E+000,0.112576406918558,0.112576406918558,0.112576406918558,5.311632902945728E-002,1.157269293979695E-002,0.351641513346258,0.316231395300750,0.986977157388072 
 05/09  11:00:00,0.847057921602273,3.87409910792000,0.000000000000000E+000,2.98085726249460,0.000000000000000E+000,8.207279189470654E-002,8.207279189470654E-002,8.207279189470654E-002,5.311632902945728E-002,1.157269293979695E-002,0.366855814129303,0.316328279919408,0.871453876703055 
 05/09  12:00:00,0.819055171234927,3.31195765404398,0.000000000000000E+000,2.50812527499747,0.000000000000000E+000,6.905692745866387E-002,6.905692745866387E-002,6.905692745866387E-002,5.311632902945728E-002,1.157269293979695E-002,0.357197582224207,0.310999625893199,0.782411435830967 
 05/09  13:00:00,0.782907068870462,2.73505422991780,0.000000000000000E+000,1.98337742840077,0.000000000000000E+000,5.460889556099260E-002,5.460889556099260E-002,5.460889556099260E-002,5.311632902945728E-002,1.157269293979695E-002,0.324743319086342,0.321753818564274,0.729515134096854 
 05/09  14:00:00,0.760080895633677,2.10744486080595,0.000000000000000E+000,1.40719388960865,0.000000000000000E+000,3.874467010228490E-002,3.874467010228490E-002,3.874467010228490E-002,5.311632902945728E-002,1.157269293979695E-002,0.299663947619161,0.339871242253379,0.676841417053973 
 05/09  15:00:00,0.773241786167445,1.59727005867044,0.000000000000000E+000,0.888445488149994,0.000000000000000E+000,2.446182263611742E-002,2.446182263611742E-002,2.446182263611742E-002,5.311632902945728E-002,1.157269293979695E-002,0.308215184980723,0.358763742891751,0.684113744125716 
 05/09  16:00:00,0.872496061160474,1.04470642985334,0.000000000000000E+000,0.267276966168180,0.000000000000000E+000,7.359012824455660E-003,7.359012824455660E-003,7.359012824455660E-003,5.665741651684890E-002,1.234420750230810E-002,0.354668780903828,0.424354629723432,0.748200886961167 
 05/09  17:00:00,1.05785282271998,0.919926468209813,0.000000000000000E+000,0.000000000000000E+000,0.000000000000000E+000,0.000000000000000E+000,0.000000000000000E+000,0.000000000000000E+000,7.082176646641590E-002,1.543025664597044E-002,0.438965730037081,0.515523055880909,0.884418418723888 
 05/09  18:00:00,1.15523269574176,1.04907918719689,0.000000000000000E+000,0.000000000000000E+000,0.000000000000000E+000,0.000000000000000E+000,0.000000000000000E+000,0.000000000000000E+000,0.123938103855164,2.700295504959676E-002,0.397477157158294,0.559702441989101,1.01052816259997 
 05/09  19:00:00,1.21902772661215,1.07073780187109,0.000000000000000E+000,0.000000000000000E+000,0.000000000000000E+000,0.000000000000000E+000,0.000000000000000E+000,0.000000000000000E+000,0.247876207710328,5.400589188642894E-002,0.322310632266247,0.577722981059548,1.03094556374205 
 05/09  20:00:00,1.44037679007434,1.33471043755535,0.000000000000000E+000,0.336009027135732,0.000000000000000E+000,9.251432232543476E-003,9.251432232543476E-003,9.251432232543476E-003,0.435553819464216,9.489607992080321E-002,0.285979116882669,0.597584327884505,0.957541168128847 
 05/09  21:00:00,1.58441844635146,1.62039554050779,0.000000000000000E+000,0.713105338219642,0.000000000000000E+000,1.963413235484001E-002,1.963413235484001E-002,1.963413235484001E-002,0.570115244296592,0.124213567730275,0.269710545482451,0.583632942797706,0.867090899506109 
 05/09  22:00:00,1.32816666958825,2.37897605710612,0.000000000000000E+000,1.62217773112151,0.000000000000000E+000,4.466388143360600E-002,4.466388143360600E-002,4.466388143360600E-002,0.446177140441427,9.721061268067793E-002,0.217943504277125,0.505059517065810,0.722010981130237 
 05/09  23:00:00,1.04840225096366,2.95928560793831,0.000000000000000E+000,2.36493734074557,0.000000000000000E+000,6.511449328794656E-002,6.511449328794656E-002,6.511449328794656E-002,0.311615799201959,6.789314308397101E-002,0.147779479178003,0.438887322522180,0.564118711813811 
 05/09  24:00:00,0.757915427849324,3.52459296011061,0.000000000000000E+000,3.10279768953722,0.000000000000000E+000,8.543021239857995E-002,8.543021239857995E-002,8.543021239857995E-002,0.159348978729081,3.471808246194374E-002,9.827947445740333E-002,0.363026666112717,0.396790823773208 
 05/10  01:00:00,0.658383721631000,4.21904227281692,0.000000000000000E+000,3.87568821004406,0.000000000000000E+000,0.106710427202916,0.106710427202916,0.106710427202916,9.560938723744861E-002,2.083084947716625E-002,8.386910965267348E-002,0.334251934371197,0.320331553709463 
 05/10  02:00:00,0.620689919271797,4.82511232709222,0.000000000000000E+000,4.50329191792335,0.000000000000000E+000,0.123990418820501,0.123990418820501,0.123990418820501,6.373958313234182E-002,1.388723116350104E-002,7.158412284098968E-002,0.330376549624864,0.299064827746762 
 05/10  03:00:00,0.618614709730047,5.19459145099459,0.000000000000000E+000,4.86820366879968,0.000000000000000E+000,0.134037637976692,0.134037637976692,0.134037637976692,6.373958313234182E-002,1.388723116350104E-002,6.411215583864807E-002,0.325726087929265,0.303952513942389 
 05/10  04:00:00,0.628506748258066,5.70258949649081,0.000000000000000E+000,5.31698137822814,0.000000000000000E+000,0.146393962452987,0.146393962452987,0.146393962452987,6.373958313234182E-002,1.388723116350104E-002,7.395221645997889E-002,0.313421741359659,0.364020345271327 
 05/10  05:00:00,0.686713365028747,6.15845142582925,0.000000000000000E+000,5.50752050858985,0.000000000000000E+000,0.151640130590837,0.151640130590837,0.151640130590837,6.728067897902401E-002,1.465874390473574E-002,8.626832450802412E-002,0.349753473356527,0.626840697610704 
 05/10  06:00:00,0.844722970828080,7.27016445505047,0.000000000000000E+000,6.12411676159860,0.000000000000000E+000,0.168617050818775,0.168617050818775,0.168617050818775,9.560938723744861E-002,2.083084947716625E-002,0.138447925181248,0.404105744423842,1.11821381365375 
 05/10  07:00:00,1.00811139089887,6.30836081157397,0.000000000000000E+000,5.02551594259112,0.000000000000000E+000,0.138368961610271,0.138368961610271,0.138368961610271,0.159348978729081,3.471808246194374E-002,0.214170712514307,0.429392629893665,1.25326928632515 
 05/10  08:00:00,0.914153304450770,5.31701917533558,0.000000000000000E+000,4.07389613724975,0.000000000000000E+000,0.112167742508185,0.112167742508185,0.112167742508185,0.120397024727063,2.623144412963851E-002,0.275218413283566,0.363026666112717,1.21811859128563 
 05/10  09:00:00,0.832013664921311,4.46914956342412,0.000000000000000E+000,3.33679550574163,0.000000000000000E+000,9.187294090987060E-002,9.187294090987060E-002,9.187294090987060E-002,6.373958313234182E-002,1.388723116350104E-002,0.336436847124624,0.308965048901375,1.11107325147865 
 05/10  10:00:00,0.819851609232824,3.55424922528227,0.000000000000000E+000,2.54883009744347,0.000000000000000E+000,7.017766492696036E-002,7.017766492696036E-002,7.017766492696036E-002,5.311632902945728E-002,1.157269293979695E-002,0.351641513346258,0.316231395300750,0.983637832307497 
 05/10  11:00:00,0.813496975082618,2.65349751152121,0.000000000000000E+000,1.76193453719420,0.000000000000000E+000,4.851184537505080E-002,4.851184537505080E-002,4.851184537505080E-002,5.311632902945728E-002,1.157269293979695E-002,0.366855814129303,0.316328279919408,0.869775005604673 
 05/10  12:00:00,0.783316681461647,2.01279308294347,0.000000000000000E+000,1.21011488285756,0.000000000000000E+000,3.331843768538577E-002,3.331843768538577E-002,3.331843768538577E-002,5.311632902945728E-002,1.157269293979695E-002,0.357197582224207,0.310999625893199,0.781257256870383 
 05/10  13:00:00,0.744700993837327,1.34634123383014,0.000000000000000E+000,0.595745137543104,0.000000000000000E+000,1.640282052785717E-002,1.640282052785717E-002,1.640282052785717E-002,5.311632902945728E-002,1.157269293979695E-002,0.324743319086342,0.321753818564274,0.728434428866863 
 05/10  14:00:00,0.726377630539126,0.882865568213642,0.000000000000000E+000,0.183102199688258,0.000000000000000E+000,5.041405007732918E-003,5.041405007732918E-003,5.041405007732918E-003,5.311632902945728E-002,1.157269293979695E-002,0.299663947619161,0.339871242253379,0.676353814382060 
 05/10  15:00:00,0.748779963531328,0.707970887445576,0.000000000000000E+000,0.000000000000000E+000,0.000000000000000E+000,0.000000000000000E+000,0.000000000000000E+000,0.000000000000000E+000,5.311632902945728E-002,1.157269293979695E-002,0.308215184980723,0.358763742891751,0.683260061050842 
 05/10  16:00:00,0.865137048336018,0.776222271404757,0.000000000000000E+000,0.000000000000000E+000,0.000000000000000E+000,0.000000000000000E+000,0.000000000000000E+000,0.000000000000000E+000,5.665741651684890E-002,1.234420750230810E-002,0.354668780903828,0.424354629723432,0.746993694680767 
 05/10  17:00:00,1.05785282271998,0.918229804424620,0.000000000000000E+000,0.000000000000000E+000,0.000000000000000E+000,0.000000000000000E+000,0.000000000000000E+000,0.000000000000000E+000,7.082176646641590E-002,1.543025664597044E-002,0.438965730037081,0.515523055880909,0.882721754938692 
 05/10  18:00:00,1.15523269574176,1.04598322625484,0.000000000000000E+000,0.000000000000000E+000,0.000000000000000E+000,0.000000000000000E+000,0.000000000000000E+000,0.000000000000000E+000,0.123938103855164,2.700295504959676E-002,0.397477157158294,0.559702441989101,1.00743220165792 
 05/10  19:00:00,1.21902772661215,1.06736442200559,0.000000000000000E+000,0.000000000000000E+000,0.000000000000000E+000,0.000000000000000E+000,0.000000000000000E+000,0.000000000000000E+000,0.247876207710328,5.400589188642894E-002,0.322310632266247,0.577722981059548,1.02757218387656 
 05/10  20:00:00,1.43112535784179,0.995150822846202,0.000000000000000E+000,0.000000000000000E+000,0.000000000000000E+000,0.000000000000000E+000,0.000000000000000E+000,0.000000000000000E+000,0.435553819464216,9.489607992080321E-002,0.285979116882669,0.597584327884505,0.953990580555429 
 05/10  21:00:00,1.56478431399662,0.904302773821718,0.000000000000000E+000,0.000000000000000E+000,0.000000000000000E+000,0.000000000000000E+000,0.000000000000000E+000,0.000000000000000E+000,0.570115244296592,0.124213567730275,0.269710545482451,0.583632942797706,0.864103471039679 
 05/10  22:00:00,1.28350278815464,0.754312300648499,0.000000000000000E+000,0.000000000000000E+000,0.000000000000000E+000,0.000000000000000E+000,0.000000000000000E+000,0.000000000000000E+000,0.446177140441427,9.721061268067793E-002,0.217943504277125,0.505059517065810,0.719524955794124 
 05/10  23:00:00,0.992149083772865,0.915128578909927,0.000000000000000E+000,0.321840498443323,0.000000000000000E+000,8.861326097151678E-003,8.861326097151678E-003,8.861326097151678E-003,0.311615799201959,6.789314308397101E-002,0.147779479178003,0.438887322522180,0.563058525087682 
 05/10  24:00:00,0.702235117184278,1.50283441415031,0.000000000000000E+000,1.08050681101078,0.000000000000000E+000,2.974990173353235E-002,2.974990173353235E-002,2.974990173353235E-002,0.159348978729081,3.471808246194374E-002,9.827947445740333E-002,0.363026666112717,0.397323156339346 
 05/11  01:00:00,0.596714620979090,1.98033705988828,0.000000000000000E+000,1.63588641573454,0.000000000000000E+000,4.504132655100630E-002,4.504132655100630E-002,4.504132655100630E-002,9.560938723744861E-002,2.083084947716625E-002,8.386910965267348E-002,0.334251934371197,0.321428135090316 
 05/11  02:00:00,0.553632580658202,2.39079512761039,0.000000000000000E+000,2.06779106319021,0.000000000000000E+000,5.693308020690634E-002,5.693308020690634E-002,5.693308020690634E-002,6.373958313234182E-002,1.388723116350104E-002,7.158412284098968E-002,0.330376549624864,0.300248482998072 
 05/11  03:00:00,0.549958922583767,2.70247602819519,0.000000000000000E+000,2.37464768023492,0.000000000000000E+000,6.538185083041048E-002,6.538185083041048E-002,6.538185083041048E-002,6.373958313234182E-002,1.388723116350104E-002,6.411215583864807E-002,0.325726087929265,0.305393079707746 
 05/11  04:00:00,0.552592807841118,2.94645244045687,0.000000000000000E+000,2.55981160987475,0.000000000000000E+000,7.048002203603836E-002,7.048002203603836E-002,7.048002203603836E-002,6.373958313234182E-002,1.388723116350104E-002,7.395221645997889E-002,0.313421741359659,0.365053057590785 
 05/11  05:00:00,0.608064863577618,3.30209787384844,0.000000000000000E+000,2.65103236772480,0.000000000000000E+000,7.299162913970714E-002,7.299162913970714E-002,7.299162913970714E-002,6.728067897902401E-002,1.465874390473574E-002,8.626832450802412E-002,0.349753473356527,0.626975286494950 
 05/11  06:00:00,0.745680157295835,3.67159179390322,0.000000000000000E+000,2.52691380066782,0.000000000000000E+000,6.957423728652863E-002,6.957423728652863E-002,6.957423728652863E-002,9.560938723744861E-002,2.083084947716625E-002,0.138447925181248,0.404105744423842,1.11684411343729 
 05/11  07:00:00,0.935505334558635,3.67069772728161,0.000000000000000E+000,2.38848745426413,0.000000000000000E+000,6.576290527003796E-002,6.576290527003796E-002,6.576290527003796E-002,0.159348978729081,3.471808246194374E-002,0.214170712514307,0.429392629893665,1.25263469035980 
 05/11  08:00:00,0.865827047218245,3.56159625248603,0.000000000000000E+000,2.31870210138023,0.000000000000000E+000,6.384148527566152E-002,6.384148527566152E-002,6.384148527566152E-002,0.120397024727063,2.623144412963851E-002,0.275218413283566,0.363026666112717,1.21788970430563 
 05/11  09:00:00,0.797015507489490,3.19734544581892,0.000000000000000E+000,2.06567374484902,0.000000000000000E+000,5.687478347804983E-002,5.687478347804983E-002,5.687478347804983E-002,6.373958313234182E-002,1.388723116350104E-002,0.336436847124624,0.308965048901375,1.11039089476607 
 05/11  10:00:00,0.794961947683463,2.64941130688522,0.000000000000000E+000,1.64484563831082,0.000000000000000E+000,4.528800337760038E-002,4.528800337760038E-002,4.528800337760038E-002,5.311632902945728E-002,1.157269293979695E-002,0.351641513346258,0.316231395300750,0.982784373043094 
 05/11  11:00:00,0.795989610492879,2.01676775343129,0.000000000000000E+000,1.12607271648977,0.000000000000000E+000,3.100448078531228E-002,3.100448078531228E-002,3.100448078531228E-002,5.311632902945728E-002,1.157269293979695E-002,0.366855814129303,0.316328279919408,0.868907068219179 
 05/11  12:00:00,0.771740858323301,1.59151924361672,0.000000000000000E+000,0.789684729639950,0.000000000000000E+000,2.174261454704081E-002,2.174261454704081E-002,2.174261454704081E-002,5.311632902945728E-002,1.157269293979695E-002,0.357197582224207,0.310999625893199,0.780413570761246 
 05/11  13:00:00,0.741487450646758,1.22878320950748,0.000000000000000E+000,0.479030287995449,0.000000000000000E+000,1.318927733728846E-002,1.318927733728846E-002,1.318927733728846E-002,5.311632902945728E-002,1.157269293979695E-002,0.324743319086342,0.321753818564274,0.727591254091857 
 05/11  14:00:00,0.729630064713887,0.999846919415757,0.000000000000000E+000,0.301229557205950,0.000000000000000E+000,8.293839182493677E-003,8.293839182493677E-003,8.293839182493677E-003,5.311632902945728E-002,1.157269293979695E-002,0.299663947619161,0.339871242253379,0.675207808066481 
 05/11  15:00:00,0.748779963531328,0.706897412855194,0.000000000000000E+000,0.000000000000000E+000,0.000000000000000E+000,0.000000000000000E+000,0.000000000000000E+000,0.000000000000000E+000,5.311632902945728E-002,1.157269293979695E-002,0.308215184980723,0.358763742891751,0.682186586460457 
 05/11  16:00:00,0.865137048336018,0.774721076028876,0.000000000000000E+000,0.000000000000000E+000,0.000000000000000E+000,0.000000000000000E+000,0.000000000000000E+000,0.000000000000000E+000,5.665741651684890E-002,1.234420750230810E-002,0.354668780903828,0.424354629723432,0.745492499304886 
 05/11  17:00:00,1.05785282271998,0.916481492295535,0.000000000000000E+000,0.000000000000000E+000,0.000000000000000E+000,0.000000000000000E+000,0.000000000000000E+000,0.000000000000000E+000,7.082176646641590E-002,1.543025664597044E-002,0.438965730037081,0.515523055880909,0.880973442809607 
 05/11  18:00:00,1.15523269574176,1.04398940466373,0.000000000000000E+000,0.000000000000000E+000,0.000000000000000E+000,0.000000000000000E+000,0.000000000000000E+000,0.000000000000000E+000,0.123938103855164,2.700295504959676E-002,0.397477157158294,0.559702441989101,1.00543838006681 
 05/11  19:00:00,1.21902772661215,1.06542441433780,0.000000000000000E+000,0.000000000000000E+000,0.000000000000000E+000,0.000000000000000E+000,0.000000000000000E+000,0.000000000000000E+000,0.247876207710328,5.400589188642894E-002,0.322310632266247,0.577722981059548,1.02563217620877 
 05/11  20:00:00,1.43112535784179,0.993332829523575,0.000000000000000E+000,0.000000000000000E+000,0.000000000000000E+000,0.000000000000000E+000,0.000000000000000E+000,0.000000000000000E+000,0.435553819464216,9.489607992080321E-002,0.285979116882669,0.597584327884505,0.952172587232805 
 05/11  21:00:00,1.56689913435105,0.979442702644519,0.000000000000000E+000,7.680959142285648E-002,0.000000000000000E+000,2.114820354427136E-003,2.114820354427136E-003,2.114820354427136E-003,0.570115244296592,0.124213567730275,0.269710545482451,0.583632942797706,0.862433808439625 
 05/11  22:00:00,1.29897428305104,1.31491229695685,0.000000000000000E+000,0.561919691762660,0.000000000000000E+000,1.547149489639746E-002,1.547149489639746E-002,1.547149489639746E-002,0.446177140441427,9.721061268067793E-002,0.217943504277125,0.505059517065810,0.718205260339810 
 05/11  23:00:00,1.01444597355803,1.72379631277499,0.000000000000000E+000,1.13165632550105,0.000000000000000E+000,3.115821588231609E-002,3.115821588231609E-002,3.115821588231609E-002,0.311615799201959,6.789314308397101E-002,0.147779479178003,0.438887322522180,0.561910431895019 
 05/11  24:00:00,0.719764173564678,2.13827333056656,0.000000000000000E+000,1.71715647053781,0.000000000000000E+000,4.727895811393429E-002,4.727895811393429E-002,4.727895811393429E-002,0.159348978729081,3.471808246194374E-002,9.827947445740333E-002,0.363026666112717,0.396112413228560 
 05/12  01:00:00,0.610792694907515,2.49083956943368,0.000000000000000E+000,2.14719750851803,0.000000000000000E+000,5.911940047942921E-002,5.911940047942921E-002,5.911940047942921E-002,9.560938723744861E-002,2.083084947716625E-002,8.386910965267348E-002,0.334251934371197,0.320619551852231 
 05/12  02:00:00,0.567664389638873,2.89948586833062,0.000000000000000E+000,2.57742182803164,0.000000000000000E+000,7.096488918757760E-002,7.096488918757760E-002,7.096488918757760E-002,6.373958313234182E-002,1.388723116350104E-002,7.158412284098968E-002,0.330376549624864,0.299308458876867 
 05/12  03:00:00,0.564781327472917,3.24022909200501,0.000000000000000E+000,2.91299263282460,0.000000000000000E+000,8.020425571956075E-002,8.020425571956075E-002,8.020425571956075E-002,6.373958313234182E-002,1.388723116350104E-002,6.411215583864807E-002,0.325726087929265,0.304801190927869 
 05/12  04:00:00,0.567942002257944,3.50321273362369,0.000000000000000E+000,3.11728938776651,0.000000000000000E+000,8.582921645286296E-002,8.582921645286296E-002,8.582921645286296E-002,6.373958313234182E-002,1.388723116350104E-002,7.395221645997889E-002,0.313421741359659,0.364335572865847 
 05/12  05:00:00,0.621459129686609,3.78705001106050,0.000000000000000E+000,3.13750778162308,0.000000000000000E+000,8.638589524869590E-002,8.638589524869590E-002,8.638589524869590E-002,6.728067897902401E-002,1.465874390473574E-002,8.626832450802412E-002,0.349753473356527,0.625452009808760 
 05/12  06:00:00,0.764504366651646,4.35210765920470,0.000000000000000E+000,3.21060299746007,0.000000000000000E+000,8.839844664234045E-002,8.839844664234045E-002,8.839844664234045E-002,9.560938723744861E-002,2.083084947716625E-002,0.138447925181248,0.404105744423842,1.11367078194650 
 05/12  07:00:00,0.946984964871069,4.08384071014654,0.000000000000000E+000,2.80542391514961,0.000000000000000E+000,7.724253558247098E-002,7.724253558247098E-002,7.724253558247098E-002,0.159348978729081,3.471808246194374E-002,0.214170712514307,0.429392629893665,1.24884121233922 
 05/12  08:00:00,0.876946826641720,3.96176167915825,0.000000000000000E+000,2.72256889434041,0.000000000000000E+000,7.496126469913655E-002,7.496126469913655E-002,7.496126469913655E-002,0.120397024727063,2.623144412963851E-002,0.275218413283566,0.363026666112717,1.21418833801767 
 05/12  09:00:00,0.812269647659479,3.74815445020980,0.000000000000000E+000,2.61969918323255,0.000000000000000E+000,7.212892364803970E-002,7.212892364803970E-002,7.212892364803970E-002,6.373958313234182E-002,1.388723116350104E-002,0.336436847124624,0.308965048901375,1.10717446077341 
 05/12  10:00:00,0.812064836322963,3.26762291480055,0.000000000000000E+000,2.26601702329420,0.000000000000000E+000,6.239089201709952E-002,6.239089201709952E-002,6.239089201709952E-002,5.311632902945728E-002,1.157269293979695E-002,0.351641513346258,0.316231395300750,0.979824595975033 
 05/12  11:00:00,0.815925332713372,2.73820829586223,0.000000000000000E+000,1.85013170110757,0.000000000000000E+000,5.094020300580424E-002,5.094020300580424E-002,5.094020300580424E-002,5.311632902945728E-002,1.157269293979695E-002,0.366855814129303,0.316328279919408,0.866288626032324 
 05/12  12:00:00,0.785724016595360,2.09661799699702,0.000000000000000E+000,1.29754851647632,0.000000000000000E+000,3.572577281910011E-002,3.572577281910011E-002,3.572577281910011E-002,5.311632902945728E-002,1.157269293979695E-002,0.357197582224207,0.310999625893199,0.777648537305165 
 05/12  13:00:00,0.753075177925702,1.64728505910259,0.000000000000000E+000,0.899892795750266,0.000000000000000E+000,2.477700461623195E-002,2.477700461623195E-002,2.477700461623195E-002,5.311632902945728E-002,1.157269293979695E-002,0.324743319086342,0.321753818564274,0.725230595932146 
 05/12  14:00:00,0.735493696767273,1.21089509668138,0.000000000000000E+000,0.514194777316293,0.000000000000000E+000,1.415747123587793E-002,1.415747123587793E-002,1.415747123587793E-002,5.311632902945728E-002,1.157269293979695E-002,0.299663947619161,0.339871242253379,0.673290765221759 
 05/12  15:00:00,0.758133459993922,1.04449324749794,0.000000000000000E+000,0.339715966967531,0.000000000000000E+000,9.353496462592101E-003,9.353496462592101E-003,9.353496462592101E-003,5.311632902945728E-002,1.157269293979695E-002,0.308215184980723,0.358763742891751,0.680066454135675 
 05/12  16:00:00,0.872111217545230,1.02641422661809,0.000000000000000E+000,0.253299570505831,0.000000000000000E+000,6.974169209211237E-003,6.974169209211237E-003,6.974169209211237E-003,5.665741651684890E-002,1.234420750230810E-002,0.354668780903828,0.424354629723432,0.743886079388271 
 05/12  17:00:00,1.06196264969893,1.06384874616680,0.000000000000000E+000,0.149267586918783,0.000000000000000E+000,4.109826978953675E-003,4.109826978953675E-003,4.109826978953675E-003,7.082176646641590E-002,1.543025664597044E-002,0.438965730037081,0.515523055880909,0.879073109762092 
 05/12  18:00:00,1.15523269574176,1.04168499905588,0.000000000000000E+000,0.000000000000000E+000,0.000000000000000E+000,0.000000000000000E+000,0.000000000000000E+000,0.000000000000000E+000,0.123938103855164,2.700295504959676E-002,0.397477157158294,0.559702441989101,1.00313397445897 
 05/12  19:00:00,1.21999220021569,1.09816066501989,0.000000000000000E+000,3.502936940764283E-002,0.000000000000000E+000,9.644736035399073E-004,9.644736035399073E-004,9.644736035399073E-004,0.247876207710328,5.400589188642894E-002,0.322310632266247,0.577722981059548,1.02333905748321 
 05/12  20:00:00,1.43647009414695,1.18536524960237,0.000000000000000E+000,0.194119094325218,0.000000000000000E+000,5.344736305155901E-003,5.344736305155901E-003,5.344736305155901E-003,0.435553819464216,9.489607992080321E-002,0.285979116882669,0.597584327884505,0.950085912986378 
 05/12  21:00:00,1.57779381886546,1.37322972093821,0.000000000000000E+000,0.472501010072761,0.000000000000000E+000,1.300950486883996E-002,1.300950486883996E-002,1.300950486883996E-002,0.570115244296592,0.124213567730275,0.269710545482451,0.583632942797706,0.860529408083415 
 05/12  22:00:00,1.30809430919541,1.64453258096461,0.000000000000000E+000,0.893156092267727,0.000000000000000E+000,2.459152104077351E-002,2.459152104077351E-002,2.459152104077351E-002,0.446177140441427,9.721061268067793E-002,0.217943504277125,0.505059517065810,0.716589143842504 
 05/12  23:00:00,1.02061432928538,1.94665469965806,0.000000000000000E+000,1.35568901091415,0.000000000000000E+000,3.732657160966590E-002,3.732657160966590E-002,3.732657160966590E-002,0.311615799201959,6.789314308397101E-002,0.147779479178003,0.438887322522180,0.560736133364984 
 05/12  24:00:00,0.726354378830096,2.37701604959756,0.000000000000000E+000,1.95651059476396,0.000000000000000E+000,5.386916337935233E-002,5.386916337935233E-002,5.386916337935233E-002,0.159348978729081,3.471808246194374E-002,9.827947445740333E-002,0.363026666112717,0.395501008033425 
 05/13  01:00:00,0.620864193398013,2.72043418606932,0.000000000000000E+000,2.36963632417810,0.000000000000000E+000,6.524387173696758E-002,6.524387173696758E-002,6.524387173696758E-002,9.560938723744861E-002,2.083084947716625E-002,8.781613688563442E-002,0.334251934371197,0.327775352827806 
 05/13  02:00:00,0.574279066202471,3.04993439293270,0.000000000000000E+000,2.72282533071824,0.000000000000000E+000,7.496832523495525E-002,7.496832523495525E-002,7.496832523495525E-002,6.373958313234182E-002,1.388723116350104E-002,7.419536335721098E-002,0.330376549624864,0.304353480792370 
 05/13  03:00:00,0.570502026813837,3.40406926354382,0.000000000000000E+000,3.07117550535633,0.000000000000000E+000,8.455954979618405E-002,8.455954979618405E-002,8.455954979618405E-002,6.373958313234182E-002,1.388723116350104E-002,6.547756110294642E-002,0.325726087929265,0.310458489934965 
 05/13  04:00:00,0.581757885653008,3.91978480654148,0.000000000000000E+000,3.52206221934105,0.000000000000000E+000,9.697394209552855E-002,9.697394209552855E-002,9.697394209552855E-002,6.373958313234182E-002,1.388723116350104E-002,7.662337421237893E-002,0.313421741359659,0.376134814209063 
 05/13  05:00:00,0.639862627459617,4.34082630573838,0.000000000000000E+000,3.65712620020862,0.000000000000000E+000,0.100692697144180,0.100692697144180,0.100692697144180,6.728067897902401E-002,1.465874390473574E-002,9.036502038555042E-002,0.349753473356527,0.659609885901081 
 05/13  06:00:00,0.776836076492386,4.49234482543815,0.000000000000000E+000,3.27257123468645,0.000000000000000E+000,9.010463576516566E-002,9.010463576516566E-002,9.010463576516566E-002,9.560938723744861E-002,2.083084947716625E-002,0.149073445899162,0.404105744423842,1.19193971095358 
 05/13  07:00:00,0.978683164739805,4.56209190780672,0.000000000000000E+000,3.18811784740427,0.000000000000000E+000,8.777935660254854E-002,8.777935660254854E-002,8.777935660254854E-002,0.159348978729081,3.471808246194374E-002,0.235332091362966,0.429392629893665,1.34439847774474 
 05/13  08:00:00,0.924357253814445,4.60626606440988,0.000000000000000E+000,3.26638705663786,0.000000000000000E+000,8.993436502982724E-002,8.993436502982724E-002,8.993436502982724E-002,0.120397024727063,2.623144412963851E-002,0.307655740125598,0.363026666112717,1.31487456097183 
 05/13  09:00:00,0.875535576727518,4.50329795255356,0.000000000000000E+000,3.28198247865024,0.000000000000000E+000,9.036375822534792E-002,9.036375822534792E-002,9.036375822534792E-002,6.373958313234182E-002,1.388723116350104E-002,0.381467941615351,0.308965048901375,1.20003466769949 
 05/13  10:00:00,0.895189436309373,4.51731318146324,0.000000000000000E+000,3.43581315268099,0.000000000000000E+000,9.459922198122815E-002,9.459922198122815E-002,9.459922198122815E-002,5.311632902945728E-002,1.157269293979695E-002,0.402557783368541,0.316231395300750,1.05971873325093 
 05/13  11:00:00,0.893181184761532,3.70333239323232,0.000000000000000E+000,2.74966296796039,0.000000000000000E+000,7.570725354394688E-002,7.570725354394688E-002,7.570725354394688E-002,5.311632902945728E-002,1.157269293979695E-002,0.419344615639324,0.316328279919408,0.931881456549602 
 05/13  12:00:00,0.858191178691346,3.04926628189713,0.000000000000000E+000,2.19306890040917,0.000000000000000E+000,6.038239057559048E-002,6.038239057559048E-002,6.038239057559048E-002,5.311632902945728E-002,1.157269293979695E-002,0.405008126563703,0.310999625893199,0.834776438272425 
 05/13  13:00:00,0.815765403593881,2.39043388137206,0.000000000000000E+000,1.59367700770148,0.000000000000000E+000,4.387916289926640E-002,4.387916289926640E-002,4.387916289926640E-002,5.311632902945728E-002,1.157269293979695E-002,0.368331386471487,0.321753818564274,0.774595206250400 
 05/13  14:00:00,0.792835148704167,1.91721140458457,0.000000000000000E+000,1.17578850313741,0.000000000000000E+000,3.237331969710837E-002,3.237331969710837E-002,3.237331969710837E-002,5.311632902945728E-002,1.157269293979695E-002,0.338789551094827,0.339871242253379,0.718013347303835 
 05/13  15:00:00,0.807710127950885,1.54393194106294,0.000000000000000E+000,0.794353528553870,0.000000000000000E+000,2.187116191711501E-002,2.187116191711501E-002,2.187116191711501E-002,5.311632902945728E-002,1.157269293979695E-002,0.345274187483165,0.358763742891751,0.724867586114330 
 05/13  16:00:00,0.915883335827241,1.36611784296778,0.000000000000000E+000,0.538560496069658,0.000000000000000E+000,1.482833950916662E-002,1.482833950916662E-002,1.482833950916662E-002,5.665741651684890E-002,1.234420750230810E-002,0.390586728885886,0.424354629723432,0.798328770174130 
 05/13  17:00:00,1.10742255746796,1.49646678854507,0.000000000000000E+000,0.516385035974690,0.000000000000000E+000,1.421777625125990E-002,1.421777625125990E-002,1.421777625125990E-002,7.082176646641590E-002,1.543025664597044E-002,0.474317688533803,0.515523055880909,0.944573703084455 
 05/13  18:00:00,1.19979009434617,1.49927034091970,0.000000000000000E+000,0.372169746499851,0.000000000000000E+000,1.024705561662007E-002,1.024705561662007E-002,1.024705561662007E-002,0.123938103855164,2.700295504959676E-002,0.431787500146093,0.559702441989101,1.08854956982293 
 05/13  19:00:00,1.26254511091075,1.49562521752216,0.000000000000000E+000,0.336777932003924,0.000000000000000E+000,9.272602709247539E-003,9.272602709247539E-003,9.272602709247539E-003,0.247876207710328,5.400589188642894E-002,0.356555413855597,0.577722981059548,1.11905504738921 
 05/13  20:00:00,1.48226402625882,1.67402226629203,0.000000000000000E+000,0.591403108480367,0.000000000000000E+000,1.628327020515277E-002,1.628327020515277E-002,1.628327020515277E-002,0.435553819464216,9.489607992080321E-002,0.320834515094546,0.597584327884505,1.04145891552090 
 05/13  21:00:00,1.62467398660475,1.85920464041925,0.000000000000000E+000,0.881942959185000,0.000000000000000E+000,2.428278665433859E-002,2.428278665433859E-002,2.428278665433859E-002,0.570115244296592,0.124213567730275,0.305317431436236,0.583632942797706,0.937062378452211 
 05/13  22:00:00,1.34996547355254,2.19777446608489,0.000000000000000E+000,1.38630211197175,0.000000000000000E+000,3.816945083906235E-002,3.816945083906235E-002,3.816945083906235E-002,0.446177140441427,9.721061268067793E-002,0.246236738835966,0.505059517065810,0.776685009258763 
 05/13  23:00:00,1.05099834736073,2.52320103716605,0.000000000000000E+000,1.89500571179932,0.000000000000000E+000,5.217573192136964E-002,5.217573192136964E-002,5.217573192136964E-002,0.311615799201959,6.789314308397101E-002,0.163314336941647,0.438887322522180,0.597965769987808 
 05/13  24:00:00,0.746039200799039,2.86705178040178,0.000000000000000E+000,2.43270272869530,0.000000000000000E+000,6.698029701254640E-002,6.698029701254640E-002,6.698029701254640E-002,0.159348978729081,3.471808246194374E-002,0.104853162793151,0.363026666112717,0.409344604906314 
 05/14  01:00:00,0.637654095836585,3.32961813580357,0.000000000000000E+000,2.97944015155121,0.000000000000000E+000,8.203377417553849E-002,8.203377417553849E-002,8.203377417553849E-002,9.560938723744861E-002,2.083084947716625E-002,8.781613688563442E-002,0.334251934371197,0.327155475188949 
 05/14  02:00:00,0.592630469077374,3.71591913220746,0.000000000000000E+000,3.38934234901090,0.000000000000000E+000,9.331972810985692E-002,9.331972810985692E-002,9.331972810985692E-002,6.373958313234182E-002,1.388723116350104E-002,7.419536335721098E-002,0.330376549624864,0.303821201774439 
 05/14  03:00:00,0.586943903917575,4.00055595814259,0.000000000000000E+000,3.66833916510598,0.000000000000000E+000,0.101001426899920,0.101001426899920,0.101001426899920,6.373958313234182E-002,1.388723116350104E-002,6.547756110294642E-002,0.325726087929265,0.309781524784066 
 05/14  04:00:00,0.592991391621164,4.32660638562978,0.000000000000000E+000,3.93005952362938,0.000000000000000E+000,0.108207448063685,0.108207448063685,0.108207448063685,6.373958313234182E-002,1.388723116350104E-002,7.662337421237893E-002,0.313421741359659,0.374959089009051 
 05/14  05:00:00,0.651419223869048,4.75856822970882,0.000000000000000E+000,4.07685804484919,0.000000000000000E+000,0.112249293553610,0.112249293553610,0.112249293553610,6.728067897902401E-002,1.465874390473574E-002,9.036502038555042E-002,0.349753473356527,0.657619965230932 
 05/14  06:00:00,0.795081996055938,5.15165718169053,0.000000000000000E+000,3.93525713322008,0.000000000000000E+000,0.108350555328717,0.108350555328717,0.108350555328717,9.560938723744861E-002,2.083084947716625E-002,0.149073445899162,0.404105744423842,1.18856616867233 
 05/14  07:00:00,0.988445731958872,4.91257244017731,0.000000000000000E+000,3.54269113196955,0.000000000000000E+000,9.754192382161607E-002,9.754192382161607E-002,9.754192382161607E-002,0.159348978729081,3.471808246194374E-002,0.235332091362966,0.429392629893665,1.34030572555005 
 05/14  08:00:00,0.923056237782302,4.55446734749807,0.000000000000000E+000,3.21913457504804,0.000000000000000E+000,8.863334899768635E-002,8.863334899768635E-002,8.863334899768635E-002,0.120397024727063,2.623144412963851E-002,0.307655740125598,0.363026666112717,1.31032832564987 
 05/14  09:00:00,0.859862462438297,3.93011167641916,0.000000000000000E+000,2.71274003573608,0.000000000000000E+000,7.469064393612818E-002,7.469064393612818E-002,7.469064393612818E-002,6.373958313234182E-002,1.388723116350104E-002,0.381467941615351,0.308965048901375,1.19609083447926 
 05/14  10:00:00,0.852521462321058,2.96434455383211,0.000000000000000E+000,1.88612613457421,0.000000000000000E+000,5.193124799291099E-002,5.193124799291099E-002,5.193124799291099E-002,5.311632902945728E-002,1.157269293979695E-002,0.402557783368541,0.316231395300750,1.05643712372660 
 05/14  11:00:00,0.847508050317914,2.04256418008784,0.000000000000000E+000,1.09082949386811,0.000000000000000E+000,3.003411910032967E-002,3.003411910032967E-002,3.003411910032967E-002,5.311632902945728E-002,1.157269293979695E-002,0.419344615639324,0.316328279919408,0.929946717497390 
 05/14  12:00:00,0.808729756898382,1.25142086580511,0.000000000000000E+000,0.396646054772076,0.000000000000000E+000,1.092096878262517E-002,1.092096878262517E-002,1.092096878262517E-002,5.311632902945728E-002,1.157269293979695E-002,0.405008126563703,0.310999625893199,0.833353867817503 
 05/14  13:00:00,0.771886240694615,0.796112750296638,0.000000000000000E+000,0.000000000000000E+000,0.000000000000000E+000,0.000000000000000E+000,0.000000000000000E+000,0.000000000000000E+000,5.311632902945728E-002,1.157269293979695E-002,0.368331386471487,0.321753818564274,0.773951082876460 
 05/14  14:00:00,0.760461829007060,0.740767945181238,0.000000000000000E+000,0.000000000000000E+000,0.000000000000000E+000,0.000000000000000E+000,0.000000000000000E+000,0.000000000000000E+000,5.311632902945728E-002,1.157269293979695E-002,0.338789551094827,0.339871242253379,0.717358391037912 
 05/14  15:00:00,0.785838966033770,0.748427815834796,0.000000000000000E+000,0.000000000000000E+000,0.000000000000000E+000,0.000000000000000E+000,0.000000000000000E+000,0.000000000000000E+000,5.311632902945728E-002,1.157269293979695E-002,0.345274187483165,0.358763742891751,0.723716989440059 
 05/14  16:00:00,0.901054996318076,0.825896071855151,0.000000000000000E+000,0.000000000000000E+000,0.000000000000000E+000,0.000000000000000E+000,0.000000000000000E+000,0.000000000000000E+000,5.665741651684890E-002,1.234420750230810E-002,0.390586728885886,0.424354629723432,0.796667495131161 
 05/14  17:00:00,1.09320478121670,0.977306809172958,0.000000000000000E+000,0.000000000000000E+000,0.000000000000000E+000,0.000000000000000E+000,0.000000000000000E+000,0.000000000000000E+000,7.082176646641590E-002,1.543025664597044E-002,0.474317688533803,0.515523055880909,0.941798759687030 
 05/14  18:00:00,1.18954303872956,1.12349278194146,0.000000000000000E+000,0.000000000000000E+000,0.000000000000000E+000,0.000000000000000E+000,0.000000000000000E+000,0.000000000000000E+000,0.123938103855164,2.700295504959676E-002,0.431787500146093,0.559702441989101,1.08494175734454 
 05/14  19:00:00,1.25327250820150,1.15480115041625,0.000000000000000E+000,0.000000000000000E+000,0.000000000000000E+000,0.000000000000000E+000,0.000000000000000E+000,0.000000000000000E+000,0.247876207710328,5.400589188642894E-002,0.356555413855597,0.577722981059548,1.11500891228722 
 05/14  20:00:00,1.46598075605367,1.07865515348172,0.000000000000000E+000,0.000000000000000E+000,0.000000000000000E+000,0.000000000000000E+000,0.000000000000000E+000,0.000000000000000E+000,0.435553819464216,9.489607992080321E-002,0.320834515094546,0.597584327884505,1.03749491119095 
 05/14  21:00:00,1.60039119995041,0.974139698417055,0.000000000000000E+000,0.000000000000000E+000,0.000000000000000E+000,0.000000000000000E+000,0.000000000000000E+000,0.000000000000000E+000,0.570115244296592,0.124213567730275,0.305317431436236,0.583632942797706,0.933940395635019 
 05/14  22:00:00,1.31179602271348,0.809183016965835,0.000000000000000E+000,0.000000000000000E+000,0.000000000000000E+000,0.000000000000000E+000,0.000000000000000E+000,0.000000000000000E+000,0.446177140441427,9.721061268067793E-002,0.246236738835966,0.505059517065810,0.774395672111459 
 05/14  23:00:00,0.998822615439359,0.627342425778664,0.000000000000000E+000,0.000000000000000E+000,0.000000000000000E+000,0.000000000000000E+000,0.000000000000000E+000,0.000000000000000E+000,0.311615799201959,6.789314308397101E-002,0.163314336941647,0.438887322522180,0.597112870399742 
 05/14  24:00:00,0.694054246769134,0.979684738780775,0.000000000000000E+000,0.544626008223936,0.000000000000000E+000,1.499534298264265E-002,1.499534298264265E-002,1.499534298264265E-002,0.159348978729081,3.471808246194374E-002,0.104853162793151,0.363026666112717,0.410054283756656 
 05/15  01:00:00,0.586828818455771,1.62059598913216,0.000000000000000E+000,1.27683726476824,0.000000000000000E+000,3.515552402768561E-002,3.515552402768561E-002,3.515552402768561E-002,9.560938723744861E-002,2.083084947716625E-002,8.386910965267348E-002,0.334251934371197,0.320736215300506 
 05/15  02:00:00,0.546013426803917,2.11377315781665,0.000000000000000E+000,1.79106585893802,0.000000000000000E+000,4.931392635262091E-002,4.931392635262091E-002,4.931392635262091E-002,6.373958313234182E-002,1.388723116350104E-002,7.158412284098968E-002,0.330376549624864,0.299951717456532 
 05/15  03:00:00,0.544416990025885,2.50009677746579,0.000000000000000E+000,2.17336648177627,0.000000000000000E+000,5.983991827252994E-002,5.983991827252994E-002,5.983991827252994E-002,6.373958313234182E-002,1.388723116350104E-002,6.411215583864807E-002,0.325726087929265,0.304295027436991 
 05/15  04:00:00,0.552838994938095,2.95361687842233,0.000000000000000E+000,2.56875304562973,0.000000000000000E+000,7.072620913301593E-002,7.072620913301593E-002,7.072620913301593E-002,6.373958313234182E-002,1.388723116350104E-002,7.395221645997889E-002,0.313421741359659,0.363276059801240 
 05/15  05:00:00,0.614853450651803,3.54375537823673,0.000000000000000E+000,2.89759165509644,0.000000000000000E+000,7.978021621389191E-002,7.978021621389191E-002,7.978021621389191E-002,6.728067897902401E-002,1.465874390473574E-002,8.626832450802412E-002,0.349753473356527,0.622073503511610 
 05/15  06:00:00,0.762500035211649,4.27112559538847,0.000000000000000E+000,3.13780632768150,0.000000000000000E+000,8.639411520234243E-002,8.639411520234243E-002,8.639411520234243E-002,9.560938723744861E-002,2.083084947716625E-002,0.138447925181248,0.404105744423842,1.10548538790884 
 05/15  07:00:00,0.942430271830323,3.90848636010723,0.000000000000000E+000,2.63999893671883,0.000000000000000E+000,7.268784254172724E-002,7.268784254172724E-002,7.268784254172724E-002,0.159348978729081,3.471808246194374E-002,0.214170712514307,0.429392629893665,1.23891184073067 
 05/15  08:00:00,0.869984204076990,3.69927620593962,0.000000000000000E+000,2.46968869422835,0.000000000000000E+000,6.799864213440518E-002,6.799864213440518E-002,6.799864213440518E-002,0.120397024727063,2.623144412963851E-002,0.275218413283566,0.363026666112717,1.20458306491109 
 05/15  09:00:00,0.802144206004299,3.37184492470031,0.000000000000000E+000,2.25194641648695,0.000000000000000E+000,6.200348199285785E-002,6.200348199285785E-002,6.200348199285785E-002,6.373958313234182E-002,1.388723116350104E-002,0.336436847124624,0.308965048901375,1.09861770200951 
 05/15  10:00:00,0.799085350591991,2.78882269139709,0.000000000000000E+000,1.79460629860180,0.000000000000000E+000,4.941140628612785E-002,4.941140628612785E-002,4.941140628612785E-002,5.311632902945728E-002,1.157269293979695E-002,0.351641513346258,0.316231395300750,0.972435097263980 
 05/15  11:00:00,0.796956660204221,2.04290059995846,0.000000000000000E+000,1.16119564929977,0.000000000000000E+000,3.197153049665394E-002,3.197153049665394E-002,3.197153049665394E-002,5.311632902945728E-002,1.157269293979695E-002,0.366855814129303,0.316328279919408,0.859916981936357 
 05/15  12:00:00,0.767632999003102,1.43448716454694,0.000000000000000E+000,0.640488607450804,0.000000000000000E+000,1.763475522683984E-002,1.763475522683984E-002,1.763475522683984E-002,5.311632902945728E-002,1.157269293979695E-002,0.357197582224207,0.310999625893199,0.772577613880602 
 05/15  13:00:00,0.728298173309470,0.742691436427854,0.000000000000000E+000,0.000000000000000E+000,0.000000000000000E+000,0.000000000000000E+000,0.000000000000000E+000,0.000000000000000E+000,5.311632902945728E-002,1.157269293979695E-002,0.324743319086342,0.321753818564274,0.720529769007676 
 05/15  14:00:00,0.721336225531394,0.692398960474036,0.000000000000000E+000,0.000000000000000E+000,0.000000000000000E+000,0.000000000000000E+000,0.000000000000000E+000,0.000000000000000E+000,5.311632902945728E-002,1.157269293979695E-002,0.299663947619161,0.339871242253379,0.668989406330711 
 05/15  15:00:00,0.748779963531328,0.700950880044014,0.000000000000000E+000,0.000000000000000E+000,0.000000000000000E+000,0.000000000000000E+000,0.000000000000000E+000,0.000000000000000E+000,5.311632902945728E-002,1.157269293979695E-002,0.308215184980723,0.358763742891751,0.676240053649280 
 05/15  16:00:00,0.865137048336018,0.768733956838690,0.000000000000000E+000,0.000000000000000E+000,0.000000000000000E+000,0.000000000000000E+000,0.000000000000000E+000,0.000000000000000E+000,5.665741651684890E-002,1.234420750230810E-002,0.354668780903828,0.424354629723432,0.739505380114697 
 05/15  17:00:00,1.05785282271998,0.908231942222278,0.000000000000000E+000,0.000000000000000E+000,0.000000000000000E+000,0.000000000000000E+000,0.000000000000000E+000,0.000000000000000E+000,7.082176646641590E-002,1.543025664597044E-002,0.438965730037081,0.515523055880909,0.872723892736353 
 05/15  18:00:00,1.15523269574176,1.03369487700406,0.000000000000000E+000,0.000000000000000E+000,0.000000000000000E+000,0.000000000000000E+000,0.000000000000000E+000,0.000000000000000E+000,0.123938103855164,2.700295504959676E-002,0.397477157158294,0.559702441989101,0.995143852407142 
 05/15  19:00:00,1.21902772661215,1.05499505162557,0.000000000000000E+000,0.000000000000000E+000,0.000000000000000E+000,0.000000000000000E+000,0.000000000000000E+000,0.000000000000000E+000,0.247876207710328,5.400589188642894E-002,0.322310632266247,0.577722981059548,1.01520281349654 
 05/15  20:00:00,1.43112535784179,0.983865039551899,0.000000000000000E+000,0.000000000000000E+000,0.000000000000000E+000,0.000000000000000E+000,0.000000000000000E+000,0.000000000000000E+000,0.435553819464216,9.489607992080321E-002,0.285979116882669,0.597584327884505,0.942704797261126 
 05/15  21:00:00,1.56478431399662,0.894287289243473,0.000000000000000E+000,0.000000000000000E+000,0.000000000000000E+000,0.000000000000000E+000,0.000000000000000E+000,0.000000000000000E+000,0.570115244296592,0.124213567730275,0.269710545482451,0.583632942797706,0.854087986461434 
 05/15  22:00:00,1.29377287296850,1.11965843012797,0.000000000000000E+000,0.373006159496728,0.000000000000000E+000,1.027008481385617E-002,1.027008481385617E-002,1.027008481385617E-002,0.446177140441427,9.721061268067793E-002,0.217943504277125,0.505059517065810,0.711864925776866 
 05/15  23:00:00,1.00664634756633,1.43628342128063,0.000000000000000E+000,0.848376431575677,0.000000000000000E+000,2.335858989061893E-002,2.335858989061893E-002,2.335858989061893E-002,0.311615799201959,6.789314308397101E-002,0.147779479178003,0.438887322522180,0.557677434326032 
 05/15  24:00:00,0.714398930018767,1.94168144973786,0.000000000000000E+000,1.52229255985953,0.000000000000000E+000,4.191371456802094E-002,4.191371456802094E-002,4.191371456802094E-002,0.159348978729081,3.471808246194374E-002,9.827947445740333E-002,0.363026666112717,0.394384443078147 
 05/16  01:00:00,0.607723696076293,2.37833652812374,0.000000000000000E+000,2.03573246336192,0.000000000000000E+000,5.605040164820822E-002,5.605040164820822E-002,5.605040164820822E-002,9.560938723744861E-002,2.083084947716625E-002,8.386910965267348E-002,0.334251934371197,0.319581555698401 
 05/16  02:00:00,0.559731866395477,2.61075625145396,0.000000000000000E+000,2.28931514889828,0.000000000000000E+000,6.303236594418046E-002,6.303236594418046E-002,6.303236594418046E-002,6.373958313234182E-002,1.388723116350104E-002,7.158412284098968E-002,0.330376549624864,0.298685521133573 
 05/16  03:00:00,0.553232016363631,2.81985903302750,0.000000000000000E+000,2.49352538792944,0.000000000000000E+000,6.865494461027424E-002,6.865494461027424E-002,6.865494461027424E-002,6.373958313234182E-002,1.388723116350104E-002,6.411215583864807E-002,0.325726087929265,0.303898376845529 
 05/16  04:00:00,0.555113479025836,3.03536478326986,0.000000000000000E+000,2.65136157221753,0.000000000000000E+000,7.300069322075591E-002,7.300069322075591E-002,7.300069322075591E-002,6.373958313234182E-002,1.388723116350104E-002,7.395221645997889E-002,0.313421741359659,0.362415438060977 
 05/16  05:00:00,0.608706948651142,3.31883988319192,0.000000000000000E+000,2.67435268997004,0.000000000000000E+000,7.363371421323035E-002,7.363371421323035E-002,7.363371421323035E-002,6.728067897902401E-002,1.465874390473574E-002,8.626832450802412E-002,0.349753473356527,0.620396973593218 
 05/16  06:00:00,0.745273843100006,3.64252426223191,0.000000000000000E+000,2.51215660046131,0.000000000000000E+000,6.916792309069780E-002,6.916792309069780E-002,6.916792309069780E-002,9.560938723744861E-002,2.083084947716625E-002,0.138447925181248,0.404105744423842,1.10253378197248 
 05/16  07:00:00,0.933152218553067,3.56863169286774,0.000000000000000E+000,2.30302304184733,0.000000000000000E+000,6.340978926447083E-002,6.340978926447083E-002,6.340978926447083E-002,0.159348978729081,3.471808246194374E-002,0.214170712514307,0.429392629893665,1.23603306836269 
 05/16  08:00:00,0.861507971562545,3.38858950161165,0.000000000000000E+000,2.16183467018482,0.000000000000000E+000,5.952240961996127E-002,5.952240961996127E-002,5.952240961996127E-002,0.120397024727063,2.623144412963851E-002,0.275218413283566,0.363026666112717,1.20175038462666 
 05/16  09:00:00,0.795394821530681,3.12416106840222,0.000000000000000E+000,2.00681095489133,0.000000000000000E+000,5.525409751924071E-002,5.525409751924071E-002,5.525409751924071E-002,6.373958313234182E-002,1.388723116350104E-002,0.336436847124624,0.308965048901375,1.09606930730704 
 05/16  10:00:00,0.807613226735012,3.09672202715106,0.000000000000000E+000,2.10433600253570,0.000000000000000E+000,5.793928242914775E-002,5.793928242914775E-002,5.793928242914775E-002,5.311632902945728E-002,1.157269293979695E-002,0.351641513346258,0.316231395300750,0.970604729084062 
 05/16  11:00:00,0.809091409675757,2.48185509157143,0.000000000000000E+000,1.60192582620408,0.000000000000000E+000,4.410627996819130E-002,4.410627996819130E-002,4.410627996819130E-002,5.311632902945728E-002,1.157269293979695E-002,0.366855814129303,0.316328279919408,0.858141296645016 
 05/16  12:00:00,0.780192239801995,1.88857851838238,0.000000000000000E+000,1.09663617210083,0.000000000000000E+000,3.019399602573305E-002,3.019399602573305E-002,3.019399602573305E-002,5.311632902945728E-002,1.157269293979695E-002,0.357197582224207,0.310999625893199,0.770521403066013 
 05/16  13:00:00,0.746164483869182,1.38975753363023,0.000000000000000E+000,0.648898622264827,0.000000000000000E+000,1.786631055971246E-002,1.786631055971246E-002,1.786631055971246E-002,5.311632902945728E-002,1.157269293979695E-002,0.324743319086342,0.321753818564274,0.718697243945227 
 05/16  14:00:00,0.725252817859762,0.832970007610659,0.000000000000000E+000,0.142249366893993,0.000000000000000E+000,3.916592328367356E-003,3.916592328367356E-003,3.916592328367356E-003,5.311632902945728E-002,1.157269293979695E-002,0.299663947619161,0.339871242253379,0.667311086573342 
 05/16  15:00:00,0.748779963531328,0.698963211140755,0.000000000000000E+000,0.000000000000000E+000,0.000000000000000E+000,0.000000000000000E+000,0.000000000000000E+000,0.000000000000000E+000,5.311632902945728E-002,1.157269293979695E-002,0.308215184980723,0.358763742891751,0.674252384746018 
 05/16  16:00:00,0.865137048336018,0.765988163896458,0.000000000000000E+000,0.000000000000000E+000,0.000000000000000E+000,0.000000000000000E+000,0.000000000000000E+000,0.000000000000000E+000,5.665741651684890E-002,1.234420750230810E-002,0.354668780903828,0.424354629723432,0.736759587172468 
 05/16  17:00:00,1.05785282271998,0.905471335954828,0.000000000000000E+000,0.000000000000000E+000,0.000000000000000E+000,0.000000000000000E+000,0.000000000000000E+000,0.000000000000000E+000,7.082176646641590E-002,1.543025664597044E-002,0.438965730037081,0.515523055880909,0.869963286468900 
 05/16  18:00:00,1.15523269574176,1.03096593591714,0.000000000000000E+000,0.000000000000000E+000,0.000000000000000E+000,0.000000000000000E+000,0.000000000000000E+000,0.000000000000000E+000,0.123938103855164,2.700295504959676E-002,0.397477157158294,0.559702441989101,0.992414911320224 
 05/16  19:00:00,1.21902772661215,1.05193030070011,0.000000000000000E+000,0.000000000000000E+000,0.000000000000000E+000,0.000000000000000E+000,0.000000000000000E+000,0.000000000000000E+000,0.247876207710328,5.400589188642894E-002,0.322310632266247,0.577722981059548,1.01213806257108 
 05/16  20:00:00,1.43112535784179,0.980782300181923,0.000000000000000E+000,0.000000000000000E+000,0.000000000000000E+000,0.000000000000000E+000,0.000000000000000E+000,0.000000000000000E+000,0.435553819464216,9.489607992080321E-002,0.285979116882669,0.597584327884505,0.939622057891153 
 05/16  21:00:00,1.56478431399662,0.891562783580381,0.000000000000000E+000,0.000000000000000E+000,0.000000000000000E+000,0.000000000000000E+000,0.000000000000000E+000,0.000000000000000E+000,0.570115244296592,0.124213567730275,0.269710545482451,0.583632942797706,0.851363480798345 
 05/16  22:00:00,1.28350278815464,0.744423757774299,0.000000000000000E+000,0.000000000000000E+000,0.000000000000000E+000,0.000000000000000E+000,0.000000000000000E+000,0.000000000000000E+000,0.446177140441427,9.721061268067793E-002,0.217943504277125,0.505059517065810,0.709636412919921 
 05/16  23:00:00,0.983287757675713,0.586391691290869,0.000000000000000E+000,0.000000000000000E+000,0.000000000000000E+000,0.000000000000000E+000,0.000000000000000E+000,0.000000000000000E+000,0.311615799201959,6.789314308397101E-002,0.147779479178003,0.438887322522180,0.556162135911944 
 05/16  24:00:00,0.678082177130813,0.622202823423438,0.000000000000000E+000,0.203279838382289,0.000000000000000E+000,5.596961680069512E-003,5.596961680069512E-003,5.596961680069512E-003,0.159348978729081,3.471808246194374E-002,9.827947445740333E-002,0.363026666112717,0.393918538240967 
 05/17  01:00:00,0.569002254758637,0.972232153105931,0.000000000000000E+000,0.629382235699750,0.000000000000000E+000,1.732896033055334E-002,1.732896033055334E-002,1.732896033055334E-002,9.560938723744861E-002,2.083084947716625E-002,8.386910965267348E-002,0.334251934371197,0.319827408342764 
 05/17  02:00:00,0.524969690643716,1.34855315237586,0.000000000000000E+000,1.02676416631825,0.000000000000000E+000,2.827019019242045E-002,2.827019019242045E-002,2.827019019242045E-002,6.373958313234182E-002,1.388723116350104E-002,7.158412284098968E-002,0.330376549624864,0.299033404635502 
 05/17  03:00:00,0.521738878232321,1.67645313902137,0.000000000000000E+000,1.34970479464575,0.000000000000000E+000,3.716180647896723E-002,3.716180647896723E-002,3.716180647896723E-002,6.373958313234182E-002,1.388723116350104E-002,6.411215583864807E-002,0.325726087929265,0.304313076123094 
 05/17  04:00:00,0.524931862315982,1.93986128505703,0.000000000000000E+000,1.55517501286641,0.000000000000000E+000,4.281907651090158E-002,4.281907651090158E-002,4.281907651090158E-002,6.373958313234182E-002,1.388723116350104E-002,7.395221645997889E-002,0.313421741359659,0.363098499199270 
 05/17  05:00:00,0.580345239409809,2.28850300451060,0.000000000000000E+000,1.64426458138899,0.000000000000000E+000,4.527200497189861E-002,4.527200497189861E-002,4.527200497189861E-002,6.728067897902401E-002,1.465874390473574E-002,8.626832450802412E-002,0.349753473356527,0.620148203492933 
 05/17  06:00:00,0.717801272130083,2.64270228495085,0.000000000000000E+000,1.51436170638544,0.000000000000000E+000,4.169535212077612E-002,4.169535212077612E-002,4.169535212077612E-002,9.560938723744861E-002,2.083084947716625E-002,0.138447925181248,0.404105744423842,1.10050669876729 
 05/17  07:00:00,0.913880576249173,2.86607105063051,0.000000000000000E+000,1.60308322506302,0.000000000000000E+000,4.413814696057765E-002,4.413814696057765E-002,4.413814696057765E-002,0.159348978729081,3.471808246194374E-002,0.214170712514307,0.429392629893665,1.23341224290980 
 05/17  08:00:00,0.843829992582454,2.74411593123939,0.000000000000000E+000,1.51977618999283,0.000000000000000E+000,4.184443063987106E-002,4.184443063987106E-002,4.184443063987106E-002,0.120397024727063,2.623144412963851E-002,0.275218413283566,0.363026666112717,1.19933529444638 
 05/17  09:00:00,0.781446775951934,2.61544918672436,0.000000000000000E+000,1.50022244972203,0.000000000000000E+000,4.130605194049483E-002,4.130605194049483E-002,4.130605194049483E-002,6.373958313234182E-002,1.388723116350104E-002,0.336436847124624,0.308965048901375,1.09394593079849 
 05/17  10:00:00,0.792488034447781,2.54567741873986,0.000000000000000E+000,1.55499390955740,0.000000000000000E+000,4.281409014191999E-002,4.281409014191999E-002,4.281409014191999E-002,5.311632902945728E-002,1.157269293979695E-002,0.351641513346258,0.316231395300750,0.968902213651148 
 05/17  11:00:00,0.806380627316661,2.38213544241636,0.000000000000000E+000,1.50347108748236,0.000000000000000E+000,4.139549760909492E-002,4.139549760909492E-002,4.139549760909492E-002,5.311632902945728E-002,1.157269293979695E-002,0.366855814129303,0.316328279919408,0.856876386211661 
 05/17  12:00:00,0.794363870223593,2.40230769711840,0.000000000000000E+000,1.61134520646403,0.000000000000000E+000,4.436562644733304E-002,4.436562644733304E-002,4.436562644733304E-002,5.311632902945728E-002,1.157269293979695E-002,0.357197582224207,0.310999625893199,0.769541547438843 
 05/17  13:00:00,0.764924246984094,2.06971360628753,0.000000000000000E+000,1.33024715242702,0.000000000000000E+000,3.662607367462522E-002,3.662607367462522E-002,3.662607367462522E-002,5.311632902945728E-002,1.157269293979695E-002,0.324743319086342,0.321753818564274,0.717304786440331 
 05/17  14:00:00,0.753858324505749,1.87056467318565,0.000000000000000E+000,1.18119211837766,0.000000000000000E+000,3.252209897435614E-002,3.252209897435614E-002,3.252209897435614E-002,5.311632902945728E-002,1.157269293979695E-002,0.299663947619161,0.339871242253379,0.665963000664658 
 05/17  15:00:00,0.782101095674268,1.90761548815582,0.000000000000000E+000,1.21021274468459,0.000000000000000E+000,3.332113214293828E-002,3.332113214293828E-002,3.332113214293828E-002,5.311632902945728E-002,1.157269293979695E-002,0.308215184980723,0.358763742891751,0.672691917076495 
 05/17  16:00:00,0.899815329445982,2.02372383376967,0.000000000000000E+000,1.25950395631824,0.000000000000000E+000,3.467828110996436E-002,3.467828110996436E-002,3.467828110996436E-002,5.665741651684890E-002,1.234420750230810E-002,0.354668780903828,0.424354629723432,0.734991300727437 
 05/17  17:00:00,1.09734768285304,2.33748882617667,0.000000000000000E+000,1.43444054894465,0.000000000000000E+000,3.949486013306755E-002,3.949486013306755E-002,3.949486013306755E-002,7.082176646641590E-002,1.543025664597044E-002,0.438965730037081,0.515523055880909,0.867540227746096 
 05/17  18:00:00,1.19301752052485,2.40044835443822,0.000000000000000E+000,1.37233261799198,0.000000000000000E+000,3.778482478309454E-002,3.778482478309454E-002,3.778482478309454E-002,0.123938103855164,2.700295504959676E-002,0.397477157158294,0.559702441989101,0.989564711849325 
 05/17  19:00:00,1.25206296857486,2.24860915020789,0.000000000000000E+000,1.19982930578428,0.000000000000000E+000,3.303524196270771E-002,3.303524196270771E-002,3.303524196270771E-002,0.247876207710328,5.400589188642894E-002,0.322310632266247,0.577722981059548,1.00898760629457 
 05/17  20:00:00,1.46487523153303,2.20375744040895,0.000000000000000E+000,1.22578449908071,0.000000000000000E+000,3.374987369124013E-002,3.374987369124013E-002,3.374987369124013E-002,0.435553819464216,9.489607992080321E-002,0.285979116882669,0.597584327884505,0.936812699037465 
 05/17  21:00:00,1.59908820820260,2.13496557207543,0.000000000000000E+000,1.24590634502738,0.000000000000000E+000,3.430389420597479E-002,3.430389420597479E-002,3.430389420597479E-002,0.570115244296592,0.124213567730275,0.269710545482451,0.583632942797706,0.848859924266013 
 05/17  22:00:00,1.32338114151683,2.19056211068898,0.000000000000000E+000,1.44836889901968,0.000000000000000E+000,3.987835336218911E-002,3.987835336218911E-002,3.987835336218911E-002,0.446177140441427,9.721061268067793E-002,0.217943504277125,0.505059517065810,0.707405866814930 
 05/17  23:00:00,1.03174913194819,2.34458217891074,0.000000000000000E+000,1.76010144306913,0.000000000000000E+000,4.846137427247812E-002,4.846137427247812E-002,4.846137427247812E-002,0.311615799201959,6.789314308397101E-002,0.147779479178003,0.438887322522180,0.554251180462687 
 05/17  24:00:00,0.730079091268147,2.50903454435530,0.000000000000000E+000,2.09179094608802,0.000000000000000E+000,5.759387581740129E-002,5.759387581740129E-002,5.759387581740129E-002,0.159348978729081,3.471808246194374E-002,9.827947445740333E-002,0.363026666112717,0.392239151467106 
 05/18  01:00:00,0.614422777795373,2.62015927725666,0.000000000000000E+000,2.27904094517866,0.000000000000000E+000,6.274948336728764E-002,6.274948336728764E-002,6.274948336728764E-002,9.560938723744861E-002,2.083084947716625E-002,8.386910965267348E-002,0.334251934371197,0.318095823014577 
 05/18  02:00:00,0.564132495579149,2.76935212672067,0.000000000000000E+000,2.44914457785843,0.000000000000000E+000,6.743299512785321E-002,6.743299512785321E-002,6.743299512785321E-002,6.373958313234182E-002,1.388723116350104E-002,7.158412284098968E-002,0.330376549624864,0.297451967440128 
 05/18  03:00:00,0.555006922345141,2.88334211592335,0.000000000000000E+000,2.55798939924297,0.000000000000000E+000,7.042985059178566E-002,7.042985059178566E-002,7.042985059178566E-002,6.373958313234182E-002,1.388723116350104E-002,6.411215583864807E-002,0.325726087929265,0.302917448427840 
 05/18  04:00:00,0.553627020320056,2.98038300038819,0.000000000000000E+000,2.59737387268602,0.000000000000000E+000,7.151423451497600E-002,7.151423451497600E-002,7.151423451497600E-002,6.373958313234182E-002,1.388723116350104E-002,7.395221645997889E-002,0.313421741359659,0.361421354710825 
 05/18  05:00:00,0.606987572000014,3.25380116953783,0.000000000000000E+000,2.61190548597997,0.000000000000000E+000,7.191433756210097E-002,7.191433756210097E-002,7.191433756210097E-002,6.728067897902401E-002,1.465874390473574E-002,8.626832450802412E-002,0.349753473356527,0.617805463929162 
 05/18  06:00:00,0.743152875603878,3.55982546013020,0.000000000000000E+000,2.43512374683970,0.000000000000000E+000,6.704695559457212E-002,6.704695559457212E-002,6.704695559457212E-002,9.560938723744861E-002,2.083084947716625E-002,0.138447925181248,0.404105744423842,1.09686783349239 
 05/18  07:00:00,0.937390230764276,3.71587439705183,0.000000000000000E+000,2.45694627495159,0.000000000000000E+000,6.764780147568067E-002,6.764780147568067E-002,6.764780147568067E-002,0.159348978729081,3.471808246194374E-002,0.214170712514307,0.429392629893665,1.22935253944253 
 05/18  08:00:00,0.866491474823259,3.56316409477130,0.000000000000000E+000,2.34283389714445,0.000000000000000E+000,6.450591288067402E-002,6.450591288067402E-002,6.450591288067402E-002,0.120397024727063,2.623144412963851E-002,0.275218413283566,0.363026666112717,1.19532575082666 
 05/18  09:00:00,0.805154908574956,3.47290971943905,0.000000000000000E+000,2.36129416031016,0.000000000000000E+000,6.501418456351632E-002,6.501418456351632E-002,6.501418456351632E-002,6.373958313234182E-002,1.388723116350104E-002,0.336436847124624,0.308965048901375,1.09033475292505 
 05/18  10:00:00,0.813903661578625,3.32030256473954,0.000000000000000E+000,2.33280256197597,0.000000000000000E+000,6.422971727276354E-002,6.422971727276354E-002,6.422971727276354E-002,5.311632902945728E-002,1.157269293979695E-002,0.351641513346258,0.316231395300750,0.965718707232273 
 05/18  11:00:00,0.819008772982080,2.83785368025685,0.000000000000000E+000,1.96212125460352,0.000000000000000E+000,5.402364327451476E-002,5.402364327451476E-002,5.402364327451476E-002,5.311632902945728E-002,1.157269293979695E-002,0.366855814129303,0.316328279919408,0.853944456931011 
 05/18  12:00:00,0.796916581811953,2.49266278837407,0.000000000000000E+000,1.70405886590639,0.000000000000000E+000,4.691833803569040E-002,4.691833803569040E-002,4.691833803569040E-002,5.311632902945728E-002,1.157269293979695E-002,0.357197582224207,0.310999625893199,0.767182979252148 
 05/18  13:00:00,0.763394981194260,2.01235162647196,0.000000000000000E+000,1.27470471344479,0.000000000000000E+000,3.509680788479051E-002,3.509680788479051E-002,3.509680788479051E-002,5.311632902945728E-002,1.157269293979695E-002,0.324743319086342,0.321753818564274,0.715485245606994 
 05/18  14:00:00,0.748871461694065,1.68793797546430,0.000000000000000E+000,1.00007087361313,0.000000000000000E+000,2.753523616267286E-002,2.753523616267286E-002,2.753523616267286E-002,5.311632902945728E-002,1.157269293979695E-002,0.299663947619161,0.339871242253379,0.664457547707849 
 05/18  15:00:00,0.768126709504731,1.39858906781811,0.000000000000000E+000,0.702667557775280,0.000000000000000E+000,1.934674597340156E-002,1.934674597340156E-002,1.934674597340156E-002,5.311632902945728E-002,1.157269293979695E-002,0.308215184980723,0.358763742891751,0.671210683648092 
 05/18  16:00:00,0.874420635798079,1.09992242988602,0.000000000000000E+000,0.337176894674111,0.000000000000000E+000,9.283587462062140E-003,9.283587462062140E-003,9.283587462062140E-003,5.665741651684890E-002,1.234420750230810E-002,0.354668780903828,0.424354629723432,0.733516958487917 
 05/18  17:00:00,1.06104876808794,1.01738907615729,0.000000000000000E+000,0.116075702320889,0.000000000000000E+000,3.195945367958221E-003,3.195945367958221E-003,3.195945367958221E-003,7.082176646641590E-002,1.543025664597044E-002,0.438965730037081,0.515523055880909,0.865805324350475 
 05/18  18:00:00,1.15663843226234,1.07794311807071,0.000000000000000E+000,5.105589586759791E-002,0.000000000000000E+000,1.405736520584825E-003,1.405736520584825E-003,1.405736520584825E-003,0.123938103855164,2.700295504959676E-002,0.397477157158294,0.559702441989101,0.988336197606198 
 05/18  19:00:00,1.22156470982131,1.14021768313376,0.000000000000000E+000,9.214240979562052E-002,0.000000000000000E+000,2.536983209153719E-003,2.536983209153719E-003,2.536983209153719E-003,0.247876207710328,5.400589188642894E-002,0.322310632266247,0.577722981059548,1.00828303520910 
 05/18  20:00:00,1.43794658417357,1.22524522125322,0.000000000000000E+000,0.247744734653291,0.000000000000000E+000,6.821226331781004E-003,6.821226331781004E-003,6.821226331781004E-003,0.435553819464216,9.489607992080321E-002,0.285979116882669,0.597584327884505,0.936340244309160 
 05/18  21:00:00,1.57991538332730,1.43826823390024,0.000000000000000E+000,0.549555545295851,0.000000000000000E+000,1.513106933067386E-002,1.513106933067386E-002,1.513106933067386E-002,0.570115244296592,0.124213567730275,0.269710545482451,0.583632942797706,0.848513385822352 
 05/18  22:00:00,1.31266626194282,1.80144424599957,0.000000000000000E+000,1.05920793766323,0.000000000000000E+000,2.916347378817620E-002,2.916347378817620E-002,2.916347378817620E-002,0.446177140441427,9.721061268067793E-002,0.217943504277125,0.505059517065810,0.707448963481965 
 05/18  23:00:00,1.02517954385900,2.10626016366874,0.000000000000000E+000,1.52149612801676,0.000000000000000E+000,4.189178618328658E-002,4.189178618328658E-002,4.189178618328658E-002,0.311615799201959,6.789314308397101E-002,0.147779479178003,0.438887322522180,0.554534480273060 
 05/18  24:00:00,0.729189780237691,2.47715837129134,0.000000000000000E+000,2.05949145703016,0.000000000000000E+000,5.670456478694554E-002,5.670456478694554E-002,5.670456478694554E-002,0.159348978729081,3.471808246194374E-002,9.827947445740333E-002,0.363026666112717,0.392662467461000 
 05/19  01:00:00,0.620257288322797,2.83255212025058,0.000000000000000E+000,2.49094848088298,0.000000000000000E+000,6.858399389471399E-002,6.858399389471399E-002,6.858399389471399E-002,9.560938723744861E-002,2.083084947716625E-002,8.386910965267348E-002,0.334251934371197,0.318581130304184 
 05/19  02:00:00,0.576329589442161,3.21267477009859,0.000000000000000E+000,2.89213908290136,0.000000000000000E+000,7.963008899086438E-002,7.963008899086438E-002,7.963008899086438E-002,6.373958313234182E-002,1.388723116350104E-002,7.158412284098968E-002,0.330376549624864,0.297780105775133 
 05/19  03:00:00,0.573035824101481,3.53826206099416,0.000000000000000E+000,3.21279328119371,0.000000000000000E+000,8.845875234812554E-002,8.845875234812554E-002,8.845875234812554E-002,6.373958313234182E-002,1.388723116350104E-002,6.411215583864807E-002,0.325726087929265,0.303033511547954 
 05/19  04:00:00,0.576650447457608,3.81609397159998,0.000000000000000E+000,3.43357730144878,0.000000000000000E+000,9.453766165252769E-002,9.453766165252769E-002,9.453766165252769E-002,6.373958313234182E-002,1.388723116350104E-002,7.395221645997889E-002,0.313421741359659,0.360928897159845 
 05/19  05:00:00,0.631713366249314,4.15054778900444,0.000000000000000E+000,3.50993833776278,0.000000000000000E+000,9.664013181140303E-002,9.664013181140303E-002,9.664013181140303E-002,6.728067897902401E-002,1.465874390473574E-002,8.626832450802412E-002,0.349753473356527,0.616519231612985 
 05/19  06:00:00,0.768103036636590,4.46285069469748,0.000000000000000E+000,3.34130552764451,0.000000000000000E+000,9.199711662728331E-002,9.199711662728331E-002,9.199711662728331E-002,9.560938723744861E-002,2.083084947716625E-002,0.138447925181248,0.404105744423842,1.09371128725485 
 05/19  07:00:00,0.954917012678724,4.34873314672371,0.000000000000000E+000,3.09351332661065,0.000000000000000E+000,8.517458339012915E-002,8.517458339012915E-002,8.517458339012915E-002,0.159348978729081,3.471808246194374E-002,0.214170712514307,0.429392629893665,1.22564423745534 
 05/19  08:00:00,0.879206406330943,4.02109930250829,0.000000000000000E+000,2.80463609799356,0.000000000000000E+000,7.722084438835942E-002,7.722084438835942E-002,7.722084438835942E-002,0.120397024727063,2.623144412963851E-002,0.275218413283566,0.363026666112717,1.19145875771456 
 05/19  09:00:00,0.802669362467712,3.37886158794936,0.000000000000000E+000,2.27101992942320,0.000000000000000E+000,6.252863845627324E-002,6.252863845627324E-002,6.252863845627324E-002,6.373958313234182E-002,1.388723116350104E-002,0.336436847124624,0.308965048901375,1.08656085232232 
 05/19  10:00:00,0.790724230260103,2.47513395176627,0.000000000000000E+000,1.49093311180600,0.000000000000000E+000,4.105028595424166E-002,4.105028595424166E-002,4.105028595424166E-002,5.311632902945728E-002,1.157269293979695E-002,0.351641513346258,0.316231395300750,0.962419544428967 
 05/19  11:00:00,0.788083855560880,1.71248409631653,0.000000000000000E+000,0.838938253770633,0.000000000000000E+000,2.309872585331495E-002,2.309872585331495E-002,2.309872585331495E-002,5.311632902945728E-002,1.157269293979695E-002,0.366855814129303,0.316328279919408,0.851757873823565 
 05/19  12:00:00,0.759122844958829,1.11859748590183,0.000000000000000E+000,0.331402564412759,0.000000000000000E+000,9.124601182566579E-003,9.124601182566579E-003,9.124601182566579E-003,5.311632902945728E-002,1.157269293979695E-002,0.357197582224207,0.310999625893199,0.765773978273543 
 05/19  13:00:00,0.728298173309470,0.736623602310183,0.000000000000000E+000,0.000000000000000E+000,0.000000000000000E+000,0.000000000000000E+000,0.000000000000000E+000,0.000000000000000E+000,5.311632902945728E-002,1.157269293979695E-002,0.324743319086342,0.321753818564274,0.714461934890004 
 05/19  14:00:00,0.721336225531394,0.687178778436416,0.000000000000000E+000,0.000000000000000E+000,0.000000000000000E+000,0.000000000000000E+000,0.000000000000000E+000,0.000000000000000E+000,5.311632902945728E-002,1.157269293979695E-002,0.299663947619161,0.339871242253379,0.663769224293091 
 05/19  15:00:00,0.748779963531328,0.695052098776098,0.000000000000000E+000,0.000000000000000E+000,0.000000000000000E+000,0.000000000000000E+000,0.000000000000000E+000,0.000000000000000E+000,5.311632902945728E-002,1.157269293979695E-002,0.308215184980723,0.358763742891751,0.670341272381361 
 05/19  16:00:00,0.865137048336018,0.761455569092132,0.000000000000000E+000,0.000000000000000E+000,0.000000000000000E+000,0.000000000000000E+000,0.000000000000000E+000,0.000000000000000E+000,5.665741651684890E-002,1.234420750230810E-002,0.354668780903828,0.424354629723432,0.732226992368139 
 05/19  17:00:00,1.05785282271998,0.899479760207318,0.000000000000000E+000,0.000000000000000E+000,0.000000000000000E+000,0.000000000000000E+000,0.000000000000000E+000,0.000000000000000E+000,7.082176646641590E-002,1.543025664597044E-002,0.438965730037081,0.515523055880909,0.863971710721391 
 05/19  18:00:00,1.15523269574176,1.02380710957481,0.000000000000000E+000,0.000000000000000E+000,0.000000000000000E+000,0.000000000000000E+000,0.000000000000000E+000,0.000000000000000E+000,0.123938103855164,2.700295504959676E-002,0.397477157158294,0.559702441989101,0.985256084977890 
 05/19  19:00:00,1.21902772661215,1.04470464741227,0.000000000000000E+000,0.000000000000000E+000,0.000000000000000E+000,0.000000000000000E+000,0.000000000000000E+000,0.000000000000000E+000,0.247876207710328,5.400589188642894E-002,0.322310632266247,0.577722981059548,1.00491240928323 
 05/19  20:00:00,1.43112535784179,0.974778584198521,0.000000000000000E+000,0.000000000000000E+000,0.000000000000000E+000,0.000000000000000E+000,0.000000000000000E+000,0.000000000000000E+000,0.435553819464216,9.489607992080321E-002,0.285979116882669,0.597584327884505,0.933618341907751 
 05/19  21:00:00,1.56478431399662,0.886459882084213,0.000000000000000E+000,0.000000000000000E+000,0.000000000000000E+000,0.000000000000000E+000,0.000000000000000E+000,0.000000000000000E+000,0.570115244296592,0.124213567730275,0.269710545482451,0.583632942797706,0.846260579302177 
 05/19  22:00:00,1.28350278815464,0.740626845155385,0.000000000000000E+000,0.000000000000000E+000,0.000000000000000E+000,0.000000000000000E+000,0.000000000000000E+000,0.000000000000000E+000,0.446177140441427,9.721061268067793E-002,0.217943504277125,0.505059517065810,0.705839500301007 
 05/19  23:00:00,0.994402575347704,0.987944314421947,0.000000000000000E+000,0.403686583750731,0.000000000000000E+000,1.111481767199139E-002,1.111481767199139E-002,1.111481767199139E-002,0.311615799201959,6.789314308397101E-002,0.147779479178003,0.438887322522180,0.554028175292294 
 05/19  24:00:00,0.705631503758574,1.62183369812330,0.000000000000000E+000,1.20386247313106,0.000000000000000E+000,3.314628830782915E-002,3.314628830782915E-002,3.314628830782915E-002,0.159348978729081,3.471808246194374E-002,9.827947445740333E-002,0.363026666112717,0.392966778192057 
 05/20  01:00:00,0.608970267581744,2.28715996116524,0.000000000000000E+000,1.93765278456015,0.000000000000000E+000,5.334994592069704E-002,5.334994592069704E-002,5.334994592069704E-002,9.560938723744861E-002,2.083084947716625E-002,8.781613688563442E-002,0.334251934371197,0.326484667541669 
 05/20  02:00:00,0.568595749530922,2.84304162492495,0.000000000000000E+000,2.51640910696919,0.000000000000000E+000,6.928500856340500E-002,6.928500856340500E-002,6.928500856340500E-002,6.373958313234182E-002,1.388723116350104E-002,7.419536335721098E-002,0.330376549624864,0.303876936533657 
 05/20  03:00:00,0.565837753267590,3.23355192538969,0.000000000000000E+000,2.90177059839973,0.000000000000000E+000,7.989527624993792E-002,7.989527624993792E-002,7.989527624993792E-002,6.373958313234182E-002,1.388723116350104E-002,6.547756110294642E-002,0.325726087929265,0.309346058737443 
 05/20  04:00:00,0.572261893787221,3.57160014113955,0.000000000000000E+000,3.17717086540685,0.000000000000000E+000,8.747795022974031E-002,8.747795022974031E-002,8.747795022974031E-002,6.373958313234182E-002,1.388723116350104E-002,7.662337421237893E-002,0.313421741359659,0.372841502741322 
 05/20  05:00:00,0.634319534586399,4.12991430339922,0.000000000000000E+000,3.45580285947205,0.000000000000000E+000,9.514960427096086E-002,9.514960427096086E-002,9.514960427096086E-002,6.728067897902401E-002,1.465874390473574E-002,9.036502038555042E-002,0.349753473356527,0.650021224298491 
 05/20  06:00:00,0.789030193376822,4.91390255998229,0.000000000000000E+000,3.71545761683013,0.000000000000000E+000,0.102298752649601,0.102298752649601,0.102298752649601,9.560938723744861E-002,2.083084947716625E-002,0.149073445899162,0.404105744423842,1.17061106335404 
 05/20  07:00:00,0.977676863284923,4.49999873401836,0.000000000000000E+000,3.15156930396143,0.000000000000000E+000,8.677305514766830E-002,8.677305514766830E-002,8.677305514766830E-002,0.159348978729081,3.471808246194374E-002,0.235332091362966,0.429392629893665,1.31885384739921 
 05/20  08:00:00,0.910951711310017,4.09376026954310,0.000000000000000E+000,2.77950208770359,0.000000000000000E+000,7.652882252540015E-002,7.652882252540015E-002,7.652882252540015E-002,0.120397024727063,2.623144412963851E-002,0.307655740125598,0.363026666112717,1.28925373503933 
 05/20  09:00:00,0.847932751119628,3.47779835929460,0.000000000000000E+000,2.27945677824255,0.000000000000000E+000,6.276093261745648E-002,6.276093261745648E-002,6.276093261745648E-002,6.373958313234182E-002,1.388723116350104E-002,0.381467941615351,0.308965048901375,1.17706077484821 
 05/20  10:00:00,0.845180961272353,2.68156996807954,0.000000000000000E+000,1.61952151011538,0.000000000000000E+000,4.459074694420763E-002,4.459074694420763E-002,4.459074694420763E-002,5.311632902945728E-002,1.157269293979695E-002,0.402557783368541,0.316231395300750,1.04026716243286 
 05/20  11:00:00,0.846100839656719,1.97790969431636,0.000000000000000E+000,1.03972005769013,0.000000000000000E+000,2.862690843913176E-002,2.862690843913176E-002,2.862690843913176E-002,5.311632902945728E-002,1.157269293979695E-002,0.419344615639324,0.316328279919408,0.916401667903892 
 05/20  12:00:00,0.812567451154888,1.37905917737872,0.000000000000000E+000,0.536029869208636,0.000000000000000E+000,1.475866303913196E-002,1.475866303913196E-002,1.475866303913196E-002,5.311632902945728E-002,1.157269293979695E-002,0.405008126563703,0.310999625893199,0.821608364954561 
 05/20  13:00:00,0.774662243530618,0.885977378461605,0.000000000000000E+000,0.100823525353257,0.000000000000000E+000,2.776002836004122E-003,2.776002836004122E-003,2.776002836004122E-003,5.311632902945728E-002,1.157269293979695E-002,0.368331386471487,0.321753818564274,0.762992185688171 
 05/20  14:00:00,0.760461829007060,0.731034330998297,0.000000000000000E+000,0.000000000000000E+000,0.000000000000000E+000,0.000000000000000E+000,0.000000000000000E+000,0.000000000000000E+000,5.311632902945728E-002,1.157269293979695E-002,0.338789551094827,0.339871242253379,0.707624776854971 
 05/20  15:00:00,0.785838966033770,0.738532456170476,0.000000000000000E+000,0.000000000000000E+000,0.000000000000000E+000,0.000000000000000E+000,0.000000000000000E+000,0.000000000000000E+000,5.311632902945728E-002,1.157269293979695E-002,0.345274187483165,0.358763742891751,0.713821629775741 
 05/20  16:00:00,0.901054996318076,0.814643061286055,0.000000000000000E+000,0.000000000000000E+000,0.000000000000000E+000,0.000000000000000E+000,0.000000000000000E+000,0.000000000000000E+000,5.665741651684890E-002,1.234420750230810E-002,0.390586728885886,0.424354629723432,0.785414484562066 
 05/20  17:00:00,1.09320478121670,0.963214905902769,0.000000000000000E+000,0.000000000000000E+000,0.000000000000000E+000,0.000000000000000E+000,0.000000000000000E+000,0.000000000000000E+000,7.082176646641590E-002,1.543025664597044E-002,0.474317688533803,0.515523055880909,0.927706856416844 
 05/20  18:00:00,1.18954303872956,1.10657945012807,0.000000000000000E+000,0.000000000000000E+000,0.000000000000000E+000,0.000000000000000E+000,0.000000000000000E+000,0.000000000000000E+000,0.123938103855164,2.700295504959676E-002,0.431787500146093,0.559702441989101,1.06802842553115 
 05/20  19:00:00,1.25327250820150,1.13752080514156,0.000000000000000E+000,0.000000000000000E+000,0.000000000000000E+000,0.000000000000000E+000,0.000000000000000E+000,0.000000000000000E+000,0.247876207710328,5.400589188642894E-002,0.356555413855597,0.577722981059548,1.09772856701253 
 05/20  20:00:00,1.46598075605367,1.06319162578335,0.000000000000000E+000,0.000000000000000E+000,0.000000000000000E+000,0.000000000000000E+000,0.000000000000000E+000,0.000000000000000E+000,0.435553819464216,9.489607992080321E-002,0.320834515094546,0.597584327884505,1.02203138349258 
 05/20  21:00:00,1.60039119995041,0.960543921624617,0.000000000000000E+000,0.000000000000000E+000,0.000000000000000E+000,0.000000000000000E+000,0.000000000000000E+000,0.000000000000000E+000,0.570115244296592,0.124213567730275,0.305317431436236,0.583632942797706,0.920344618842578 
 05/20  22:00:00,1.31179602271348,0.798907692919679,0.000000000000000E+000,0.000000000000000E+000,0.000000000000000E+000,0.000000000000000E+000,0.000000000000000E+000,0.000000000000000E+000,0.446177140441427,9.721061268067793E-002,0.246236738835966,0.505059517065810,0.764120348065303 
 05/20  23:00:00,0.998822615439359,0.620406245344905,0.000000000000000E+000,0.000000000000000E+000,0.000000000000000E+000,0.000000000000000E+000,0.000000000000000E+000,0.000000000000000E+000,0.311615799201959,6.789314308397101E-002,0.163314336941647,0.438887322522180,0.590176689965982 
 05/20  24:00:00,0.693360181143610,0.951001581631723,0.000000000000000E+000,0.519417769138469,0.000000000000000E+000,1.430127735711782E-002,1.430127735711782E-002,1.430127735711782E-002,0.159348978729081,3.471808246194374E-002,0.104853162793151,0.363026666112717,0.406579365693074 
 05/21  01:00:00,0.588585284211998,1.54680316289477,0.000000000000000E+000,1.19727678027490,0.000000000000000E+000,3.296496255095144E-002,3.296496255095144E-002,3.296496255095144E-002,9.560938723744861E-002,2.083084947716625E-002,8.781613688563442E-002,0.334251934371197,0.326503873556451 
 05/21  02:00:00,0.546977527250486,2.05820658095757,0.000000000000000E+000,1.73124226422875,0.000000000000000E+000,4.766678628296935E-002,4.766678628296935E-002,4.766678628296935E-002,6.373958313234182E-002,1.388723116350104E-002,7.419536335721098E-002,0.330376549624864,0.304208735306716 
 05/21  03:00:00,0.540395920684182,2.30899405056039,0.000000000000000E+000,1.97773146586086,0.000000000000000E+000,5.445344366652814E-002,5.445344366652814E-002,5.445344366652814E-002,6.373958313234182E-002,1.388723116350104E-002,6.547756110294642E-002,0.325726087929265,0.308827316447006 
 05/21  04:00:00,0.544497993066763,2.56307816343750,0.000000000000000E+000,2.16879496899618,0.000000000000000E+000,5.971404950928361E-002,5.971404950928361E-002,5.971404950928361E-002,6.373958313234182E-002,1.388723116350104E-002,7.662337421237893E-002,0.313421741359659,0.372695421449971 
 05/21  05:00:00,0.601060255980062,2.92086982524327,0.000000000000000E+000,2.24783661523580,0.000000000000000E+000,6.189032566462342E-002,6.189032566462342E-002,6.189032566462342E-002,6.728067897902401E-002,1.465874390473574E-002,9.036502038555042E-002,0.349753473356527,0.648942990378785 
 05/21  06:00:00,0.748208574323103,3.42847787197508,0.000000000000000E+000,2.23282961290919,0.000000000000000E+000,6.147713359588142E-002,6.147713359588142E-002,6.147713359588142E-002,9.560938723744861E-002,2.083084947716625E-002,0.149073445899162,0.404105744423842,1.16781437926776 
 05/21  07:00:00,0.953925681374604,3.63471675543977,0.000000000000000E+000,2.28893405717905,0.000000000000000E+000,6.302187323734797E-002,6.302187323734797E-002,6.302187323734797E-002,0.159348978729081,3.471808246194374E-002,0.235332091362966,0.429392629893665,1.31620711560301 
 05/21  08:00:00,0.900164829702063,3.69961263641110,0.000000000000000E+000,2.38772603575706,0.000000000000000E+000,6.574194091744677E-002,6.574194091744677E-002,6.574194091744677E-002,0.120397024727063,2.623144412963851E-002,0.307655740125598,0.363026666112717,1.28688215385385 
 05/21  09:00:00,0.842577113645671,3.28083763176298,0.000000000000000E+000,2.08494175699156,0.000000000000000E+000,5.740529514350132E-002,5.740529514350132E-002,5.740529514350132E-002,6.373958313234182E-002,1.388723116350104E-002,0.381467941615351,0.308965048901375,1.17461506856758 
 05/21  10:00:00,0.851891660528361,2.92308172878082,0.000000000000000E+000,1.86325193711674,0.000000000000000E+000,5.130144620021634E-002,5.130144620021634E-002,5.130144620021634E-002,5.311632902945728E-002,1.157269293979695E-002,0.402557783368541,0.316231395300750,1.03804849613278 
 05/21  11:00:00,0.853732010954015,2.25283163058996,0.000000000000000E+000,1.31688173158652,0.000000000000000E+000,3.625807973642864E-002,3.625807973642864E-002,3.625807973642864E-002,5.311632902945728E-002,1.157269293979695E-002,0.419344615639324,0.316328279919408,0.914161930281098 
 05/21  12:00:00,0.820333383828829,1.65896645297866,0.000000000000000E+000,0.818086032728230,0.000000000000000E+000,2.252459571307360E-002,2.252459571307360E-002,2.252459571307360E-002,5.311632902945728E-002,1.157269293979695E-002,0.405008126563703,0.310999625893199,0.819459477034899 
 05/21  13:00:00,0.783546563905450,1.20671654335318,0.000000000000000E+000,0.423499168526478,0.000000000000000E+000,1.166032321083597E-002,1.166032321083597E-002,1.166032321083597E-002,5.311632902945728E-002,1.157269293979695E-002,0.368331386471487,0.321753818564274,0.761055707406523 
 05/21  14:00:00,0.765266571704243,0.903516164587976,0.000000000000000E+000,0.174506701096457,0.000000000000000E+000,4.804742697184832E-003,4.804742697184832E-003,4.804742697184832E-003,5.311632902945728E-002,1.157269293979695E-002,0.338789551094827,0.339871242253379,0.705599909348192 
 05/21  15:00:00,0.785838966033770,0.737177415756541,0.000000000000000E+000,0.000000000000000E+000,0.000000000000000E+000,0.000000000000000E+000,0.000000000000000E+000,0.000000000000000E+000,5.311632902945728E-002,1.157269293979695E-002,0.345274187483165,0.358763742891751,0.712466589361807 
 05/21  16:00:00,0.901054996318076,0.813543098301669,0.000000000000000E+000,0.000000000000000E+000,0.000000000000000E+000,0.000000000000000E+000,0.000000000000000E+000,0.000000000000000E+000,5.665741651684890E-002,1.234420750230810E-002,0.390586728885886,0.424354629723432,0.784314521577679 
 05/21  17:00:00,1.09320478121670,0.962192963053821,0.000000000000000E+000,0.000000000000000E+000,0.000000000000000E+000,0.000000000000000E+000,0.000000000000000E+000,0.000000000000000E+000,7.082176646641590E-002,1.543025664597044E-002,0.474317688533803,0.515523055880909,0.926684913567893 
 05/21  18:00:00,1.18954303872956,1.10541483900349,0.000000000000000E+000,0.000000000000000E+000,0.000000000000000E+000,0.000000000000000E+000,0.000000000000000E+000,0.000000000000000E+000,0.123938103855164,2.700295504959676E-002,0.431787500146093,0.559702441989101,1.06686381440658 
 05/21  19:00:00,1.25327250820150,1.13623113539553,0.000000000000000E+000,0.000000000000000E+000,0.000000000000000E+000,0.000000000000000E+000,0.000000000000000E+000,0.000000000000000E+000,0.247876207710328,5.400589188642894E-002,0.356555413855597,0.577722981059548,1.09643889726649 
 05/21  20:00:00,1.46770505826970,1.12423664964333,0.000000000000000E+000,6.262609891458766E-002,0.000000000000000E+000,1.724302216031914E-003,1.724302216031914E-003,1.724302216031914E-003,0.435553819464216,9.489607992080321E-002,0.320834515094546,0.597584327884505,1.02045030843797 
 05/21  21:00:00,1.60785926889572,1.23024049703981,0.000000000000000E+000,0.271237849213222,0.000000000000000E+000,7.468068945312293E-003,7.468068945312293E-003,7.468068945312293E-003,0.570115244296592,0.124213567730275,0.305317431436236,0.583632942797706,0.918803345044549 
 05/21  22:00:00,1.33107425346023,1.49776369693975,0.000000000000000E+000,0.700179106898512,0.000000000000000E+000,1.927823074675223E-002,1.927823074675223E-002,1.927823074675223E-002,0.446177140441427,9.721061268067793E-002,0.246236738835966,0.505059517065810,0.762797245186861 
 05/21  23:00:00,1.03286463493825,1.85559105308773,0.000000000000000E+000,1.23639514034620,0.000000000000000E+000,3.404201949889353E-002,3.404201949889353E-002,3.404201949889353E-002,0.311615799201959,6.789314308397101E-002,0.163314336941647,0.438887322522180,0.588966357362609 
 05/21  24:00:00,0.728286802020442,2.21827390386103,0.000000000000000E+000,1.78794134548601,0.000000000000000E+000,4.922789823394985E-002,4.922789823394985E-002,4.922789823394985E-002,0.159348978729081,3.471808246194374E-002,0.104853162793151,0.363026666112717,0.405328111574844 
 05/22  01:00:00,0.610022017085609,2.45954608589689,0.000000000000000E+000,2.11920673923349,0.000000000000000E+000,5.834872265752605E-002,5.834872265752605E-002,5.834872265752605E-002,9.560938723744861E-002,2.083084947716625E-002,8.386910965267348E-002,0.334251934371197,0.317316837599981 
 05/22  02:00:00,0.562380314220914,2.70553629626452,0.000000000000000E+000,2.38550591751406,0.000000000000000E+000,6.568081376961842E-002,6.568081376961842E-002,6.568081376961842E-002,6.373958313234182E-002,1.388723116350104E-002,7.158412284098968E-002,0.330376549624864,0.297274797328356 
 05/22  03:00:00,0.554029297805231,2.84743471837167,0.000000000000000E+000,2.52248239207889,0.000000000000000E+000,6.945222605187640E-002,6.945222605187640E-002,6.945222605187640E-002,6.373958313234182E-002,1.388723116350104E-002,6.411215583864807E-002,0.325726087929265,0.302517058040272 
 05/22  04:00:00,0.556022258322434,3.06606428191630,0.000000000000000E+000,2.68436814240638,0.000000000000000E+000,7.390947251735376E-002,7.390947251735376E-002,7.390947251735376E-002,6.373958313234182E-002,1.388723116350104E-002,7.395221645997889E-002,0.313421741359659,0.360108366518552 
 05/22  05:00:00,0.611220580604857,3.40275015535645,0.000000000000000E+000,2.76564698971901,0.000000000000000E+000,7.614734616694542E-002,7.614734616694542E-002,7.614734616694542E-002,6.728067897902401E-002,1.465874390473574E-002,8.626832450802412E-002,0.349753473356527,0.613012946008753 
 05/22  06:00:00,0.746993125771309,3.68809720633757,0.000000000000000E+000,2.57460039113452,0.000000000000000E+000,7.088720576200229E-002,7.088720576200229E-002,7.088720576200229E-002,9.560938723744861E-002,2.083084947716625E-002,0.138447925181248,0.404105744423842,1.08566293540492 
 05/22  07:00:00,0.944195066747696,3.94991165063057,0.000000000000000E+000,2.70409571745233,0.000000000000000E+000,7.445263745909871E-002,7.445263745909871E-002,7.445263745909871E-002,0.159348978729081,3.471808246194374E-002,0.214170712514307,0.429392629893665,1.21624035052054 
 05/22  08:00:00,0.874032919827254,3.82427175543143,0.000000000000000E+000,2.61673674108213,0.000000000000000E+000,7.204735788466991E-002,7.204735788466991E-002,7.204735788466991E-002,0.120397024727063,2.623144412963851E-002,0.275218413283566,0.363026666112717,1.18253056754913 
 05/22  09:00:00,0.807686919890413,3.55317130327757,0.000000000000000E+000,2.45325599253441,0.000000000000000E+000,6.754619587897263E-002,6.754619587897263E-002,6.754619587897263E-002,6.373958313234182E-002,1.388723116350104E-002,0.336436847124624,0.308965048901375,1.07863450453931 
 05/22  10:00:00,0.816742043699959,3.41314344852335,0.000000000000000E+000,2.43589168280135,0.000000000000000E+000,6.706809939409630E-002,6.706809939409630E-002,6.706809939409630E-002,5.311632902945728E-002,1.157269293979695E-002,0.351641513346258,0.316231395300750,0.955470470190703 
 05/22  11:00:00,0.807882523089104,2.42475750070218,0.000000000000000E+000,1.55801945628333,0.000000000000000E+000,4.289739338153808E-002,4.289739338153808E-002,4.289739338153808E-002,5.311632902945728E-002,1.157269293979695E-002,0.366855814129303,0.316328279919408,0.844950075696514 
 05/22  12:00:00,0.778842253332174,1.82867849442493,0.000000000000000E+000,1.04760510004961,0.000000000000000E+000,2.884400955591224E-002,2.884400955591224E-002,2.884400955591224E-002,5.311632902945728E-002,1.157269293979695E-002,0.357197582224207,0.310999625893199,0.759652451159794 
 05/22  13:00:00,0.741099053605271,1.19602541460544,0.000000000000000E+000,0.464923833040963,0.000000000000000E+000,1.280088029580024E-002,1.280088029580024E-002,1.280088029580024E-002,5.311632902945728E-002,1.157269293979695E-002,0.324743319086342,0.321753818564274,0.708939914144300 
 05/22  14:00:00,0.721336225531394,0.681990863470527,0.000000000000000E+000,0.000000000000000E+000,0.000000000000000E+000,0.000000000000000E+000,0.000000000000000E+000,0.000000000000000E+000,5.311632902945728E-002,1.157269293979695E-002,0.299663947619161,0.339871242253379,0.658581309327201 
 05/22  15:00:00,0.748779963531328,0.690068875781862,0.000000000000000E+000,0.000000000000000E+000,0.000000000000000E+000,0.000000000000000E+000,0.000000000000000E+000,0.000000000000000E+000,5.311632902945728E-002,1.157269293979695E-002,0.308215184980723,0.358763742891751,0.665358049387128 
 05/22  16:00:00,0.865137048336018,0.755576516622632,0.000000000000000E+000,0.000000000000000E+000,0.000000000000000E+000,0.000000000000000E+000,0.000000000000000E+000,0.000000000000000E+000,5.665741651684890E-002,1.234420750230810E-002,0.354668780903828,0.424354629723432,0.726347939898640 
 05/22  17:00:00,1.05785282271998,0.892184791604179,0.000000000000000E+000,0.000000000000000E+000,0.000000000000000E+000,0.000000000000000E+000,0.000000000000000E+000,0.000000000000000E+000,7.082176646641590E-002,1.543025664597044E-002,0.438965730037081,0.515523055880909,0.856676742118251 
 05/22  18:00:00,1.15523269574176,1.01507909137980,0.000000000000000E+000,0.000000000000000E+000,0.000000000000000E+000,0.000000000000000E+000,0.000000000000000E+000,0.000000000000000E+000,0.123938103855164,2.700295504959676E-002,0.397477157158294,0.559702441989101,0.976528066782881 
 05/22  19:00:00,1.21902772661215,1.03582672157487,0.000000000000000E+000,0.000000000000000E+000,0.000000000000000E+000,0.000000000000000E+000,0.000000000000000E+000,0.000000000000000E+000,0.247876207710328,5.400589188642894E-002,0.322310632266247,0.577722981059548,0.996034483445835 
 05/22  20:00:00,1.43112535784179,0.966879548369303,0.000000000000000E+000,0.000000000000000E+000,0.000000000000000E+000,0.000000000000000E+000,0.000000000000000E+000,0.000000000000000E+000,0.435553819464216,9.489607992080321E-002,0.285979116882669,0.597584327884505,0.925719306078530 
 05/22  21:00:00,1.56478431399662,0.879293681065740,0.000000000000000E+000,0.000000000000000E+000,0.000000000000000E+000,0.000000000000000E+000,0.000000000000000E+000,0.000000000000000E+000,0.570115244296592,0.124213567730275,0.269710545482451,0.583632942797706,0.839094378283702 
 05/22  22:00:00,1.28350278815464,0.734604802063355,0.000000000000000E+000,0.000000000000000E+000,0.000000000000000E+000,0.000000000000000E+000,0.000000000000000E+000,0.000000000000000E+000,0.446177140441427,9.721061268067793E-002,0.217943504277125,0.505059517065810,0.699817457208979 
 05/22  23:00:00,0.983287757675713,0.579619827408174,0.000000000000000E+000,0.000000000000000E+000,0.000000000000000E+000,0.000000000000000E+000,0.000000000000000E+000,0.000000000000000E+000,0.311615799201959,6.789314308397101E-002,0.147779479178003,0.438887322522180,0.549390272029249 
 05/22  24:00:00,0.672485215450745,0.415123758315910,0.000000000000000E+000,0.000000000000000E+000,0.000000000000000E+000,0.000000000000000E+000,0.000000000000000E+000,0.000000000000000E+000,0.159348978729081,3.471808246194374E-002,9.827947445740333E-002,0.363026666112717,0.390119311515727 
 05/23  01:00:00,0.551673294428085,0.340716165723442,0.000000000000000E+000,0.000000000000000E+000,0.000000000000000E+000,0.000000000000000E+000,0.000000000000000E+000,0.000000000000000E+000,9.560938723744861E-002,2.083084947716625E-002,8.386910965267348E-002,0.334251934371197,0.317693656660025 
 05/23  02:00:00,0.505530813712947,0.641514927410590,0.000000000000000E+000,0.320750441962890,0.000000000000000E+000,8.831313261650346E-003,8.831313261650346E-003,8.831313261650346E-003,6.373958313234182E-002,1.388723116350104E-002,7.158412284098968E-002,0.330376549624864,0.298008904025599 
 05/23  03:00:00,0.503991838180848,1.03124167612501,0.000000000000000E+000,0.705138038672707,0.000000000000000E+000,1.941476642749224E-002,1.941476642749224E-002,1.941476642749224E-002,6.373958313234182E-002,1.388723116350104E-002,6.411215583864807E-002,0.325726087929265,0.303668369199779 
 05/23  04:00:00,0.509735211251415,1.38604540278527,0.000000000000000E+000,1.00323756020215,0.000000000000000E+000,2.762242544633535E-002,2.762242544633535E-002,2.762242544633535E-002,6.373958313234182E-002,1.388723116350104E-002,7.395221645997889E-002,0.313421741359659,0.361220069591766 
 05/23  05:00:00,0.567870313218718,1.82833641299930,0.000000000000000E+000,1.19117929603028,0.000000000000000E+000,3.279707878080704E-002,3.279707878080704E-002,3.279707878080704E-002,6.728067897902401E-002,1.465874390473574E-002,8.626832450802412E-002,0.349753473356527,0.613066897340345 
 05/23  06:00:00,0.706561089533267,2.21781021971781,0.000000000000000E+000,1.10612190910317,0.000000000000000E+000,3.045516952395974E-002,3.045516952395974E-002,3.045516952395974E-002,9.560938723744861E-002,2.083084947716625E-002,0.138447925181248,0.404105744423842,1.08385443081652 
 05/23  07:00:00,0.894056128475492,2.12643268931800,0.000000000000000E+000,0.883065692371539,0.000000000000000E+000,2.431369918689473E-002,2.431369918689473E-002,2.431369918689473E-002,0.159348978729081,3.471808246194374E-002,0.214170712514307,0.429392629893665,1.21379141428876 
 05/23  08:00:00,0.822174787404081,1.93834823146359,0.000000000000000E+000,0.733266140358132,0.000000000000000E+000,2.018922546149817E-002,2.018922546149817E-002,2.018922546149817E-002,0.120397024727063,2.623144412963851E-002,0.275218413283566,0.363026666112717,1.18007764430527 
 05/23  09:00:00,0.751220190969089,1.50031072399908,0.000000000000000E+000,0.402402657236852,0.000000000000000E+000,1.107946695764903E-002,1.107946695764903E-002,1.107946695764903E-002,6.373958313234182E-002,1.388723116350104E-002,0.336436847124624,0.308965048901375,1.07662726055839 
 05/23  10:00:00,0.749673944305862,0.975837516306824,0.000000000000000E+000,0.000000000000000E+000,0.000000000000000E+000,0.000000000000000E+000,0.000000000000000E+000,0.000000000000000E+000,5.311632902945728E-002,1.157269293979695E-002,0.351641513346258,0.316231395300750,0.954056220775522 
 05/23  11:00:00,0.764985129707567,0.866361319386882,0.000000000000000E+000,0.000000000000000E+000,0.000000000000000E+000,0.000000000000000E+000,0.000000000000000E+000,0.000000000000000E+000,5.311632902945728E-002,1.157269293979695E-002,0.366855814129303,0.316328279919408,0.844573350664546 
 05/23  12:00:00,0.749998243776262,0.780256103251030,0.000000000000000E+000,0.000000000000000E+000,0.000000000000000E+000,0.000000000000000E+000,0.000000000000000E+000,0.000000000000000E+000,5.311632902945728E-002,1.157269293979695E-002,0.357197582224207,0.310999625893199,0.758835160035503 
 05/23  13:00:00,0.728298173309470,0.729707179974319,0.000000000000000E+000,0.000000000000000E+000,0.000000000000000E+000,0.000000000000000E+000,0.000000000000000E+000,0.000000000000000E+000,5.311632902945728E-002,1.157269293979695E-002,0.324743319086342,0.321753818564274,0.707545512554143 
 05/23  14:00:00,0.721336225531394,0.680310854846682,0.000000000000000E+000,0.000000000000000E+000,0.000000000000000E+000,0.000000000000000E+000,0.000000000000000E+000,0.000000000000000E+000,5.311632902945728E-002,1.157269293979695E-002,0.299663947619161,0.339871242253379,0.656901300703356 
 05/23  15:00:00,0.748779963531328,0.687927793623536,0.000000000000000E+000,0.000000000000000E+000,0.000000000000000E+000,0.000000000000000E+000,0.000000000000000E+000,0.000000000000000E+000,5.311632902945728E-002,1.157269293979695E-002,0.308215184980723,0.358763742891751,0.663216967228799 
 05/23  16:00:00,0.865137048336018,0.752979965030351,0.000000000000000E+000,0.000000000000000E+000,0.000000000000000E+000,0.000000000000000E+000,0.000000000000000E+000,0.000000000000000E+000,5.665741651684890E-002,1.234420750230810E-002,0.354668780903828,0.424354629723432,0.723751388306361 
 05/23  17:00:00,1.05785282271998,0.889093536210018,0.000000000000000E+000,0.000000000000000E+000,0.000000000000000E+000,0.000000000000000E+000,0.000000000000000E+000,0.000000000000000E+000,7.082176646641590E-002,1.543025664597044E-002,0.438965730037081,0.515523055880909,0.853585486724093 
 05/23  18:00:00,1.15523269574176,1.01175499365527,0.000000000000000E+000,0.000000000000000E+000,0.000000000000000E+000,0.000000000000000E+000,0.000000000000000E+000,0.000000000000000E+000,0.123938103855164,2.700295504959676E-002,0.397477157158294,0.559702441989101,0.973203969058355 
 05/23  19:00:00,1.21902772661215,1.03207319697037,0.000000000000000E+000,0.000000000000000E+000,0.000000000000000E+000,0.000000000000000E+000,0.000000000000000E+000,0.000000000000000E+000,0.247876207710328,5.400589188642894E-002,0.322310632266247,0.577722981059548,0.992280958841337 
 05/23  20:00:00,1.43112535784179,0.962300203328897,0.000000000000000E+000,0.000000000000000E+000,0.000000000000000E+000,0.000000000000000E+000,0.000000000000000E+000,0.000000000000000E+000,0.435553819464216,9.489607992080321E-002,0.285979116882669,0.597584327884505,0.921139961038124 
 05/23  21:00:00,1.56478431399662,0.874736282453758,0.000000000000000E+000,0.000000000000000E+000,0.000000000000000E+000,0.000000000000000E+000,0.000000000000000E+000,0.000000000000000E+000,0.570115244296592,0.124213567730275,0.269710545482451,0.583632942797706,0.834536979671719 
 05/23  22:00:00,1.28350278815464,0.730818020588168,0.000000000000000E+000,0.000000000000000E+000,0.000000000000000E+000,0.000000000000000E+000,0.000000000000000E+000,0.000000000000000E+000,0.446177140441427,9.721061268067793E-002,0.217943504277125,0.505059517065810,0.696030675733792 
 05/23  23:00:00,0.983287757675713,0.576386295592645,0.000000000000000E+000,0.000000000000000E+000,0.000000000000000E+000,0.000000000000000E+000,0.000000000000000E+000,0.000000000000000E+000,0.311615799201959,6.789314308397101E-002,0.147779479178003,0.438887322522180,0.546156740213720 
 05/23  24:00:00,0.672485215450745,0.412538467281693,0.000000000000000E+000,0.000000000000000E+000,0.000000000000000E+000,0.000000000000000E+000,0.000000000000000E+000,0.000000000000000E+000,0.159348978729081,3.471808246194374E-002,9.827947445740333E-002,0.363026666112717,0.387534020481510 
 05/24  01:00:00,0.551673294428085,0.338251525042359,0.000000000000000E+000,0.000000000000000E+000,0.000000000000000E+000,0.000000000000000E+000,0.000000000000000E+000,0.000000000000000E+000,9.560938723744861E-002,2.083084947716625E-002,8.386910965267348E-002,0.334251934371197,0.315229015978942 
 05/24  02:00:00,0.496699500451296,0.318299358135147,0.000000000000000E+000,0.000000000000000E+000,0.000000000000000E+000,0.000000000000000E+000,0.000000000000000E+000,0.000000000000000E+000,6.373958313234182E-002,1.388723116350104E-002,7.158412284098968E-002,0.330376549624864,0.295543776713043 
 05/24  03:00:00,0.484577071753356,0.323693604793224,0.000000000000000E+000,0.000000000000000E+000,0.000000000000000E+000,0.000000000000000E+000,0.000000000000000E+000,0.000000000000000E+000,6.373958313234182E-002,1.388723116350104E-002,6.411215583864807E-002,0.325726087929265,0.301258336540699 
 05/24  04:00:00,0.482112785805078,0.380559009772439,0.000000000000000E+000,0.000000000000000E+000,0.000000000000000E+000,0.000000000000000E+000,0.000000000000000E+000,0.000000000000000E+000,6.373958313234182E-002,1.388723116350104E-002,7.395221645997889E-002,0.313421741359659,0.358971236781087 
 05/24  05:00:00,0.535073234437912,0.634725694041629,0.000000000000000E+000,0.000000000000000E+000,0.000000000000000E+000,0.000000000000000E+000,0.000000000000000E+000,0.000000000000000E+000,6.728067897902401E-002,1.465874390473574E-002,8.626832450802412E-002,0.349753473356527,0.610635474412953 
 05/24  06:00:00,0.676105920009306,1.10835979071693,0.000000000000000E+000,0.000000000000000E+000,0.000000000000000E+000,0.000000000000000E+000,0.000000000000000E+000,0.000000000000000E+000,9.560938723744861E-002,2.083084947716625E-002,0.138447925181248,0.404105744423842,1.08052591091881 
 05/24  07:00:00,0.869742429288595,1.24010229886108,0.000000000000000E+000,0.000000000000000E+000,0.000000000000000E+000,0.000000000000000E+000,0.000000000000000E+000,0.000000000000000E+000,0.159348978729081,3.471808246194374E-002,0.214170712514307,0.429392629893665,1.21052671620338 
 05/24  08:00:00,0.801985561942583,1.20176574683948,0.000000000000000E+000,0.000000000000000E+000,0.000000000000000E+000,0.000000000000000E+000,0.000000000000000E+000,0.000000000000000E+000,0.120397024727063,2.623144412963851E-002,0.275218413283566,0.363026666112717,1.17676130003930 
 05/24  09:00:00,0.740140724011442,1.09463390285066,0.000000000000000E+000,0.000000000000000E+000,0.000000000000000E+000,0.000000000000000E+000,0.000000000000000E+000,0.000000000000000E+000,6.373958313234182E-002,1.388723116350104E-002,0.336436847124624,0.308965048901375,1.07335309664682 
 05/24  10:00:00,0.749673944305862,0.972594888474836,0.000000000000000E+000,0.000000000000000E+000,0.000000000000000E+000,0.000000000000000E+000,0.000000000000000E+000,0.000000000000000E+000,5.311632902945728E-002,1.157269293979695E-002,0.351641513346258,0.316231395300750,0.950813592943532 
 05/24  11:00:00,0.764985129707567,0.863017525826852,0.000000000000000E+000,0.000000000000000E+000,0.000000000000000E+000,0.000000000000000E+000,0.000000000000000E+000,0.000000000000000E+000,5.311632902945728E-002,1.157269293979695E-002,0.366855814129303,0.316328279919408,0.841229557104516 
 05/24  12:00:00,0.749998243776262,0.777103629976240,0.000000000000000E+000,0.000000000000000E+000,0.000000000000000E+000,0.000000000000000E+000,0.000000000000000E+000,0.000000000000000E+000,5.311632902945728E-002,1.157269293979695E-002,0.357197582224207,0.310999625893199,0.755682686760710 
 05/24  13:00:00,0.728298173309470,0.727114647871672,0.000000000000000E+000,0.000000000000000E+000,0.000000000000000E+000,0.000000000000000E+000,0.000000000000000E+000,0.000000000000000E+000,5.311632902945728E-002,1.157269293979695E-002,0.324743319086342,0.321753818564274,0.704952980451494 
 05/24  14:00:00,0.721336225531394,0.677950310076642,0.000000000000000E+000,0.000000000000000E+000,0.000000000000000E+000,0.000000000000000E+000,0.000000000000000E+000,0.000000000000000E+000,5.311632902945728E-002,1.157269293979695E-002,0.299663947619161,0.339871242253379,0.654540755933319 
 05/24  15:00:00,0.748779963531328,0.685538352115018,0.000000000000000E+000,0.000000000000000E+000,0.000000000000000E+000,0.000000000000000E+000,0.000000000000000E+000,0.000000000000000E+000,5.311632902945728E-002,1.157269293979695E-002,0.308215184980723,0.358763742891751,0.660827525720284 
 05/24  16:00:00,0.865137048336018,0.750595237330193,0.000000000000000E+000,0.000000000000000E+000,0.000000000000000E+000,0.000000000000000E+000,0.000000000000000E+000,0.000000000000000E+000,5.665741651684890E-002,1.234420750230810E-002,0.354668780903828,0.424354629723432,0.721366660606200 
 05/24  17:00:00,1.05785282271998,0.886330546024859,0.000000000000000E+000,0.000000000000000E+000,0.000000000000000E+000,0.000000000000000E+000,0.000000000000000E+000,0.000000000000000E+000,7.082176646641590E-002,1.543025664597044E-002,0.438965730037081,0.515523055880909,0.850822496538933 
 05/24  18:00:00,1.15523269574176,1.00882100904751,0.000000000000000E+000,0.000000000000000E+000,0.000000000000000E+000,0.000000000000000E+000,0.000000000000000E+000,0.000000000000000E+000,0.123938103855164,2.700295504959676E-002,0.397477157158294,0.559702441989101,0.970269984450597 
 05/24  19:00:00,1.21902772661215,1.02944093323893,0.000000000000000E+000,0.000000000000000E+000,0.000000000000000E+000,0.000000000000000E+000,0.000000000000000E+000,0.000000000000000E+000,0.247876207710328,5.400589188642894E-002,0.322310632266247,0.577722981059548,0.989648695109895 
 05/24  20:00:00,1.43112535784179,0.960344835199354,0.000000000000000E+000,0.000000000000000E+000,0.000000000000000E+000,0.000000000000000E+000,0.000000000000000E+000,0.000000000000000E+000,0.435553819464216,9.489607992080321E-002,0.285979116882669,0.597584327884505,0.919184592908580 
 05/24  21:00:00,1.56478431399662,0.873258102433698,0.000000000000000E+000,0.000000000000000E+000,0.000000000000000E+000,0.000000000000000E+000,0.000000000000000E+000,0.000000000000000E+000,0.570115244296592,0.124213567730275,0.269710545482451,0.583632942797706,0.833058799651659 
 05/24  22:00:00,1.28350278815464,0.730046216841117,0.000000000000000E+000,0.000000000000000E+000,0.000000000000000E+000,0.000000000000000E+000,0.000000000000000E+000,0.000000000000000E+000,0.446177140441427,9.721061268067793E-002,0.217943504277125,0.505059517065810,0.695258871986742 
 05/24  23:00:00,0.983287757675713,0.576702755932169,0.000000000000000E+000,0.000000000000000E+000,0.000000000000000E+000,0.000000000000000E+000,0.000000000000000E+000,0.000000000000000E+000,0.311615799201959,6.789314308397101E-002,0.147779479178003,0.438887322522180,0.546473200553244 
 05/24  24:00:00,0.672485215450745,0.413740979718575,0.000000000000000E+000,0.000000000000000E+000,0.000000000000000E+000,0.000000000000000E+000,0.000000000000000E+000,0.000000000000000E+000,0.159348978729081,3.471808246194374E-002,9.827947445740333E-002,0.363026666112717,0.388736532918391 
 05/25  01:00:00,0.557305022873406,0.544321957706784,0.000000000000000E+000,0.204542556054002,0.000000000000000E+000,5.631728445320624E-003,5.631728445320624E-003,5.631728445320624E-003,9.560938723744861E-002,2.083084947716625E-002,8.386910965267348E-002,0.334251934371197,0.316756892589364 
 05/25  02:00:00,0.520350082395405,1.17883244206323,0.000000000000000E+000,0.858981488539633,0.000000000000000E+000,2.365058194410819E-002,2.365058194410819E-002,2.365058194410819E-002,6.373958313234182E-002,1.388723116350104E-002,7.158412284098968E-002,0.330376549624864,0.297095372101494 
 05/25  03:00:00,0.528131382579418,1.90685287638995,0.000000000000000E+000,1.58187848544710,0.000000000000000E+000,4.355431082606190E-002,4.355431082606190E-002,4.355431082606190E-002,6.373958313234182E-002,1.388723116350104E-002,6.411215583864807E-002,0.325726087929265,0.302539122690321 
 05/25  04:00:00,0.539377973591267,2.46033118240789,0.000000000000000E+000,2.07985310307912,0.000000000000000E+000,5.726518778618691E-002,5.726518778618691E-002,5.726518778618691E-002,6.373958313234182E-002,1.388723116350104E-002,7.395221645997889E-002,0.313421741359659,0.358890306337424 
 05/25  05:00:00,0.600142342724776,2.99620809853576,0.000000000000000E+000,2.36328897218196,0.000000000000000E+000,6.506910828686359E-002,6.506910828686359E-002,6.506910828686359E-002,6.728067897902401E-002,1.465874390473574E-002,8.626832450802412E-002,0.349753473356527,0.608828906725116 
 05/25  06:00:00,0.742424925458968,3.51316844307203,0.000000000000000E+000,2.40868483296711,0.000000000000000E+000,6.631900544966246E-002,6.631900544966246E-002,6.631900544966246E-002,9.560938723744861E-002,2.083084947716625E-002,0.138447925181248,0.404105744423842,1.07664973030680 
 05/25  07:00:00,0.932362196975944,3.50943590436426,0.000000000000000E+000,2.27432971362824,0.000000000000000E+000,6.261976768734852E-002,6.261976768734852E-002,6.261976768734852E-002,0.159348978729081,3.471808246194374E-002,0.214170712514307,0.429392629893665,1.20553060807832 
 05/25  08:00:00,0.859910622223231,3.30056874455527,0.000000000000000E+000,2.10381945870103,0.000000000000000E+000,5.792506028064699E-002,5.792506028064699E-002,5.792506028064699E-002,0.120397024727063,2.623144412963851E-002,0.275218413283566,0.363026666112717,1.17174483905407 
 05/25  09:00:00,0.786812513040273,2.78516211054482,0.000000000000000E+000,1.69510428570164,0.000000000000000E+000,4.667178902883413E-002,4.667178902883413E-002,4.667178902883413E-002,6.373958313234182E-002,1.388723116350104E-002,0.336436847124624,0.308965048901375,1.06877701863934 
 05/25  10:00:00,0.781131691716159,2.11135100675298,0.000000000000000E+000,1.14253521374053,0.000000000000000E+000,3.145774741029557E-002,3.145774741029557E-002,3.145774741029557E-002,5.311632902945728E-002,1.157269293979695E-002,0.351641513346258,0.316231395300750,0.947034497481142 
 05/25  11:00:00,0.781528934512156,1.46118059401450,0.000000000000000E+000,0.600865640885214,0.000000000000000E+000,1.654380480458881E-002,1.654380480458881E-002,1.654380480458881E-002,5.311632902945728E-002,1.157269293979695E-002,0.366855814129303,0.316328279919408,0.838526984406951 
 05/25  12:00:00,0.752593245886115,0.869661725432213,0.000000000000000E+000,9.424963750796829E-002,0.000000000000000E+000,2.595002109852627E-003,2.595002109852627E-003,2.595002109852627E-003,5.311632902945728E-002,1.157269293979695E-002,0.357197582224207,0.310999625893199,0.753991144708717 
 05/25  13:00:00,0.728298173309470,0.726159382953305,0.000000000000000E+000,0.000000000000000E+000,0.000000000000000E+000,0.000000000000000E+000,0.000000000000000E+000,0.000000000000000E+000,5.311632902945728E-002,1.157269293979695E-002,0.324743319086342,0.321753818564274,0.703997715533127 
 05/25  14:00:00,0.721336225531394,0.677302652830542,0.000000000000000E+000,0.000000000000000E+000,0.000000000000000E+000,0.000000000000000E+000,0.000000000000000E+000,0.000000000000000E+000,5.311632902945728E-002,1.157269293979695E-002,0.299663947619161,0.339871242253379,0.653893098687219 
 05/25  15:00:00,0.748779963531328,0.684973783793997,0.000000000000000E+000,0.000000000000000E+000,0.000000000000000E+000,0.000000000000000E+000,0.000000000000000E+000,0.000000000000000E+000,5.311632902945728E-002,1.157269293979695E-002,0.308215184980723,0.358763742891751,0.660262957399260 
 05/25  16:00:00,0.865137048336018,0.749825077030721,0.000000000000000E+000,0.000000000000000E+000,0.000000000000000E+000,0.000000000000000E+000,0.000000000000000E+000,0.000000000000000E+000,5.665741651684890E-002,1.234420750230810E-002,0.354668780903828,0.424354629723432,0.720596500306731 
 05/25  17:00:00,1.05785282271998,0.885244590288647,0.000000000000000E+000,0.000000000000000E+000,0.000000000000000E+000,0.000000000000000E+000,0.000000000000000E+000,0.000000000000000E+000,7.082176646641590E-002,1.543025664597044E-002,0.438965730037081,0.515523055880909,0.849736540802719 
 05/25  18:00:00,1.15523269574176,1.00731162660045,0.000000000000000E+000,0.000000000000000E+000,0.000000000000000E+000,0.000000000000000E+000,0.000000000000000E+000,0.000000000000000E+000,0.123938103855164,2.700295504959676E-002,0.397477157158294,0.559702441989101,0.968760602003534 
 05/25  19:00:00,1.21902772661215,1.02779788036302,0.000000000000000E+000,0.000000000000000E+000,0.000000000000000E+000,0.000000000000000E+000,0.000000000000000E+000,0.000000000000000E+000,0.247876207710328,5.400589188642894E-002,0.322310632266247,0.577722981059548,0.988005642233992 
 05/25  20:00:00,1.43112535784179,0.958808769389682,0.000000000000000E+000,0.000000000000000E+000,0.000000000000000E+000,0.000000000000000E+000,0.000000000000000E+000,0.000000000000000E+000,0.435553819464216,9.489607992080321E-002,0.285979116882669,0.597584327884505,0.917648527098909 
 05/25  21:00:00,1.56478431399662,0.872428627252305,0.000000000000000E+000,0.000000000000000E+000,0.000000000000000E+000,0.000000000000000E+000,0.000000000000000E+000,0.000000000000000E+000,0.570115244296592,0.124213567730275,0.269710545482451,0.583632942797706,0.832229324470266 
 05/25  22:00:00,1.28350278815464,0.729348145464075,0.000000000000000E+000,0.000000000000000E+000,0.000000000000000E+000,0.000000000000000E+000,0.000000000000000E+000,0.000000000000000E+000,0.446177140441427,9.721061268067793E-002,0.217943504277125,0.505059517065810,0.694560800609699 
 05/25  23:00:00,0.983287757675713,0.575991467982078,0.000000000000000E+000,0.000000000000000E+000,0.000000000000000E+000,0.000000000000000E+000,0.000000000000000E+000,0.000000000000000E+000,0.311615799201959,6.789314308397101E-002,0.147779479178003,0.438887322522180,0.545761912603156 
 05/25  24:00:00,0.674433098072930,0.484003613412303,0.000000000000000E+000,7.074646696895023E-002,0.000000000000000E+000,1.947882622185407E-003,1.947882622185407E-003,1.947882622185407E-003,0.159348978729081,3.471808246194374E-002,9.827947445740333E-002,0.363026666112717,0.388252699643170 
 05/26  01:00:00,0.558293559549429,1.19370951747627,0.000000000000000E+000,0.923563120976294,0.000000000000000E+000,2.542872642149881E-002,2.542872642149881E-002,2.542872642149881E-002,9.560938723744861E-002,2.083084947716625E-002,6.506064835251926E-002,0.334251934371197,0.247123887436558 
 05/26  02:00:00,0.531474118441171,1.98798443787288,0.000000000000000E+000,1.71856731286811,0.000000000000000E+000,4.731780323759315E-002,4.731780323759315E-002,4.731780323759315E-002,6.373958313234182E-002,1.388723116350104E-002,5.904093759327229E-002,0.330376549624864,0.246661543582663 
 05/26  03:00:00,0.542057745833080,2.59894149528806,0.000000000000000E+000,2.33037563187932,0.000000000000000E+000,6.416289591527288E-002,6.416289591527288E-002,6.416289591527288E-002,6.373958313234182E-002,1.388723116350104E-002,5.742993400310045E-002,0.325726087929265,0.246130595156222 
 05/26  04:00:00,0.549530919661026,3.17064086910719,0.000000000000000E+000,2.90358208923559,0.000000000000000E+000,7.994515254299615E-002,7.994515254299615E-002,7.994515254299615E-002,6.373958313234182E-002,1.388723116350104E-002,6.142519777292807E-002,0.313421741359659,0.245471006880268 
 05/26  05:00:00,0.604364480687859,3.51384255155263,0.000000000000000E+000,3.24480211580187,0.000000000000000E+000,8.934006070684555E-002,8.934006070684555E-002,8.934006070684555E-002,6.728067897902401E-002,1.465874390473574E-002,6.621951005112676E-002,0.349753473356527,0.244950216122081 
 05/26  06:00:00,0.716720525628159,3.59904927563601,0.000000000000000E+000,3.32690343769212,0.000000000000000E+000,9.160057978320743E-002,9.160057978320743E-002,9.160057978320743E-002,9.560938723744861E-002,2.083084947716625E-002,8.746195101689457E-002,0.404105744423842,0.244311958145765 
 05/26  07:00:00,0.860406631938402,3.56141876974188,0.000000000000000E+000,3.28778718192589,0.000000000000000E+000,9.052358077369557E-002,9.052358077369557E-002,9.052358077369557E-002,0.159348978729081,3.471808246194374E-002,0.114311334390417,0.429392629893665,0.244056005158282 
 05/26  08:00:00,0.735705325170225,3.48753429248162,0.000000000000000E+000,3.21867563907078,0.000000000000000E+000,8.862071298272922E-002,8.862071298272922E-002,8.862071298272922E-002,0.120397024727063,2.623144412963851E-002,0.120317463528479,0.363026666112717,0.243854206610672 
 05/26  09:00:00,0.614052860589690,3.40036667068699,0.000000000000000E+000,3.13533257744097,0.000000000000000E+000,8.632600473249687E-002,8.632600473249687E-002,8.632600473249687E-002,6.373958313234182E-002,1.388723116350104E-002,0.124022978970375,0.308965048901375,0.243753287042199 
 05/26  10:00:00,0.605122092108422,3.63523255896950,0.000000000000000E+000,3.36967882699407,0.000000000000000E+000,9.277832675840342E-002,9.277832675840342E-002,9.277832675840342E-002,5.311632902945728E-002,1.157269293979695E-002,0.114311334390417,0.316231395300750,0.243772436444130 
 05/26  11:00:00,0.596450467047359,2.96761765606036,0.000000000000000E+000,2.70246036742552,0.000000000000000E+000,7.440761090109693E-002,7.440761090109693E-002,7.440761090109693E-002,5.311632902945728E-002,1.157269293979695E-002,0.123913540567998,0.316328279919408,0.243369319912509 
 05/26  12:00:00,0.590485801606169,2.49338641620414,0.000000000000000E+000,2.22808768914568,0.000000000000000E+000,6.134657285849902E-002,6.134657285849902E-002,6.134657285849902E-002,5.311632902945728E-002,1.157269293979695E-002,0.136338567195616,0.310999625893199,0.243877783842936 
 05/26  13:00:00,0.575669139649796,2.08925367119093,0.000000000000000E+000,1.82273269282242,0.000000000000000E+000,5.018581830801863E-002,5.018581830801863E-002,5.018581830801863E-002,5.311632902945728E-002,1.157269293979695E-002,0.121928467118650,0.321753818564274,0.244359310948337 
 05/26  14:00:00,0.581933738234763,1.79383152565486,0.000000000000000E+000,1.52581396271453,0.000000000000000E+000,4.201067035565051E-002,4.201067035565051E-002,4.201067035565051E-002,5.311632902945728E-002,1.157269293979695E-002,0.118250789966879,0.339871242253379,0.244608008797002 
 05/26  15:00:00,0.607080195882552,1.36563668557949,0.000000000000000E+000,1.09601343894202,0.000000000000000E+000,3.017685013632996E-002,3.017685013632996E-002,3.017685013632996E-002,5.311632902945728E-002,1.157269293979695E-002,0.136338567195616,0.358763742891751,0.244912420242727 
 05/26  16:00:00,0.715708098859218,0.914818162394894,0.000000000000000E+000,0.640175385733496,0.000000000000000E+000,1.762613120409818E-002,1.762613120409818E-002,1.762613120409818E-002,5.665741651684890E-002,1.234420750230810E-002,0.187613700222932,0.424354629723432,0.245414199937407 
 05/26  17:00:00,0.904562743398399,0.761720384187978,0.000000000000000E+000,0.480465312449490,0.000000000000000E+000,1.322878827424687E-002,1.322878827424687E-002,1.322878827424687E-002,7.082176646641590E-002,1.543025664597044E-002,0.272446862441257,0.515523055880909,0.245747022252561 
 05/26  18:00:00,0.993823303184918,0.528860517353959,0.000000000000000E+000,0.244365407958499,0.000000000000000E+000,6.728182367531004E-003,6.728182367531004E-003,6.728182367531004E-003,0.123938103855164,2.700295504959676E-002,0.229339582233923,0.559702441989101,0.245944084798543 
 05/26  19:00:00,1.05501692474904,0.570744340421232,0.000000000000000E+000,0.284365192326833,0.000000000000000E+000,7.829507821654940E-003,7.829507821654940E-003,7.829507821654940E-003,0.247876207710328,5.400589188642894E-002,0.150470322581479,0.577722981059548,0.246586909965366 
 05/26  20:00:00,1.27539951513711,0.848683060510314,0.000000000000000E+000,0.560118821334815,0.000000000000000E+000,1.542191101805697E-002,1.542191101805697E-002,1.542191101805697E-002,0.435553819464216,9.489607992080321E-002,0.114831363159931,0.597584327884505,0.247403996884727 
 05/26  21:00:00,1.41923935260342,1.19463563972869,0.000000000000000E+000,0.906916655068255,0.000000000000000E+000,2.497039453508387E-002,2.497039453508387E-002,2.497039453508387E-002,0.570115244296592,0.124213567730275,9.919518955416261E-002,0.583632942797706,0.247519681878398 
 05/26  22:00:00,1.19012683881955,1.76004725048702,0.000000000000000E+000,1.47785771490719,0.000000000000000E+000,4.069027732782415E-002,4.069027732782415E-002,4.069027732782415E-002,0.446177140441427,9.721061268067793E-002,8.387727761420452E-002,0.505059517065810,0.247402190725452 
 05/26  23:00:00,0.967342436995417,2.41016358042691,0.000000000000000E+000,2.13300657075689,0.000000000000000E+000,5.872867734876624E-002,5.872867734876624E-002,5.872867734876624E-002,0.311615799201959,6.789314308397101E-002,7.310548114894036E-002,0.438887322522180,0.246927454291090 
 05/26  24:00:00,0.720572157657482,3.17970247322419,0.000000000000000E+000,2.90846861988020,0.000000000000000E+000,8.007969478281764E-002,8.007969478281764E-002,8.007969478281764E-002,0.159348978729081,3.471808246194374E-002,6.628672188132230E-002,0.363026666112717,0.246229406543802 
 05/27  01:00:00,0.629812261051686,3.78971603832393,0.000000000000000E+000,3.52109923319594,0.000000000000000E+000,9.694742792375667E-002,9.694742792375667E-002,9.694742792375667E-002,9.560938723744861E-002,2.083084947716625E-002,6.506064835251926E-002,0.334251934371197,0.245594296064582 
 05/27  02:00:00,0.595122842615996,4.29794817138379,0.000000000000000E+000,4.03026839339727,0.000000000000000E+000,0.110966527412416,0.110966527412416,0.110966527412416,6.373958313234182E-002,1.388723116350104E-002,5.904093759327229E-002,0.330376549624864,0.244924196564412 
 05/27  03:00:00,0.600244636616525,4.71017193863348,0.000000000000000E+000,4.44370468977624,0.000000000000000E+000,0.122349786698718,0.122349786698718,0.122349786698718,6.373958313234182E-002,1.388723116350104E-002,5.742993400310045E-002,0.325726087929265,0.244031980604715 
 05/27  04:00:00,0.599922582172412,4.99925165402523,0.000000000000000E+000,4.73379097696242,0.000000000000000E+000,0.130336815054384,0.130336815054384,0.130336815054384,6.373958313234182E-002,1.388723116350104E-002,6.142519777292807E-002,0.313421741359659,0.243872904071464 
 05/27  05:00:00,0.651158327727034,5.21158141618774,0.000000000000000E+000,4.94433950897028,0.000000000000000E+000,0.136133907746020,0.136133907746020,0.136133907746020,6.728067897902401E-002,1.465874390473574E-002,6.621951005112676E-002,0.349753473356527,0.243151687588794 
 05/27  06:00:00,0.757490788458496,5.07853517553631,0.000000000000000E+000,4.80766620018635,0.000000000000000E+000,0.132370842613543,0.132370842613543,0.132370842613543,9.560938723744861E-002,2.083084947716625E-002,8.746195101689457E-002,0.404105744423842,0.243035095551825 
 05/27  07:00:00,0.882590221371757,4.36527607730132,0.000000000000000E+000,4.09348797684279,0.000000000000000E+000,0.112707170207050,0.112707170207050,0.112707170207050,0.159348978729081,3.471808246194374E-002,0.114311334390417,0.429392629893665,0.242212517800850 
 05/27  08:00:00,0.742838026057754,3.74495487180756,0.000000000000000E+000,3.47773302887009,0.000000000000000E+000,9.575341387025564E-002,9.575341387025564E-002,9.575341387025564E-002,0.120397024727063,2.623144412963851E-002,0.120317463528479,0.363026666112717,0.242217396137287 
 05/27  09:00:00,0.605485981806723,3.08809238266223,0.000000000000000E+000,2.82418631023613,0.000000000000000E+000,7.775912594952961E-002,7.775912594952961E-002,7.775912594952961E-002,6.373958313234182E-002,1.388723116350104E-002,0.124022978970375,0.308965048901375,0.242625266222290 
 05/27  10:00:00,0.569528541795833,2.34182867731992,0.000000000000000E+000,2.07693258919858,0.000000000000000E+000,5.718477644581234E-002,5.718477644581234E-002,5.718477644581234E-002,5.311632902945728E-002,1.157269293979695E-002,0.114311334390417,0.316231395300750,0.243114792590033 
 05/27  11:00:00,0.560386039524498,1.65824808202429,0.000000000000000E+000,1.39261202161633,0.000000000000000E+000,3.834318337823828E-002,3.834318337823828E-002,3.834318337823828E-002,5.311632902945728E-002,1.157269293979695E-002,0.123913540567998,0.316328279919408,0.243848091685627 
 05/27  12:00:00,0.552944733639911,1.13058866322716,0.000000000000000E+000,0.864608239919769,0.000000000000000E+000,2.380550489223976E-002,2.380550489223976E-002,2.380550489223976E-002,5.311632902945728E-002,1.157269293979695E-002,0.136338567195616,0.310999625893199,0.244559480091862 
 05/27  13:00:00,0.536702570347516,0.674809470179669,0.000000000000000E+000,0.407479496023419,0.000000000000000E+000,1.121924900573816E-002,1.121924900573816E-002,1.121924900573816E-002,5.311632902945728E-002,1.157269293979695E-002,0.121928467118650,0.321753818564274,0.245168306736072 
 05/27  14:00:00,0.539923067879111,0.268893499832352,0.000000000000000E+000,0.000000000000000E+000,0.000000000000000E+000,0.000000000000000E+000,0.000000000000000E+000,0.000000000000000E+000,5.311632902945728E-002,1.157269293979695E-002,0.118250789966879,0.339871242253379,0.245483945689027 
 05/27  15:00:00,0.576903345746221,0.270592882154102,0.000000000000000E+000,0.000000000000000E+000,0.000000000000000E+000,0.000000000000000E+000,0.000000000000000E+000,0.000000000000000E+000,5.311632902945728E-002,1.157269293979695E-002,0.136338567195616,0.358763742891751,0.245882055759367 
 05/27  16:00:00,0.698081967655122,0.275311753311979,0.000000000000000E+000,0.000000000000000E+000,0.000000000000000E+000,0.000000000000000E+000,0.000000000000000E+000,0.000000000000000E+000,5.665741651684890E-002,1.234420750230810E-002,0.187613700222932,0.424354629723432,0.246083176587987 
 05/27  17:00:00,0.891333955124152,0.281638402263214,0.000000000000000E+000,0.000000000000000E+000,0.000000000000000E+000,0.000000000000000E+000,0.000000000000000E+000,0.000000000000000E+000,7.082176646641590E-002,1.543025664597044E-002,0.272446862441257,0.515523055880909,0.246130352777287 
 05/27  18:00:00,0.987095120817387,0.284759391588509,0.000000000000000E+000,0.000000000000000E+000,0.000000000000000E+000,0.000000000000000E+000,0.000000000000000E+000,0.000000000000000E+000,0.123938103855164,2.700295504959676E-002,0.229339582233923,0.559702441989101,0.246208366991592 
 05/27  19:00:00,1.04718741692739,0.286159728105877,0.000000000000000E+000,0.000000000000000E+000,0.000000000000000E+000,0.000000000000000E+000,0.000000000000000E+000,0.000000000000000E+000,0.247876207710328,5.400589188642894E-002,0.150470322581479,0.577722981059548,0.246367489976845 
 05/27  20:00:00,1.25997760411905,0.287759347845464,0.000000000000000E+000,0.000000000000000E+000,0.000000000000000E+000,0.000000000000000E+000,0.000000000000000E+000,0.000000000000000E+000,0.435553819464216,9.489607992080321E-002,0.114831363159931,0.597584327884505,0.246599105554692 
 05/27  21:00:00,1.39426895806834,0.287070924843245,0.000000000000000E+000,0.000000000000000E+000,0.000000000000000E+000,0.000000000000000E+000,0.000000000000000E+000,0.000000000000000E+000,0.570115244296592,0.124213567730275,9.919518955416261E-002,0.583632942797706,0.246871622061207 
 05/27  22:00:00,1.14943656149172,0.281883219097400,0.000000000000000E+000,0.000000000000000E+000,0.000000000000000E+000,0.000000000000000E+000,0.000000000000000E+000,0.000000000000000E+000,0.446177140441427,9.721061268067793E-002,8.387727761420452E-002,0.505059517065810,0.247095874243025 
 05/27  23:00:00,0.917403065009845,0.596781700141136,0.000000000000000E+000,0.319224728674648,0.000000000000000E+000,8.789305363193693E-003,8.789305363193693E-003,8.789305363193693E-003,0.311615799201959,6.789314308397101E-002,7.310548114894036E-002,0.438887322522180,0.247327416087565 
 05/27  24:00:00,0.666401453806642,1.21315854054901,0.000000000000000E+000,0.941006172698205,0.000000000000000E+000,2.590899093197824E-002,2.590899093197824E-002,2.590899093197824E-002,0.159348978729081,3.471808246194374E-002,6.628672188132230E-002,0.363026666112717,0.247147921050625 
 05/28  01:00:00,0.574604816590780,1.78579876678769,0.000000000000000E+000,1.51598270229754,0.000000000000000E+000,4.173998346285005E-002,4.173998346285005E-002,4.173998346285005E-002,9.560938723744861E-002,2.083084947716625E-002,6.506064835251926E-002,0.334251934371197,0.246793555426731 
 05/28  02:00:00,0.537565527895053,2.20890501718676,0.000000000000000E+000,1.93980533451029,0.000000000000000E+000,5.340921269147597E-002,5.340921269147597E-002,5.340921269147597E-002,6.373958313234182E-002,1.388723116350104E-002,5.904093759327229E-002,0.330376549624864,0.246344101254361 
 05/28  03:00:00,0.539269294101946,2.49713097826937,0.000000000000000E+000,2.22909996668037,0.000000000000000E+000,6.137444418413746E-002,6.137444418413746E-002,6.137444418413746E-002,6.373958313234182E-002,1.388723116350104E-002,5.742993400310045E-002,0.325726087929265,0.245595743336469 
 05/28  04:00:00,0.534807961338318,2.63552401265064,0.000000000000000E+000,2.36884900378205,0.000000000000000E+000,6.522219422029057E-002,6.522219422029057E-002,6.522219422029057E-002,6.373958313234182E-002,1.388723116350104E-002,6.142519777292807E-002,0.313421741359659,0.245087235877247 
 05/28  05:00:00,0.580466410109362,2.64540599524958,0.000000000000000E+000,2.37683192008933,0.000000000000000E+000,6.544199012834827E-002,6.544199012834827E-002,6.544199012834827E-002,6.728067897902401E-002,1.465874390473574E-002,6.621951005112676E-002,0.349753473356527,0.244483855531573 
 05/28  06:00:00,0.688376348448780,2.56963098255498,0.000000000000000E+000,2.29745208793197,0.000000000000000E+000,6.325640260382688E-002,6.325640260382688E-002,6.325640260382688E-002,9.560938723744861E-002,2.083084947716625E-002,8.746195101689457E-002,0.404105744423842,0.244345014824883 
 05/28  07:00:00,0.827073196764914,2.35114141632851,0.000000000000000E+000,2.07712759515010,0.000000000000000E+000,5.719014560020904E-002,5.719014560020904E-002,5.719014560020904E-002,0.159348978729081,3.471808246194374E-002,0.114311334390417,0.429392629893665,0.244438238520708 
 05/28  08:00:00,0.698929894663646,2.15255631089370,0.000000000000000E+000,1.88300389480332,0.000000000000000E+000,5.184528247614947E-002,5.184528247614947E-002,5.184528247614947E-002,0.120397024727063,2.623144412963851E-002,0.120317463528479,0.363026666112717,0.244547969290199 
 05/28  09:00:00,0.573794634827654,1.93913676625953,0.000000000000000E+000,1.67316683569466,0.000000000000000E+000,4.606777897046008E-002,4.606777897046008E-002,4.606777897046008E-002,6.373958313234182E-002,1.388723116350104E-002,0.124022978970375,0.308965048901375,0.244689124361034 
 05/28  10:00:00,0.546583056536684,1.51001987328560,0.000000000000000E+000,1.24355998425608,0.000000000000000E+000,3.423929118666381E-002,3.423929118666381E-002,3.423929118666381E-002,5.311632902945728E-002,1.157269293979695E-002,0.114311334390417,0.316231395300750,0.244678593498212 
 05/28  11:00:00,0.538915643727276,0.879381038738693,0.000000000000000E+000,0.612814188944898,0.000000000000000E+000,1.687278758101521E-002,1.687278758101521E-002,1.687278758101521E-002,5.311632902945728E-002,1.157269293979695E-002,0.123913540567998,0.316328279919408,0.244778881071460 
 05/28  12:00:00,0.529139228747669,0.266554900827965,0.000000000000000E+000,0.000000000000000E+000,0.000000000000000E+000,0.000000000000000E+000,0.000000000000000E+000,0.000000000000000E+000,5.311632902945728E-002,1.157269293979695E-002,0.136338567195616,0.310999625893199,0.245133957612437 
 05/28  13:00:00,0.525483321341779,0.267889168199451,0.000000000000000E+000,0.000000000000000E+000,0.000000000000000E+000,0.000000000000000E+000,0.000000000000000E+000,0.000000000000000E+000,5.311632902945728E-002,1.157269293979695E-002,0.121928467118650,0.321753818564274,0.245727500779274 
 05/28  14:00:00,0.539923067879111,0.268900002843378,0.000000000000000E+000,0.000000000000000E+000,0.000000000000000E+000,0.000000000000000E+000,0.000000000000000E+000,0.000000000000000E+000,5.311632902945728E-002,1.157269293979695E-002,0.118250789966879,0.339871242253379,0.245490448700053 
 05/28  15:00:00,0.576903345746221,0.269781881144040,0.000000000000000E+000,0.000000000000000E+000,0.000000000000000E+000,0.000000000000000E+000,0.000000000000000E+000,0.000000000000000E+000,5.311632902945728E-002,1.157269293979695E-002,0.136338567195616,0.358763742891751,0.245071054749304 
 05/28  16:00:00,0.698081967655122,0.273932762489998,0.000000000000000E+000,0.000000000000000E+000,0.000000000000000E+000,0.000000000000000E+000,0.000000000000000E+000,0.000000000000000E+000,5.665741651684890E-002,1.234420750230810E-002,0.187613700222932,0.424354629723432,0.244704185766007 
 05/28  17:00:00,0.891333955124152,0.280154932416903,0.000000000000000E+000,0.000000000000000E+000,0.000000000000000E+000,0.000000000000000E+000,0.000000000000000E+000,0.000000000000000E+000,7.082176646641590E-002,1.543025664597044E-002,0.272446862441257,0.515523055880909,0.244646882930976 
 05/28  18:00:00,0.987095120817387,0.282994537283024,0.000000000000000E+000,0.000000000000000E+000,0.000000000000000E+000,0.000000000000000E+000,0.000000000000000E+000,0.000000000000000E+000,0.123938103855164,2.700295504959676E-002,0.229339582233923,0.559702441989101,0.244443512686105 
 05/28  19:00:00,1.04718741692739,0.284076527070284,0.000000000000000E+000,0.000000000000000E+000,0.000000000000000E+000,0.000000000000000E+000,0.000000000000000E+000,0.000000000000000E+000,0.247876207710328,5.400589188642894E-002,0.150470322581479,0.577722981059548,0.244284288941251 
 05/28  20:00:00,1.25997760411905,0.285852753665214,0.000000000000000E+000,0.000000000000000E+000,0.000000000000000E+000,0.000000000000000E+000,0.000000000000000E+000,0.000000000000000E+000,0.435553819464216,9.489607992080321E-002,0.114831363159931,0.597584327884505,0.244692511374443 
 05/28  21:00:00,1.39426895806834,0.285317711527006,0.000000000000000E+000,0.000000000000000E+000,0.000000000000000E+000,0.000000000000000E+000,0.000000000000000E+000,0.000000000000000E+000,0.570115244296592,0.124213567730275,9.919518955416261E-002,0.583632942797706,0.245118408744968 
 05/28  22:00:00,1.14943656149172,0.279962107392493,0.000000000000000E+000,0.000000000000000E+000,0.000000000000000E+000,0.000000000000000E+000,0.000000000000000E+000,0.000000000000000E+000,0.446177140441427,9.721061268067793E-002,8.387727761420452E-002,0.505059517065810,0.245174762538117 
 05/28  23:00:00,0.908613759646651,0.275450721053222,0.000000000000000E+000,0.000000000000000E+000,0.000000000000000E+000,0.000000000000000E+000,0.000000000000000E+000,0.000000000000000E+000,0.311615799201959,6.789314308397101E-002,7.310548114894036E-002,0.438887322522180,0.245221165674299 
 05/28  24:00:00,0.640492462874663,0.270303437143266,0.000000000000000E+000,0.000000000000000E+000,0.000000000000000E+000,0.000000000000000E+000,0.000000000000000E+000,0.000000000000000E+000,0.159348978729081,3.471808246194374E-002,6.628672188132230E-002,0.363026666112717,0.245298990343084 
 05/29  01:00:00,0.551673294428085,0.337562424394373,0.000000000000000E+000,0.000000000000000E+000,0.000000000000000E+000,0.000000000000000E+000,0.000000000000000E+000,0.000000000000000E+000,9.560938723744861E-002,2.083084947716625E-002,8.386910965267348E-002,0.334251934371197,0.314539915330956 
 05/29  02:00:00,0.496699500451296,0.317770542040366,0.000000000000000E+000,0.000000000000000E+000,0.000000000000000E+000,0.000000000000000E+000,0.000000000000000E+000,0.000000000000000E+000,6.373958313234182E-002,1.388723116350104E-002,7.158412284098968E-002,0.330376549624864,0.295014960618263 
 05/29  03:00:00,0.484577071753356,0.323021261235097,0.000000000000000E+000,0.000000000000000E+000,0.000000000000000E+000,0.000000000000000E+000,0.000000000000000E+000,0.000000000000000E+000,6.373958313234182E-002,1.388723116350104E-002,6.411215583864807E-002,0.325726087929265,0.300585992982571 
 05/29  04:00:00,0.482112785805078,0.379041904986456,0.000000000000000E+000,0.000000000000000E+000,0.000000000000000E+000,0.000000000000000E+000,0.000000000000000E+000,0.000000000000000E+000,6.373958313234182E-002,1.388723116350104E-002,7.395221645997889E-002,0.313421741359659,0.357454131995105 
 05/29  05:00:00,0.535073234437912,0.629122105044054,0.000000000000000E+000,0.000000000000000E+000,0.000000000000000E+000,0.000000000000000E+000,0.000000000000000E+000,0.000000000000000E+000,6.728067897902401E-002,1.465874390473574E-002,8.626832450802412E-002,0.349753473356527,0.605031885415377 
 05/29  06:00:00,0.676105920009306,1.09495412759082,0.000000000000000E+000,0.000000000000000E+000,0.000000000000000E+000,0.000000000000000E+000,0.000000000000000E+000,0.000000000000000E+000,9.560938723744861E-002,2.083084947716625E-002,0.138447925181248,0.404105744423842,1.06712024779270 
 05/29  07:00:00,0.869742429288595,1.22380598239489,0.000000000000000E+000,0.000000000000000E+000,0.000000000000000E+000,0.000000000000000E+000,0.000000000000000E+000,0.000000000000000E+000,0.159348978729081,3.471808246194374E-002,0.214170712514307,0.429392629893665,1.19423039973719 
 05/29  08:00:00,0.801985561942583,1.18562007984770,0.000000000000000E+000,0.000000000000000E+000,0.000000000000000E+000,0.000000000000000E+000,0.000000000000000E+000,0.000000000000000E+000,0.120397024727063,2.623144412963851E-002,0.275218413283566,0.363026666112717,1.16061563304752 
 05/29  09:00:00,0.740140724011442,1.08005778868270,0.000000000000000E+000,0.000000000000000E+000,0.000000000000000E+000,0.000000000000000E+000,0.000000000000000E+000,0.000000000000000E+000,6.373958313234182E-002,1.388723116350104E-002,0.336436847124624,0.308965048901375,1.05877698247886 
 05/29  10:00:00,0.749673944305862,0.959913607214819,0.000000000000000E+000,0.000000000000000E+000,0.000000000000000E+000,0.000000000000000E+000,0.000000000000000E+000,0.000000000000000E+000,5.311632902945728E-002,1.157269293979695E-002,0.351641513346258,0.316231395300750,0.938132311683516 
 05/29  11:00:00,0.764985129707567,0.852046049100577,0.000000000000000E+000,0.000000000000000E+000,0.000000000000000E+000,0.000000000000000E+000,0.000000000000000E+000,0.000000000000000E+000,5.311632902945728E-002,1.157269293979695E-002,0.366855814129303,0.316328279919408,0.830258080378241 
 05/29  12:00:00,0.749998243776262,0.767379345971397,0.000000000000000E+000,0.000000000000000E+000,0.000000000000000E+000,0.000000000000000E+000,0.000000000000000E+000,0.000000000000000E+000,5.311632902945728E-002,1.157269293979695E-002,0.357197582224207,0.310999625893199,0.745958402755870 
 05/29  13:00:00,0.728298173309470,0.717864225246310,0.000000000000000E+000,0.000000000000000E+000,0.000000000000000E+000,0.000000000000000E+000,0.000000000000000E+000,0.000000000000000E+000,5.311632902945728E-002,1.157269293979695E-002,0.324743319086342,0.321753818564274,0.695702557826134 
 05/29  14:00:00,0.721336225531394,0.669222923356519,0.000000000000000E+000,0.000000000000000E+000,0.000000000000000E+000,0.000000000000000E+000,0.000000000000000E+000,0.000000000000000E+000,5.311632902945728E-002,1.157269293979695E-002,0.299663947619161,0.339871242253379,0.645813369213193 
 05/29  15:00:00,0.748779963531328,0.676621682652344,0.000000000000000E+000,0.000000000000000E+000,0.000000000000000E+000,0.000000000000000E+000,0.000000000000000E+000,0.000000000000000E+000,5.311632902945728E-002,1.157269293979695E-002,0.308215184980723,0.358763742891751,0.651910856257609 
 05/29  16:00:00,0.865137048336018,0.740664732477873,0.000000000000000E+000,0.000000000000000E+000,0.000000000000000E+000,0.000000000000000E+000,0.000000000000000E+000,0.000000000000000E+000,5.665741651684890E-002,1.234420750230810E-002,0.354668780903828,0.424354629723432,0.711436155753880 
 05/29  17:00:00,1.05785282271998,0.874548079768932,0.000000000000000E+000,0.000000000000000E+000,0.000000000000000E+000,0.000000000000000E+000,0.000000000000000E+000,0.000000000000000E+000,7.082176646641590E-002,1.543025664597044E-002,0.438965730037081,0.515523055880909,0.839040030283004 
 05/29  18:00:00,1.15523269574176,0.995014583295571,0.000000000000000E+000,0.000000000000000E+000,0.000000000000000E+000,0.000000000000000E+000,0.000000000000000E+000,0.000000000000000E+000,0.123938103855164,2.700295504959676E-002,0.397477157158294,0.559702441989101,0.956463558698654 
 05/29  19:00:00,1.21902772661215,1.01556371631692,0.000000000000000E+000,0.000000000000000E+000,0.000000000000000E+000,0.000000000000000E+000,0.000000000000000E+000,0.000000000000000E+000,0.247876207710328,5.400589188642894E-002,0.322310632266247,0.577722981059548,0.975771478187883 
 05/29  20:00:00,1.43112535784179,0.947308632781628,0.000000000000000E+000,0.000000000000000E+000,0.000000000000000E+000,0.000000000000000E+000,0.000000000000000E+000,0.000000000000000E+000,0.435553819464216,9.489607992080321E-002,0.285979116882669,0.597584327884505,0.906148390490855 
 05/29  21:00:00,1.56478431399662,0.861363652445271,0.000000000000000E+000,0.000000000000000E+000,0.000000000000000E+000,0.000000000000000E+000,0.000000000000000E+000,0.000000000000000E+000,0.570115244296592,0.124213567730275,0.269710545482451,0.583632942797706,0.821164349663232 
 05/29  22:00:00,1.28350278815464,0.720376810762338,0.000000000000000E+000,0.000000000000000E+000,0.000000000000000E+000,0.000000000000000E+000,0.000000000000000E+000,0.000000000000000E+000,0.446177140441427,9.721061268067793E-002,0.217943504277125,0.505059517065810,0.685589465907962 
 05/29  23:00:00,0.983287757675713,0.569191234571857,0.000000000000000E+000,0.000000000000000E+000,0.000000000000000E+000,0.000000000000000E+000,0.000000000000000E+000,0.000000000000000E+000,0.311615799201959,6.789314308397101E-002,0.147779479178003,0.438887322522180,0.538961679192934 
 05/29  24:00:00,0.672485215450745,0.408537252629241,0.000000000000000E+000,0.000000000000000E+000,0.000000000000000E+000,0.000000000000000E+000,0.000000000000000E+000,0.000000000000000E+000,0.159348978729081,3.471808246194374E-002,9.827947445740333E-002,0.363026666112717,0.383532805829060 
 05/30  01:00:00,0.551673294428085,0.335866540504809,0.000000000000000E+000,0.000000000000000E+000,0.000000000000000E+000,0.000000000000000E+000,0.000000000000000E+000,0.000000000000000E+000,9.560938723744861E-002,2.083084947716625E-002,8.386910965267348E-002,0.334251934371197,0.312844031441392 
 05/30  02:00:00,0.496699500451296,0.316610526126371,0.000000000000000E+000,0.000000000000000E+000,0.000000000000000E+000,0.000000000000000E+000,0.000000000000000E+000,0.000000000000000E+000,6.373958313234182E-002,1.388723116350104E-002,7.158412284098968E-002,0.330376549624864,0.293854944704268 
 05/30  03:00:00,0.484577071753356,0.322018050744696,0.000000000000000E+000,0.000000000000000E+000,0.000000000000000E+000,0.000000000000000E+000,0.000000000000000E+000,0.000000000000000E+000,6.373958313234182E-002,1.388723116350104E-002,6.411215583864807E-002,0.325726087929265,0.299582782492170 
 05/30  04:00:00,0.482112785805078,0.377665112362676,0.000000000000000E+000,0.000000000000000E+000,0.000000000000000E+000,0.000000000000000E+000,0.000000000000000E+000,0.000000000000000E+000,6.373958313234182E-002,1.388723116350104E-002,7.395221645997889E-002,0.313421741359659,0.356077339371324 
 05/30  05:00:00,0.535073234437912,0.627104365979594,0.000000000000000E+000,0.000000000000000E+000,0.000000000000000E+000,0.000000000000000E+000,0.000000000000000E+000,0.000000000000000E+000,6.728067897902401E-002,1.465874390473574E-002,8.626832450802412E-002,0.349753473356527,0.603014146350917 
 05/30  06:00:00,0.676105920009306,1.09119571834483,0.000000000000000E+000,0.000000000000000E+000,0.000000000000000E+000,0.000000000000000E+000,0.000000000000000E+000,0.000000000000000E+000,9.560938723744861E-002,2.083084947716625E-002,0.138447925181248,0.404105744423842,1.06336183854671 
 05/30  07:00:00,0.875279606287605,1.42116754765362,0.000000000000000E+000,0.201108478098148,0.000000000000000E+000,5.537176999007778E-003,5.537176999007778E-003,5.537176999007778E-003,0.159348978729081,3.471808246194374E-002,0.214170712514307,0.429392629893665,1.19048348689777 
 05/30  08:00:00,0.815150779472702,1.66068130148074,0.000000000000000E+000,0.478156443579040,0.000000000000000E+000,1.316521753011871E-002,1.316521753011871E-002,1.316521753011871E-002,0.120397024727063,2.623144412963851E-002,0.275218413283566,0.363026666112717,1.15752041110152 
 05/30  09:00:00,0.754423704384806,1.59602978179907,0.000000000000000E+000,0.518753228605120,0.000000000000000E+000,1.428298037336574E-002,1.428298037336574E-002,1.428298037336574E-002,6.373958313234182E-002,1.388723116350104E-002,0.336436847124624,0.308965048901375,1.05599574699011 
 05/30  10:00:00,0.771659710540844,1.75639821541724,0.000000000000000E+000,0.798515920320250,0.000000000000000E+000,2.198576623498175E-002,2.198576623498175E-002,2.198576623498175E-002,5.311632902945728E-002,1.157269293979695E-002,0.351641513346258,0.316231395300750,0.936100999565687 
 05/30  11:00:00,0.780867112315879,1.42731046653024,0.000000000000000E+000,0.576828472723853,0.000000000000000E+000,1.588198260831417E-002,1.588198260831417E-002,1.588198260831417E-002,5.311632902945728E-002,1.157269293979695E-002,0.366855814129303,0.316328279919408,0.828694025084051 
 05/30  12:00:00,0.758839024714879,1.08758572461501,0.000000000000000E+000,0.321094304928788,0.000000000000000E+000,8.840780938615509E-003,8.840780938615509E-003,8.840780938615509E-003,5.311632902945728E-002,1.157269293979695E-002,0.357197582224207,0.310999625893199,0.745070476470696 
 05/30  13:00:00,0.735507837306780,0.979743067998047,0.000000000000000E+000,0.261852665059770,0.000000000000000E+000,7.209663997309139E-003,7.209663997309139E-003,7.209663997309139E-003,5.311632902945728E-002,1.157269293979695E-002,0.324743319086342,0.321753818564274,0.695728735518099 
 05/30  14:00:00,0.725900835606887,0.835871600178595,0.000000000000000E+000,0.165785161926064,0.000000000000000E+000,4.564610075492583E-003,4.564610075492583E-003,4.564610075492583E-003,5.311632902945728E-002,1.157269293979695E-002,0.299663947619161,0.339871242253379,0.646676884109204 
 05/30  15:00:00,0.752726709783417,0.821117820380225,0.000000000000000E+000,0.143344547652868,0.000000000000000E+000,3.946746252086254E-003,3.946746252086254E-003,3.946746252086254E-003,5.311632902945728E-002,1.157269293979695E-002,0.308215184980723,0.358763742891751,0.653062446332622 
 05/30  16:00:00,0.867378585568369,0.823444349665417,0.000000000000000E+000,8.141190745376914E-002,0.000000000000000E+000,2.241537232350590E-003,2.241537232350590E-003,2.241537232350590E-003,5.665741651684890E-002,1.234420750230810E-002,0.354668780903828,0.424354629723432,0.712803865487656 
 05/30  17:00:00,1.06321253214153,1.07028106081167,0.000000000000000E+000,0.194662913071099,0.000000000000000E+000,5.359709421554552E-003,5.359709421554552E-003,5.359709421554552E-003,7.082176646641590E-002,1.543025664597044E-002,0.438965730037081,0.515523055880909,0.840110098254644 
 05/30  18:00:00,1.15523269574176,0.995928066803138,0.000000000000000E+000,0.000000000000000E+000,0.000000000000000E+000,0.000000000000000E+000,0.000000000000000E+000,0.000000000000000E+000,0.123938103855164,2.700295504959676E-002,0.397477157158294,0.559702441989101,0.957377042206221 
 05/30  19:00:00,1.22558242992135,1.25459371676693,0.000000000000000E+000,0.238064704655992,0.000000000000000E+000,6.554703309193230E-003,6.554703309193230E-003,6.554703309193230E-003,0.247876207710328,5.400589188642894E-002,0.322310632266247,0.577722981059548,0.976736773981900 
 05/30  20:00:00,1.44513639986125,1.45739754682666,0.000000000000000E+000,0.508876515525342,0.000000000000000E+000,1.401104201945681E-002,1.401104201945681E-002,1.401104201945681E-002,0.435553819464216,9.489607992080321E-002,0.285979116882669,0.597584327884505,0.907360789010545 
 05/30  21:00:00,1.58511865315257,1.60118875913163,0.000000000000000E+000,0.738536622816473,0.000000000000000E+000,2.033433915594798E-002,2.033433915594798E-002,2.033433915594798E-002,0.570115244296592,0.124213567730275,0.269710545482451,0.583632942797706,0.822452833533121 
 05/30  22:00:00,1.31332996184451,1.80511492076829,0.000000000000000E+000,1.08331330347836,0.000000000000000E+000,2.982717368987320E-002,2.982717368987320E-002,2.982717368987320E-002,0.446177140441427,9.721061268067793E-002,0.217943504277125,0.505059517065810,0.687014272435556 
 05/30  23:00:00,1.02583426022947,2.11600410355694,0.000000000000000E+000,1.54527521488257,0.000000000000000E+000,4.254650255375481E-002,4.254650255375481E-002,4.254650255375481E-002,0.311615799201959,6.789314308397101E-002,0.147779479178003,0.438887322522180,0.540499333295440 
 05/30  24:00:00,0.731720198075479,2.56106299063268,0.000000000000000E+000,2.15139541466082,0.000000000000000E+000,5.923498262473513E-002,5.923498262473513E-002,5.923498262473513E-002,0.159348978729081,3.471808246194374E-002,9.827947445740333E-002,0.363026666112717,0.384663129171688 
 05/31  01:00:00,0.622260000940408,2.89986392651512,0.000000000000000E+000,2.56368635555587,0.000000000000000E+000,7.058670651232392E-002,7.058670651232392E-002,7.058670651232392E-002,9.560938723744861E-002,2.083084947716625E-002,8.386910965267348E-002,0.334251934371197,0.313155061895819 
 05/31  02:00:00,0.578195059498527,3.27633418163058,0.000000000000000E+000,2.95989235212877,0.000000000000000E+000,8.149555904723174E-002,8.149555904723174E-002,8.149555904723174E-002,6.373958313234182E-002,1.388723116350104E-002,7.158412284098968E-002,0.330376549624864,0.293686248079722 
 05/31  03:00:00,0.573254799094122,3.54213650591872,0.000000000000000E+000,3.22074638211852,0.000000000000000E+000,8.867772734076707E-002,8.867772734076707E-002,8.867772734076707E-002,6.373958313234182E-002,1.388723116350104E-002,6.411215583864807E-002,0.325726087929265,0.298954855547674 
 05/31  04:00:00,0.578172160114219,3.86507161022090,0.000000000000000E+000,3.48884541307476,0.000000000000000E+000,9.605937430913962E-002,9.605937430913962E-002,9.605937430913962E-002,6.373958313234182E-002,1.388723116350104E-002,7.395221645997889E-002,0.313421741359659,0.354638424154793 
 05/31  05:00:00,0.629753847489964,4.06292154965519,0.000000000000000E+000,3.43876925005464,0.000000000000000E+000,9.468061305205235E-002,9.468061305205235E-002,9.468061305205235E-002,6.728067897902401E-002,1.465874390473574E-002,8.626832450802412E-002,0.349753473356527,0.600062079971883 
 05/31  06:00:00,0.768146415685980,4.42918283283174,0.000000000000000E+000,3.34288104069130,0.000000000000000E+000,9.204049567667430E-002,9.204049567667430E-002,9.204049567667430E-002,9.560938723744861E-002,2.083084947716625E-002,0.138447925181248,0.404105744423842,1.05846791234231 
 05/31  07:00:00,0.968446942906651,4.79933068018967,0.000000000000000E+000,3.58491601744024,0.000000000000000E+000,9.870451361805355E-002,9.870451361805355E-002,9.870451361805355E-002,0.159348978729081,3.471808246194374E-002,0.214170712514307,0.429392629893665,1.18483908009173 
 05/31  08:00:00,0.892599484870833,4.46810930341639,0.000000000000000E+000,3.29106837976613,0.000000000000000E+000,9.061392292824785E-002,9.061392292824785E-002,9.061392292824785E-002,0.120397024727063,2.623144412963851E-002,0.275218413283566,0.363026666112717,1.15203647685008 
 05/31  09:00:00,0.828129882080914,4.26824427502927,0.000000000000000E+000,3.19573776884148,0.000000000000000E+000,8.798915806947542E-002,8.798915806947542E-002,8.798915806947542E-002,6.373958313234182E-002,1.388723116350104E-002,0.336436847124624,0.308965048901375,1.05122569998396 
 05/31  10:00:00,0.849201564720267,4.56848289507003,0.000000000000000E+000,3.61481099012326,0.000000000000000E+000,9.952762041440456E-002,9.952762041440456E-002,9.952762041440456E-002,5.311632902945728E-002,1.157269293979695E-002,0.351641513346258,0.316231395300750,0.931890609415472 
 05/31  11:00:00,0.845466441262198,3.76952071620438,0.000000000000000E+000,2.92305521116544,0.000000000000000E+000,8.048131155463273E-002,8.048131155463273E-002,8.048131155463273E-002,5.311632902945728E-002,1.157269293979695E-002,0.366855814129303,0.316328279919408,0.824677536316618 
 05/31  12:00:00,0.822261096315131,3.38776110059918,0.000000000000000E+000,2.62456343724017,0.000000000000000E+000,7.226285253887051E-002,7.226285253887051E-002,7.226285253887051E-002,5.311632902945728E-002,1.157269293979695E-002,0.357197582224207,0.310999625893199,0.741776720143496 
 05/31  13:00:00,0.789929030135152,2.95329549652851,0.000000000000000E+000,2.23841279090748,0.000000000000000E+000,6.163085682568185E-002,6.163085682568185E-002,6.163085682568185E-002,5.311632902945728E-002,1.157269293979695E-002,0.324743319086342,0.321753818564274,0.692721038200860 
 05/31  14:00:00,0.787403315393743,3.06703806705985,0.000000000000000E+000,2.39953534029547,0.000000000000000E+000,6.606708986234794E-002,6.606708986234794E-002,6.606708986234794E-002,5.311632902945728E-002,1.157269293979695E-002,0.299663947619161,0.339871242253379,0.644093172621067 
 05/31  15:00:00,0.804552464498990,2.70076360675677,0.000000000000000E+000,2.02563920050657,0.000000000000000E+000,5.577250096765980E-002,5.577250096765980E-002,5.577250096765980E-002,5.311632902945728E-002,1.157269293979695E-002,0.308215184980723,0.358763742891751,0.650413579855453 
 05/31  16:00:00,0.916870504557433,2.61801680768928,0.000000000000000E+000,1.87894240139161,0.000000000000000E+000,5.173345622141575E-002,5.173345622141575E-002,5.173345622141575E-002,5.665741651684890E-002,1.234420750230810E-002,0.354668780903828,0.424354629723432,0.709845829573681 
 05/31  17:00:00,1.11304350901803,2.87687642249805,0.000000000000000E+000,2.00450787984254,0.000000000000000E+000,5.519068629805427E-002,5.519068629805427E-002,5.519068629805427E-002,7.082176646641590E-002,1.543025664597044E-002,0.438965730037081,0.515523055880909,0.836860493169570 
 05/31  18:00:00,1.19280610138228,2.35678211428309,0.000000000000000E+000,1.36465394309833,0.000000000000000E+000,3.757340564051991E-002,3.757340564051991E-002,3.757340564051991E-002,0.123938103855164,2.700295504959676E-002,0.397477157158294,0.559702441989101,0.953577146587851 
 05/31  19:00:00,1.25478986391938,2.31144520368551,0.000000000000000E+000,1.29886926292631,0.000000000000000E+000,3.576213730722890E-002,3.576213730722890E-002,3.576213730722890E-002,0.247876207710328,5.400589188642894E-002,0.322310632266247,0.577722981059548,0.972783702630165 
 05/31  20:00:00,1.46713446017466,2.25299577348209,0.000000000000000E+000,1.30783895279887,0.000000000000000E+000,3.600910233287188E-002,3.600910233287188E-002,3.600910233287188E-002,0.435553819464216,9.489607992080321E-002,0.285979116882669,0.597584327884505,0.903996578392443 
 05/31  21:00:00,1.60449873761106,2.30247944276837,0.000000000000000E+000,1.44241502358967,0.000000000000000E+000,3.971442361443403E-002,3.971442361443403E-002,3.971442361443403E-002,0.570115244296592,0.124213567730275,0.269710545482451,0.583632942797706,0.819865116396666 
 05/31  22:00:00,1.33355685659796,2.53792415785526,0.000000000000000E+000,1.81794758033938,0.000000000000000E+000,5.005406844332244E-002,5.005406844332244E-002,5.005406844332244E-002,0.446177140441427,9.721061268067793E-002,0.217943504277125,0.505059517065810,0.685189232661506 
 05/31  23:00:00,1.04252255301037,2.72066464948626,0.000000000000000E+000,2.15138861234558,0.000000000000000E+000,5.923479533465253E-002,5.923479533465253E-002,5.923479533465253E-002,0.311615799201959,6.789314308397101E-002,0.147779479178003,0.438887322522180,0.539046481761752 
 05/31  24:00:00,0.743304023181593,2.98122099102805,0.000000000000000E+000,2.57211619676019,0.000000000000000E+000,7.081880773084669E-002,7.081880773084669E-002,7.081880773084669E-002,0.159348978729081,3.471808246194374E-002,9.827947445740333E-002,0.363026666112717,0.384100347467696 
 06/01  01:00:00,0.585652613414277,3.06419577112146,0.000000000000000E+000,2.73083521055868,0.000000000000000E+000,7.518886353765021E-002,7.518886353765021E-002,7.518886353765021E-002,9.567709749201676E-002,2.084560181646811E-002,8.349244294370009E-002,0.293336593934840,0.313156206606818 
 06/01  02:00:00,0.534483002628688,3.19740929407358,0.000000000000000E+000,2.88408414878478,0.000000000000000E+000,7.940831019595483E-002,7.940831019595483E-002,7.940831019595483E-002,6.268500009708801E-002,1.365746438951277E-002,7.168462430934135E-002,0.289935589947189,0.293355044712051 
 06/01  03:00:00,0.525552748269796,3.29803785641373,0.000000000000000E+000,2.97998345271966,0.000000000000000E+000,8.204873304132976E-002,8.204873304132976E-002,8.204873304132976E-002,6.268500009708801E-002,1.365746438951277E-002,6.419515189025571E-002,0.285854385162011,0.298365407172374 
 06/01  04:00:00,0.524576486685037,3.37049331569716,0.000000000000000E+000,2.99745436449802,0.000000000000000E+000,8.252976463067778E-002,8.252976463067778E-002,8.252976463067778E-002,6.268500009708801E-002,1.365746438951277E-002,7.353604637693699E-002,0.275056197501220,0.354093709156374 
 06/01  05:00:00,0.569763503356174,3.52510783877424,0.000000000000000E+000,2.90510873770541,0.000000000000000E+000,7.998718619007388E-002,7.998718619007388E-002,7.998718619007388E-002,6.598421150843892E-002,1.437627849646360E-002,8.536320358615601E-002,0.306940609885441,0.598857733596090 
 06/01  06:00:00,0.692847439241744,3.87720581506092,0.000000000000000E+000,2.79676846596054,0.000000000000000E+000,7.700422263505605E-002,7.700422263505605E-002,7.700422263505605E-002,8.907869138789609E-002,1.940797724511937E-002,0.135604843471835,0.354639690812237,1.05601057798435 
 06/01  07:00:00,0.854150814234757,3.51495193482410,0.000000000000000E+000,2.30713414820483,0.000000000000000E+000,6.352298152656985E-002,6.352298152656985E-002,6.352298152656985E-002,0.141866023813768,3.090899202867384E-002,0.208909549344490,0.376831241831655,1.18186251220397 
 06/01  08:00:00,0.789193379546174,3.18436471683318,0.000000000000000E+000,2.01334691690345,0.000000000000000E+000,5.543405402262718E-002,5.543405402262718E-002,5.543405402262718E-002,0.105574748444651,2.300204777987350E-002,0.269481467066278,0.318589048543143,1.14907411463323 
 06/01  09:00:00,0.733541462362437,2.61258915308380,0.000000000000000E+000,1.54526640597673,0.000000000000000E+000,4.254626001564162E-002,4.254626001564162E-002,4.254626001564162E-002,5.938579704502768E-002,1.293865028256194E-002,0.330413698414181,0.271145042915422,1.04864689645039 
 06/01  10:00:00,0.735398763405865,2.04211902686811,0.000000000000000E+000,1.09307981585969,0.000000000000000E+000,3.009607785656913E-002,3.009607785656913E-002,3.009607785656913E-002,5.278737422232559E-002,1.150102206866029E-002,0.346380350176442,0.277521925392267,0.929924135265744 
 06/01  11:00:00,0.735135115158899,1.55244759123894,0.000000000000000E+000,0.709338329514740,0.000000000000000E+000,1.953041423140186E-002,1.953041423140186E-002,1.953041423140186E-002,4.948816281097469E-002,1.078220978298593E-002,0.360615364151980,0.277606950491958,0.823988329647047 
 06/01  12:00:00,0.712420043914024,1.19938328627101,0.000000000000000E+000,0.439416112934862,0.000000000000000E+000,1.209856897404833E-002,1.209856897404833E-002,1.209856897404833E-002,4.948816281097469E-002,1.078220978298593E-002,0.350008518647474,0.272930570008939,0.741168339655392 
 06/01  13:00:00,0.680751038097173,0.783293788968522,0.000000000000000E+000,7.178284280231358E-002,0.000000000000000E+000,1.976417453143781E-003,1.976417453143781E-003,1.976417453143781E-003,4.948816281097469E-002,1.078220978298593E-002,0.319023878285798,0.282368356074668,0.692062059358174 
 06/01  14:00:00,0.669879915097603,0.663783096242530,0.000000000000000E+000,0.000000000000000E+000,0.000000000000000E+000,0.000000000000000E+000,0.000000000000000E+000,0.000000000000000E+000,4.948816281097469E-002,1.078220978298593E-002,0.294229479097109,0.298268049716935,0.643239074886740 
 06/01  15:00:00,0.697274475541306,0.671013802589124,0.000000000000000E+000,0.000000000000000E+000,0.000000000000000E+000,0.000000000000000E+000,0.000000000000000E+000,0.000000000000000E+000,5.278737422232559E-002,1.150102206866029E-002,0.301026121403993,0.314847944156729,0.649327796009735 
 06/01  16:00:00,0.796427565451873,0.733976707062924,0.000000000000000E+000,0.000000000000000E+000,0.000000000000000E+000,0.000000000000000E+000,0.000000000000000E+000,0.000000000000000E+000,5.278737422232559E-002,1.150102206866029E-002,0.342617218823578,0.372409936647711,0.708325962040586 
 06/01  17:00:00,0.968838852951159,0.865694305894260,0.000000000000000E+000,0.000000000000000E+000,0.000000000000000E+000,0.000000000000000E+000,0.000000000000000E+000,0.000000000000000E+000,6.598421150843892E-002,1.437627849646360E-002,0.418947793799472,0.452418555457185,0.834532750126255 
 06/01  18:00:00,1.04896284021680,0.984683630635635,0.000000000000000E+000,0.000000000000000E+000,0.000000000000000E+000,0.000000000000000E+000,0.000000000000000E+000,0.000000000000000E+000,0.105574748444651,2.300204777987350E-002,0.382084005386279,0.491190000916397,0.950851586344758 
 06/01  19:00:00,1.08796679217883,1.00457689600207,0.000000000000000E+000,0.000000000000000E+000,0.000000000000000E+000,0.000000000000000E+000,0.000000000000000E+000,0.000000000000000E+000,0.204551090785182,4.456647098839826E-002,0.314732547256681,0.507004669458972,0.969655573497913 
 06/01  20:00:00,1.26935481212760,0.936642895433245,0.000000000000000E+000,0.000000000000000E+000,0.000000000000000E+000,0.000000000000000E+000,0.000000000000000E+000,0.000000000000000E+000,0.366212416504218,7.978833673111832E-002,0.281807230306979,0.524434814895680,0.900521024360690 
 06/01  21:00:00,1.44320011876366,0.851671799855322,0.000000000000000E+000,0.000000000000000E+000,0.000000000000000E+000,0.000000000000000E+000,0.000000000000000E+000,0.000000000000000E+000,0.531172903478863,0.115729042078660,0.266994958976403,0.512191200540138,0.816393240947887 
 06/01  22:00:00,1.21925276557481,0.712562411856432,0.000000000000000E+000,0.000000000000000E+000,0.000000000000000E+000,0.000000000000000E+000,0.000000000000000E+000,0.000000000000000E+000,0.445393456939481,9.703988622559687E-002,0.216471564029606,0.443235844690528,0.682033340212263 
 06/01  23:00:00,0.926919237370416,0.563304861906854,0.000000000000000E+000,0.000000000000000E+000,0.000000000000000E+000,0.000000000000000E+000,0.000000000000000E+000,0.000000000000000E+000,0.310125839229834,6.756850055550720E-002,0.146949182294076,0.385163701601401,0.536775666712518 
 06/01  24:00:00,0.626482336121673,0.404790342238090,0.000000000000000E+000,0.000000000000000E+000,0.000000000000000E+000,0.000000000000000E+000,0.000000000000000E+000,0.000000000000000E+000,0.158362080870523,3.450306256342797E-002,9.791613045497836E-002,0.318589048543143,0.382846656941580 
 06/02  01:00:00,0.511458183130639,0.369080800250182,0.000000000000000E+000,3.611749422504865E-002,0.000000000000000E+000,9.944332540129611E-004,9.944332540129611E-004,9.944332540129611E-004,9.567709749201676E-002,2.084560181646811E-002,8.349244294370009E-002,0.293336593934840,0.312758952069184 
 06/02  02:00:00,0.468086985593036,0.786311771039830,0.000000000000000E+000,0.472602279917146,0.000000000000000E+000,1.301229316030498E-002,1.301229316030498E-002,1.301229316030498E-002,6.268500009708801E-002,1.365746438951277E-002,7.168462430934135E-002,0.289935589947189,0.293739390545930 
 06/02  03:00:00,0.469327229972778,1.25644301796900,0.000000000000000E+000,0.937890809298792,0.000000000000000E+000,2.582321474431118E-002,2.582321474431118E-002,2.582321474431118E-002,6.268500009708801E-002,1.365746438951277E-002,6.419515189025571E-002,0.285854385162011,0.298863212148498 
 06/02  04:00:00,0.477814170585036,1.67228101464273,0.000000000000000E+000,1.29906216484460,0.000000000000000E+000,3.576744853067954E-002,3.576744853067954E-002,3.576744853067954E-002,6.268500009708801E-002,1.365746438951277E-002,7.353604637693699E-002,0.275056197501220,0.354273607755379 
 06/02  05:00:00,0.531300336687388,2.12722047587914,0.000000000000000E+000,1.50813896177427,0.000000000000000E+000,4.152401952128792E-002,4.152401952128792E-002,4.152401952128792E-002,6.598421150843892E-002,1.437627849646360E-002,8.536320358615601E-002,0.306940609885441,0.597940146632121 
 06/02  06:00:00,0.657234435763083,2.58082190190750,0.000000000000000E+000,1.50331569546382,0.000000000000000E+000,4.139121915639606E-002,4.139121915639606E-002,4.139121915639606E-002,8.907869138789609E-002,1.940797724511937E-002,0.135604843471835,0.354639690812237,1.05307943532765 
 06/02  07:00:00,0.828965310376062,2.59653602377522,0.000000000000000E+000,1.39240479206089,0.000000000000000E+000,3.833747766787342E-002,3.833747766787342E-002,3.833747766787342E-002,0.141866023813768,3.090899202867384E-002,0.208909549344490,0.376831241831655,1.17817595729904 
 06/02  08:00:00,0.769464734939670,2.46375098026569,0.000000000000000E+000,1.29680892426493,0.000000000000000E+000,3.570540941612329E-002,3.570540941612329E-002,3.570540941612329E-002,0.105574748444651,2.300204777987350E-002,0.269481467066278,0.318589048543143,1.14499837070425 
 06/02  09:00:00,0.717649246158421,2.03116954699811,0.000000000000000E+000,0.968066252366218,0.000000000000000E+000,2.665404381162818E-002,2.665404381162818E-002,2.665404381162818E-002,5.938579704502768E-002,1.293865028256194E-002,0.330413698414181,0.271145042915422,1.04442744397521 
 06/02  10:00:00,0.714641492147834,1.28404885205732,0.000000000000000E+000,0.339182435855282,0.000000000000000E+000,9.338806598539940E-003,9.338806598539940E-003,9.338806598539940E-003,5.278737422232559E-002,1.150102206866029E-002,0.346380350176442,0.277521925392267,0.925751340459366 
 06/02  11:00:00,0.715604700927497,0.839263098602131,0.000000000000000E+000,0.000000000000000E+000,0.000000000000000E+000,0.000000000000000E+000,0.000000000000000E+000,0.000000000000000E+000,4.948816281097469E-002,1.078220978298593E-002,0.360615364151980,0.277606950491958,0.820142166524978 
 06/02  12:00:00,0.700321474939976,0.756429486917514,0.000000000000000E+000,0.000000000000000E+000,0.000000000000000E+000,0.000000000000000E+000,0.000000000000000E+000,0.000000000000000E+000,4.948816281097469E-002,1.078220978298593E-002,0.350008518647474,0.272930570008939,0.737630653236759 
 06/02  13:00:00,0.678774620644029,0.707821679211262,0.000000000000000E+000,0.000000000000000E+000,0.000000000000000E+000,0.000000000000000E+000,0.000000000000000E+000,0.000000000000000E+000,4.948816281097469E-002,1.078220978298593E-002,0.319023878285798,0.282368356074668,0.688372792403229 
 06/02  14:00:00,0.669879915097603,0.659922821217290,0.000000000000000E+000,0.000000000000000E+000,0.000000000000000E+000,0.000000000000000E+000,0.000000000000000E+000,0.000000000000000E+000,4.948816281097469E-002,1.078220978298593E-002,0.294229479097109,0.298268049716935,0.639378799861500 
 06/02  15:00:00,0.697274475541306,0.667168324785591,0.000000000000000E+000,0.000000000000000E+000,0.000000000000000E+000,0.000000000000000E+000,0.000000000000000E+000,0.000000000000000E+000,5.278737422232559E-002,1.150102206866029E-002,0.301026121403993,0.314847944156729,0.645482318206205 
 06/02  16:00:00,0.796427565451873,0.729867123483498,0.000000000000000E+000,0.000000000000000E+000,0.000000000000000E+000,0.000000000000000E+000,0.000000000000000E+000,0.000000000000000E+000,5.278737422232559E-002,1.150102206866029E-002,0.342617218823578,0.372409936647711,0.704216378461160 
 06/02  17:00:00,0.968838852951159,0.860886174500080,0.000000000000000E+000,0.000000000000000E+000,0.000000000000000E+000,0.000000000000000E+000,0.000000000000000E+000,0.000000000000000E+000,6.598421150843892E-002,1.437627849646360E-002,0.418947793799472,0.452418555457185,0.829724618732075 
 06/02  18:00:00,1.04896284021680,0.979550613398514,0.000000000000000E+000,0.000000000000000E+000,0.000000000000000E+000,0.000000000000000E+000,0.000000000000000E+000,0.000000000000000E+000,0.105574748444651,2.300204777987350E-002,0.382084005386279,0.491190000916397,0.945718569107636 
 06/02  19:00:00,1.08796679217883,0.999376431197094,0.000000000000000E+000,0.000000000000000E+000,0.000000000000000E+000,0.000000000000000E+000,0.000000000000000E+000,0.000000000000000E+000,0.204551090785182,4.456647098839826E-002,0.314732547256681,0.507004669458972,0.964455108692939 
 06/02  20:00:00,1.26935481212760,0.931651487459760,0.000000000000000E+000,0.000000000000000E+000,0.000000000000000E+000,0.000000000000000E+000,0.000000000000000E+000,0.000000000000000E+000,0.366212416504218,7.978833673111832E-002,0.281807230306979,0.524434814895680,0.895529616387206 
 06/02  21:00:00,1.44320011876366,0.846958369238328,0.000000000000000E+000,0.000000000000000E+000,0.000000000000000E+000,0.000000000000000E+000,0.000000000000000E+000,0.000000000000000E+000,0.531172903478863,0.115729042078660,0.266994958976403,0.512191200540138,0.811679810330895 
 06/02  22:00:00,1.21925276557481,0.708235797332376,0.000000000000000E+000,0.000000000000000E+000,0.000000000000000E+000,0.000000000000000E+000,0.000000000000000E+000,0.000000000000000E+000,0.445393456939481,9.703988622559687E-002,0.216471564029606,0.443235844690528,0.677706725688208 
 06/02  23:00:00,0.926919237370416,0.559409191508276,0.000000000000000E+000,0.000000000000000E+000,0.000000000000000E+000,0.000000000000000E+000,0.000000000000000E+000,0.000000000000000E+000,0.310125839229834,6.756850055550720E-002,0.146949182294076,0.385163701601401,0.532879996313939 
 06/02  24:00:00,0.626482336121673,0.401333744251205,0.000000000000000E+000,0.000000000000000E+000,0.000000000000000E+000,0.000000000000000E+000,0.000000000000000E+000,0.000000000000000E+000,0.158362080870523,3.450306256342797E-002,9.791613045497836E-002,0.318589048543143,0.379390058954699 
 06/03  01:00:00,0.514410777109587,0.336725848251527,0.000000000000000E+000,0.000000000000000E+000,0.000000000000000E+000,0.000000000000000E+000,0.000000000000000E+000,0.000000000000000E+000,9.567709749201676E-002,2.084560181646811E-002,8.743947017666101E-002,0.293336593934840,0.316521494295576 
 06/03  02:00:00,0.457685932948953,0.315700446292566,0.000000000000000E+000,0.000000000000000E+000,0.000000000000000E+000,0.000000000000000E+000,0.000000000000000E+000,0.000000000000000E+000,6.268500009708801E-002,1.365746438951277E-002,7.429586482556264E-002,0.289935589947189,0.295730345715815 
 06/03  03:00:00,0.444869420492766,0.321336509798855,0.000000000000000E+000,0.000000000000000E+000,0.000000000000000E+000,0.000000000000000E+000,0.000000000000000E+000,0.000000000000000E+000,6.268500009708801E-002,1.365746438951277E-002,6.556055715455404E-002,0.285854385162011,0.301647513277143 
 06/03  04:00:00,0.445894881737142,0.425039736552042,0.000000000000000E+000,4.274832951533431E-002,0.000000000000000E+000,1.177001930385027E-003,1.177001930385027E-003,1.177001930385027E-003,6.268500009708801E-002,1.365746438951277E-002,7.620720412933703E-002,0.275056197501220,0.363346164993952 
 06/03  05:00:00,0.504221535217244,1.02528341007140,0.000000000000000E+000,0.375854979039676,0.000000000000000E+000,1.034852217361700E-002,1.034852217361700E-002,1.034852217361700E-002,6.598421150843892E-002,1.437627849646360E-002,8.945989946368259E-002,0.306940609885441,0.628287063558976 
 06/03  06:00:00,0.646442220795974,1.87486461724187,0.000000000000000E+000,0.725430461039210,0.000000000000000E+000,1.997348347137105E-002,1.997348347137105E-002,1.997348347137105E-002,8.907869138789609E-002,1.940797724511937E-002,0.146230364189749,0.354639690812237,1.12500738508664 
 06/03  07:00:00,0.828042025797277,1.88227626703119,0.000000000000000E+000,0.590296957689899,0.000000000000000E+000,1.625281424043004E-002,1.625281424043004E-002,1.625281424043004E-002,0.141866023813768,3.090899202867384E-002,0.230070928193149,0.376831241831655,1.26602403492599 
 06/03  08:00:00,0.782351933088296,1.84569875180011,0.000000000000000E+000,0.586754571865026,0.000000000000000E+000,1.615528072271568E-002,1.615528072271568E-002,1.615528072271568E-002,0.105574748444651,2.300204777987350E-002,0.301918793908311,0.318589048543143,1.23700049463858 
 06/03  09:00:00,0.744874272064785,1.46912406960320,0.000000000000000E+000,0.321355599166129,0.000000000000000E+000,8.847975227263407E-003,8.847975227263407E-003,8.847975227263407E-003,5.938579704502768E-002,1.293865028256194E-002,0.375444792904911,0.271145042915422,1.12909261978040 
 06/03  10:00:00,0.756218955571578,1.01727223033856,0.000000000000000E+000,0.000000000000000E+000,0.000000000000000E+000,0.000000000000000E+000,0.000000000000000E+000,0.000000000000000E+000,5.278737422232559E-002,1.150102206866029E-002,0.397296620198725,0.277521925392267,0.998157154595890 
 06/03  11:00:00,0.768093502437519,0.898675616130082,0.000000000000000E+000,0.000000000000000E+000,0.000000000000000E+000,0.000000000000000E+000,0.000000000000000E+000,0.000000000000000E+000,4.948816281097469E-002,1.078220978298593E-002,0.413104165661999,0.277606950491958,0.879554684052926 
 06/03  12:00:00,0.748132019279470,0.807142972015736,0.000000000000000E+000,0.000000000000000E+000,0.000000000000000E+000,0.000000000000000E+000,0.000000000000000E+000,0.000000000000000E+000,4.948816281097469E-002,1.078220978298593E-002,0.397819062986971,0.272930570008939,0.788344138334981 
 06/03  13:00:00,0.722362688029174,0.751279484080576,0.000000000000000E+000,0.000000000000000E+000,0.000000000000000E+000,0.000000000000000E+000,0.000000000000000E+000,0.000000000000000E+000,4.948816281097469E-002,1.078220978298593E-002,0.362611945670944,0.282368356074668,0.731830597272543 
 06/03  14:00:00,0.709005518573267,0.698945219829767,0.000000000000000E+000,0.000000000000000E+000,0.000000000000000E+000,0.000000000000000E+000,0.000000000000000E+000,0.000000000000000E+000,4.948816281097469E-002,1.078220978298593E-002,0.333355082572772,0.298268049716935,0.678401198473977 
 06/03  15:00:00,0.734333478043748,0.705881590120951,0.000000000000000E+000,0.000000000000000E+000,0.000000000000000E+000,0.000000000000000E+000,0.000000000000000E+000,0.000000000000000E+000,5.278737422232559E-002,1.150102206866029E-002,0.338085123906433,0.314847944156729,0.684195583541562 
 06/03  16:00:00,0.842494849711349,0.778045994371220,0.000000000000000E+000,0.000000000000000E+000,7.788750397676249E-003,2.360585879740615E-003,1.014933627741689E-002,2.360585879740615E-003,5.278737422232559E-002,1.150102206866029E-002,0.378535166805636,0.372409936647711,0.752395249348882 
 06/03  17:00:00,1.23684378940612,0.919428161261529,0.000000000000000E+000,0.000000000000000E+000,0.178037804694201,5.461517326403088E-002,0.232652977958232,5.461517326403088E-002,6.598421150843892E-002,1.437627849646360E-002,0.454299752296194,0.452418555457185,0.888266605493524 
 06/03  18:00:00,1.41187516016427,1.05623163554183,0.000000000000000E+000,0.000000000000000E+000,0.250818208438261,7.778376852140782E-002,0.328601976959668,7.778376852140782E-002,0.105574748444651,2.300204777987350E-002,0.416394348374079,0.491190000916397,1.02239959125095 
 06/03  19:00:00,1.41642284371293,1.08577639744480,0.000000000000000E+000,0.000000000000000E+000,0.222015024620138,7.219624532460867E-002,0.294211269944747,7.219624532460867E-002,0.204551090785182,4.456647098839826E-002,0.348977328846029,0.507004669458972,1.05085507494065 
 06/03  20:00:00,1.50938131422584,1.01401391337777,0.000000000000000E+000,0.000000000000000E+000,0.153047295558775,5.212380832758941E-002,0.205171103886365,5.212380832758941E-002,0.366212416504218,7.978833673111832E-002,0.316662628518856,0.524434814895680,0.977892042305216 
 06/03  21:00:00,1.58507194823897,0.915634876623124,0.000000000000000E+000,0.000000000000000E+000,7.845728067554793E-002,2.780766284596776E-002,0.106264943521516,2.780766284596776E-002,0.531172903478863,0.115729042078660,0.302601844930188,0.512191200540138,0.880356317715688 
 06/03  22:00:00,1.24754600013365,0.761873305096684,0.000000000000000E+000,0.000000000000000E+000,0.000000000000000E+000,0.000000000000000E+000,0.000000000000000E+000,0.000000000000000E+000,0.445393456939481,9.703988622559687E-002,0.244764798588447,0.443235844690528,0.731344233452519 
 06/03  23:00:00,0.942454095134062,0.592096263088898,0.000000000000000E+000,0.000000000000000E+000,0.000000000000000E+000,0.000000000000000E+000,0.000000000000000E+000,0.000000000000000E+000,0.310125839229834,6.756850055550720E-002,0.162484040057721,0.385163701601401,0.565567067894562 
 06/03  24:00:00,0.633056024457420,0.412394979763470,0.000000000000000E+000,0.000000000000000E+000,0.000000000000000E+000,0.000000000000000E+000,0.000000000000000E+000,0.000000000000000E+000,0.158362080870523,3.450306256342797E-002,0.104489818790726,0.318589048543143,0.390451294466963 
 06/04  01:00:00,0.514410777109587,0.334544886747709,0.000000000000000E+000,0.000000000000000E+000,0.000000000000000E+000,0.000000000000000E+000,0.000000000000000E+000,0.000000000000000E+000,9.567709749201676E-002,2.084560181646811E-002,8.743947017666101E-002,0.293336593934840,0.314340532791756 
 06/04  02:00:00,0.457685932948953,0.313522746846702,0.000000000000000E+000,0.000000000000000E+000,0.000000000000000E+000,0.000000000000000E+000,0.000000000000000E+000,0.000000000000000E+000,6.268500009708801E-002,1.365746438951277E-002,7.429586482556264E-002,0.289935589947189,0.293552646269949 
 06/04  03:00:00,0.444869420492766,0.319136564955731,0.000000000000000E+000,0.000000000000000E+000,0.000000000000000E+000,0.000000000000000E+000,0.000000000000000E+000,0.000000000000000E+000,6.268500009708801E-002,1.365746438951277E-002,6.556055715455404E-002,0.285854385162011,0.299447568434019 
 06/04  04:00:00,0.444717879806758,0.379804995024395,0.000000000000000E+000,0.000000000000000E+000,0.000000000000000E+000,0.000000000000000E+000,0.000000000000000E+000,0.000000000000000E+000,6.268500009708801E-002,1.365746438951277E-002,7.620720412933703E-002,0.275056197501220,0.360859752981641 
 06/04  05:00:00,0.493873013043628,0.645978046190857,0.000000000000000E+000,0.000000000000000E+000,0.000000000000000E+000,0.000000000000000E+000,0.000000000000000E+000,0.000000000000000E+000,6.598421150843892E-002,1.437627849646360E-002,8.945989946368259E-002,0.306940609885441,0.624836678718107 
 06/04  06:00:00,0.627730959625494,1.18895755093260,0.000000000000000E+000,4.441855268539872E-002,0.000000000000000E+000,1.262222300892127E-003,1.262222300892127E-003,1.262222300892127E-003,8.907869138789609E-002,1.940797724511937E-002,0.146230364189749,0.354639690812237,1.12011222713118 
 06/04  07:00:00,0.812693940431513,1.31897277318508,0.000000000000000E+000,3.198262994153404E-002,0.000000000000000E+000,9.047288746647623E-004,9.047288746647623E-004,9.047288746647623E-004,0.141866023813768,3.090899202867384E-002,0.230070928193149,0.376831241831655,1.26103486882825 
 06/04  08:00:00,0.768740912775038,1.34455760972119,0.000000000000000E+000,9.035610286531308E-002,0.000000000000000E+000,2.544260409458813E-003,2.544260409458813E-003,2.544260409458813E-003,0.105574748444651,2.300204777987350E-002,0.301918793908311,0.318589048543143,1.23225782155937 
 06/04  09:00:00,0.736026296837522,1.14342235408275,0.000000000000000E+000,0.000000000000000E+000,0.000000000000000E+000,0.000000000000000E+000,0.000000000000000E+000,0.000000000000000E+000,5.938579704502768E-002,1.293865028256194E-002,0.375444792904911,0.271145042915422,1.12474650342608 
 06/04  10:00:00,0.756218955571578,1.01335178201167,0.000000000000000E+000,0.000000000000000E+000,0.000000000000000E+000,0.000000000000000E+000,0.000000000000000E+000,0.000000000000000E+000,5.278737422232559E-002,1.150102206866029E-002,0.397296620198725,0.277521925392267,0.994236706268998 
 06/04  11:00:00,0.768093502437519,0.894962874759988,0.000000000000000E+000,0.000000000000000E+000,0.000000000000000E+000,0.000000000000000E+000,0.000000000000000E+000,0.000000000000000E+000,4.948816281097469E-002,1.078220978298593E-002,0.413104165661999,0.277606950491958,0.875841942682835 
 06/04  12:00:00,0.748132019279470,0.803832725498341,0.000000000000000E+000,0.000000000000000E+000,0.000000000000000E+000,0.000000000000000E+000,0.000000000000000E+000,0.000000000000000E+000,4.948816281097469E-002,1.078220978298593E-002,0.397819062986971,0.272930570008939,0.785033891817586 
 06/04  13:00:00,0.722362688029174,0.748177752302076,0.000000000000000E+000,0.000000000000000E+000,0.000000000000000E+000,0.000000000000000E+000,0.000000000000000E+000,0.000000000000000E+000,4.948816281097469E-002,1.078220978298593E-002,0.362611945670944,0.282368356074668,0.728728865494043 
 06/04  14:00:00,0.709005518573267,0.695969932728815,0.000000000000000E+000,0.000000000000000E+000,0.000000000000000E+000,0.000000000000000E+000,0.000000000000000E+000,0.000000000000000E+000,4.948816281097469E-002,1.078220978298593E-002,0.333355082572772,0.298268049716935,0.675425911373022 
 06/04  15:00:00,0.734333478043748,0.702836910849296,0.000000000000000E+000,0.000000000000000E+000,0.000000000000000E+000,0.000000000000000E+000,0.000000000000000E+000,0.000000000000000E+000,5.278737422232559E-002,1.150102206866029E-002,0.338085123906433,0.314847944156729,0.681150904269910 
 06/04  16:00:00,0.832345513433931,0.774783612891778,0.000000000000000E+000,0.000000000000000E+000,0.000000000000000E+000,0.000000000000000E+000,0.000000000000000E+000,0.000000000000000E+000,5.278737422232559E-002,1.150102206866029E-002,0.378535166805636,0.372409936647711,0.749132867869440 
 06/04  17:00:00,1.18246806332512,0.915621341628123,0.000000000000000E+000,0.000000000000000E+000,0.136215441238816,4.206181063842103E-002,0.178277251877237,4.206181063842103E-002,6.598421150843892E-002,1.437627849646360E-002,0.454299752296194,0.452418555457185,0.884459785860121 
 06/04  18:00:00,1.32715647246487,1.05217671477332,0.000000000000000E+000,0.000000000000000E+000,0.186150413003379,5.773287625689128E-002,0.243883289260270,5.773287625689128E-002,0.105574748444651,2.300204777987350E-002,0.416394348374079,0.491190000916397,1.01834467048244 
 06/04  19:00:00,1.39056863300828,1.08154532100533,0.000000000000000E+000,0.000000000000000E+000,0.202807781363433,6.554927787666229E-002,0.268357059240095,6.554927787666229E-002,0.204551090785182,4.456647098839826E-002,0.348977328846029,0.507004669458972,1.04662399850117 
 06/04  20:00:00,1.54527532549078,1.00989633864297,0.000000000000000E+000,0.000000000000000E+000,0.180520207734545,6.054490741676274E-002,0.241065115151307,6.054490741676274E-002,0.366212416504218,7.978833673111832E-002,0.316662628518856,0.524434814895680,0.973774467570420 
 06/04  21:00:00,1.65644590240473,0.911791051870758,0.000000000000000E+000,0.000000000000000E+000,0.131804409027138,4.583448866014104E-002,0.177638897687279,4.583448866014104E-002,0.531172903478863,0.115729042078660,0.302601844930188,0.512191200540138,0.876512492963322 
 06/04  22:00:00,1.33008556165773,0.758380638442767,0.000000000000000E+000,0.000000000000000E+000,6.104634286224911E-002,2.149321866183184E-002,8.253956152408083E-002,2.149321866183184E-002,0.445393456939481,9.703988622559687E-002,0.244764798588447,0.443235844690528,0.727851566798599 
 06/04  23:00:00,0.942454095134062,0.588972016493300,0.000000000000000E+000,0.000000000000000E+000,0.000000000000000E+000,0.000000000000000E+000,0.000000000000000E+000,0.000000000000000E+000,0.310125839229834,6.756850055550720E-002,0.162484040057721,0.385163701601401,0.562442821298964 
 06/04  24:00:00,0.633056024457420,0.409580198508902,0.000000000000000E+000,0.000000000000000E+000,0.000000000000000E+000,0.000000000000000E+000,0.000000000000000E+000,0.000000000000000E+000,0.158362080870523,3.450306256342797E-002,0.104489818790726,0.318589048543143,0.387636513212396 
 06/05  01:00:00,0.510463749876626,0.325127141515686,0.000000000000000E+000,0.000000000000000E+000,0.000000000000000E+000,0.000000000000000E+000,0.000000000000000E+000,0.000000000000000E+000,9.567709749201676E-002,2.084560181646811E-002,8.349244294370009E-002,0.293336593934840,0.304922787559735 
 06/05  02:00:00,0.455074692432732,0.306467699294566,0.000000000000000E+000,0.000000000000000E+000,0.000000000000000E+000,0.000000000000000E+000,0.000000000000000E+000,0.000000000000000E+000,6.268500009708801E-002,1.365746438951277E-002,7.168462430934135E-002,0.289935589947189,0.286497598717815 
 06/05  03:00:00,0.443504015228467,0.312094441958445,0.000000000000000E+000,0.000000000000000E+000,0.000000000000000E+000,0.000000000000000E+000,0.000000000000000E+000,0.000000000000000E+000,6.268500009708801E-002,1.365746438951277E-002,6.419515189025571E-002,0.285854385162011,0.292405445436733 
 06/05  04:00:00,0.442046722054359,0.366657796033122,0.000000000000000E+000,0.000000000000000E+000,0.000000000000000E+000,0.000000000000000E+000,0.000000000000000E+000,0.000000000000000E+000,6.268500009708801E-002,1.365746438951277E-002,7.353604637693699E-002,0.275056197501220,0.347712553990368 
 06/05  05:00:00,0.489776317166101,0.610692490970341,0.000000000000000E+000,0.000000000000000E+000,0.000000000000000E+000,0.000000000000000E+000,0.000000000000000E+000,0.000000000000000E+000,6.598421150843892E-002,1.437627849646360E-002,8.536320358615601E-002,0.306940609885441,0.589551123497591 
 06/05  06:00:00,0.619081391851473,1.17912984877352,0.000000000000000E+000,0.113657971867394,0.000000000000000E+000,3.238175244784401E-003,3.238175244784401E-003,3.238175244784401E-003,8.907869138789609E-002,1.940797724511937E-002,0.135604843471835,0.354639690812237,1.04104510579010 
 06/05  07:00:00,0.794517270269399,1.32885739963246,0.000000000000000E+000,0.137684518014156,0.000000000000000E+000,3.889437561211310E-003,3.889437561211310E-003,3.889437561211310E-003,0.141866023813768,3.090899202867384E-002,0.208909549344490,0.376831241831655,1.16521760720301 
 06/05  08:00:00,0.746458741542460,1.61158471625094,0.000000000000000E+000,0.457153493475719,0.000000000000000E+000,1.269941601891133E-002,1.269941601891133E-002,1.269941601891133E-002,0.105574748444651,2.300204777987350E-002,0.269481467066278,0.318589048543143,1.13248753747872 
 06/05  09:00:00,0.708898899626460,1.70144123413208,0.000000000000000E+000,0.649869208894323,0.000000000000000E+000,1.790369727966798E-002,1.790369727966798E-002,1.790369727966798E-002,5.938579704502768E-002,1.293865028256194E-002,0.330413698414181,0.271145042915422,1.03289617458108 
 06/05  10:00:00,0.730545851087263,1.85099884923382,0.000000000000000E+000,0.916823609689612,0.000000000000000E+000,2.524316553796927E-002,2.524316553796927E-002,2.524316553796927E-002,5.278737422232559E-002,1.150102206866029E-002,0.346380350176442,0.277521925392267,0.915060163801532 
 06/05  11:00:00,0.736129087000810,1.57410136751514,0.000000000000000E+000,0.745439065401445,0.000000000000000E+000,2.052438607331275E-002,2.052438607331275E-002,2.052438607331275E-002,4.948816281097469E-002,1.078220978298593E-002,0.360615364151980,0.277606950491958,0.809541370036536 
 06/05  12:00:00,0.717868797506965,1.38382367980047,0.000000000000000E+000,0.637313081517368,0.000000000000000E+000,1.754732256699052E-002,1.754732256699052E-002,1.754732256699052E-002,4.948816281097469E-002,1.078220978298593E-002,0.350008518647474,0.272930570008939,0.727711764602346 
 06/05  13:00:00,0.693697345402460,1.24066239281989,0.000000000000000E+000,0.541988537802478,0.000000000000000E+000,1.492272475843167E-002,1.492272475843167E-002,1.492272475843167E-002,4.948816281097469E-002,1.078220978298593E-002,0.319023878285798,0.282368356074668,0.679224968209376 
 06/05  14:00:00,0.680785531612379,1.04769509743957,0.000000000000000E+000,0.396088465368155,0.000000000000000E+000,1.090561651477709E-002,1.090561651477709E-002,1.090561651477709E-002,4.948816281097469E-002,1.078220978298593E-002,0.294229479097109,0.298268049716935,0.631062610715629 
 06/05  15:00:00,0.705977464883445,0.975144087764918,0.000000000000000E+000,0.316089758701077,0.000000000000000E+000,8.702989342136792E-003,8.702989342136792E-003,8.702989342136792E-003,5.278737422232559E-002,1.150102206866029E-002,0.301026121403993,0.314847944156729,0.637368322484453 
 06/05  16:00:00,0.797168891133286,0.748353862248275,0.000000000000000E+000,2.692470903325760E-002,0.000000000000000E+000,7.413256814124539E-004,7.413256814124539E-004,7.413256814124539E-004,5.278737422232559E-002,1.150102206866029E-002,0.342617218823578,0.372409936647711,0.695778408192678 
 06/05  17:00:00,0.968838852951159,0.851806928880140,0.000000000000000E+000,0.000000000000000E+000,0.000000000000000E+000,0.000000000000000E+000,0.000000000000000E+000,0.000000000000000E+000,6.598421150843892E-002,1.437627849646360E-002,0.418947793799472,0.452418555457185,0.820645373112137 
 06/05  18:00:00,1.04896284021680,0.969572573398577,0.000000000000000E+000,0.000000000000000E+000,0.000000000000000E+000,0.000000000000000E+000,0.000000000000000E+000,0.000000000000000E+000,0.105574748444651,2.300204777987350E-002,0.382084005386279,0.491190000916397,0.935740529107697 
 06/05  19:00:00,1.08796679217883,0.989527115730359,0.000000000000000E+000,0.000000000000000E+000,0.000000000000000E+000,0.000000000000000E+000,0.000000000000000E+000,0.000000000000000E+000,0.204551090785182,4.456647098839826E-002,0.314732547256681,0.507004669458972,0.954605793226204 
 06/05  20:00:00,1.26935481212760,0.922745556474827,0.000000000000000E+000,0.000000000000000E+000,0.000000000000000E+000,0.000000000000000E+000,0.000000000000000E+000,0.000000000000000E+000,0.366212416504218,7.978833673111832E-002,0.281807230306979,0.524434814895680,0.886623685402275 
 06/05  21:00:00,1.44320011876366,0.839196454396985,0.000000000000000E+000,0.000000000000000E+000,0.000000000000000E+000,0.000000000000000E+000,0.000000000000000E+000,0.000000000000000E+000,0.531172903478863,0.115729042078660,0.266994958976403,0.512191200540138,0.803917895489549 
 06/05  22:00:00,1.22204096400932,0.803405088814112,0.000000000000000E+000,0.101266465547259,0.000000000000000E+000,2.788198434505796E-003,2.788198434505796E-003,2.788198434505796E-003,0.445393456939481,9.703988622559687E-002,0.216471564029606,0.443235844690528,0.671609551622689 
 06/05  23:00:00,0.944843205221809,1.20591213778130,0.000000000000000E+000,0.650992716454529,0.000000000000000E+000,1.792396785139225E-002,1.792396785139225E-002,1.792396785139225E-002,0.310125839229834,6.756850055550720E-002,0.146949182294076,0.385163701601401,0.528390226132440 
 06/05  24:00:00,0.663353619041004,1.73716140102821,0.000000000000000E+000,1.33915307290369,0.000000000000000E+000,3.687128291933107E-002,3.687128291933107E-002,3.687128291933107E-002,0.158362080870523,3.450306256342797E-002,9.791613045497836E-002,0.318589048543143,0.376064642828012 
 06/06  01:00:00,0.563858084680393,2.26562086679288,0.000000000000000E+000,1.93926497443968,0.000000000000000E+000,5.339433480376839E-002,5.339433480376839E-002,5.339433480376839E-002,9.567709749201676E-002,2.084560181646811E-002,8.349244294370009E-002,0.293336593934840,0.306151538397254 
 06/06  02:00:00,0.523188869065502,2.78024043204707,0.000000000000000E+000,2.47388486984966,0.000000000000000E+000,6.811417663277076E-002,6.811417663277076E-002,6.811417663277076E-002,6.268500009708801E-002,1.365746438951277E-002,7.168462430934135E-002,0.289935589947189,0.286385461620650 
 06/06  03:00:00,0.524125696858400,3.23928363298181,0.000000000000000E+000,2.92815340691021,0.000000000000000E+000,8.062168162993454E-002,8.062168162993454E-002,8.062168162993454E-002,6.268500009708801E-002,1.365746438951277E-002,6.419515189025571E-002,0.285854385162011,0.291441229549880 
 06/06  04:00:00,0.531772970521633,3.62375892762546,0.000000000000000E+000,3.25882833038272,0.000000000000000E+000,8.972624846727580E-002,8.972624846727580E-002,8.972624846727580E-002,6.268500009708801E-002,1.365746438951277E-002,7.353604637693699E-002,0.275056197501220,0.345985355199985 
 06/06  05:00:00,0.584989754181340,4.06534274261381,0.000000000000000E+000,3.45812124410328,0.000000000000000E+000,9.521343701524063E-002,9.521343701524063E-002,9.521343701524063E-002,6.598421150843892E-002,1.437627849646360E-002,8.536320358615601E-002,0.306940609885441,0.586080131037780 
 06/06  06:00:00,0.710707646021426,4.50545036142566,0.000000000000000E+000,3.44544540090837,0.000000000000000E+000,9.486442941473698E-002,9.486442941473698E-002,9.486442941473698E-002,8.907869138789609E-002,1.940797724511937E-002,0.135604843471835,0.354639690812237,1.03557818940127 
 06/06  07:00:00,0.877354826728630,4.33464051596586,0.000000000000000E+000,3.14989637871498,0.000000000000000E+000,8.672699402044359E-002,8.672699402044359E-002,8.672699402044359E-002,0.141866023813768,3.090899202867384E-002,0.208909549344490,0.376831241831655,1.15878886283558 
 06/06  08:00:00,0.811479297212068,3.97066552800794,0.000000000000000E+000,2.82276424013720,0.000000000000000E+000,7.771997168852011E-002,7.771997168852011E-002,7.771997168852011E-002,0.105574748444651,2.300204777987350E-002,0.269481467066278,0.318589048543143,1.12595760257422 
 06/06  09:00:00,0.751664071406129,3.24897797780322,0.000000000000000E+000,2.20347370630285,0.000000000000000E+000,6.066886905933447E-002,6.066886905933447E-002,6.066886905933447E-002,5.938579704502768E-002,1.293865028256194E-002,0.330413698414181,0.271145042915422,1.02682842084369 
 06/06  10:00:00,0.750607661560185,2.57459928400216,0.000000000000000E+000,1.64546207886366,0.000000000000000E+000,4.530497601089126E-002,4.530497601089126E-002,4.530497601089126E-002,5.278737422232559E-002,1.150102206866029E-002,0.346380350176442,0.277521925392267,0.910022129395827 
 06/06  11:00:00,0.740802337745910,1.74018636207138,0.000000000000000E+000,0.915170021317509,0.000000000000000E+000,2.519763681841244E-002,2.519763681841244E-002,2.519763681841244E-002,4.948816281097469E-002,1.078220978298593E-002,0.360615364151980,0.277606950491958,0.805895408676714 
 06/06  12:00:00,0.710668162912662,1.11955199859594,0.000000000000000E+000,0.375788361454946,0.000000000000000E+000,1.034668797268531E-002,1.034668797268531E-002,1.034668797268531E-002,4.948816281097469E-002,1.078220978298593E-002,0.350008518647474,0.272930570008939,0.724964803460237 
 06/06  13:00:00,0.678774620644029,0.696540048053112,0.000000000000000E+000,0.000000000000000E+000,0.000000000000000E+000,0.000000000000000E+000,0.000000000000000E+000,0.000000000000000E+000,4.948816281097469E-002,1.078220978298593E-002,0.319023878285798,0.282368356074668,0.677091161245079 
 06/06  14:00:00,0.669879915097603,0.649794848192752,0.000000000000000E+000,0.000000000000000E+000,0.000000000000000E+000,0.000000000000000E+000,0.000000000000000E+000,0.000000000000000E+000,4.948816281097469E-002,1.078220978298593E-002,0.294229479097109,0.298268049716935,0.629250826836961 
 06/06  15:00:00,0.697274475541306,0.656946434555961,0.000000000000000E+000,0.000000000000000E+000,0.000000000000000E+000,0.000000000000000E+000,0.000000000000000E+000,0.000000000000000E+000,5.278737422232559E-002,1.150102206866029E-002,0.301026121403993,0.314847944156729,0.635260427976572 
 06/06  16:00:00,0.796427565451873,0.718887174103004,0.000000000000000E+000,0.000000000000000E+000,0.000000000000000E+000,0.000000000000000E+000,0.000000000000000E+000,0.000000000000000E+000,5.278737422232559E-002,1.150102206866029E-002,0.342617218823578,0.372409936647711,0.693236429080666 
 06/06  17:00:00,0.968838852951159,0.848482573518057,0.000000000000000E+000,0.000000000000000E+000,0.000000000000000E+000,0.000000000000000E+000,0.000000000000000E+000,0.000000000000000E+000,6.598421150843892E-002,1.437627849646360E-002,0.418947793799472,0.452418555457185,0.817321017750052 
 06/06  18:00:00,1.04896284021680,0.965613317471817,0.000000000000000E+000,0.000000000000000E+000,0.000000000000000E+000,0.000000000000000E+000,0.000000000000000E+000,0.000000000000000E+000,0.105574748444651,2.300204777987350E-002,0.382084005386279,0.491190000916397,0.931781273180939 
 06/06  19:00:00,1.08796679217883,0.985356835850035,0.000000000000000E+000,0.000000000000000E+000,0.000000000000000E+000,0.000000000000000E+000,0.000000000000000E+000,0.000000000000000E+000,0.204551090785182,4.456647098839826E-002,0.314732547256681,0.507004669458972,0.950435513345880 
 06/06  20:00:00,1.26935481212760,0.918673802471298,0.000000000000000E+000,0.000000000000000E+000,0.000000000000000E+000,0.000000000000000E+000,0.000000000000000E+000,0.000000000000000E+000,0.366212416504218,7.978833673111832E-002,0.281807230306979,0.524434814895680,0.882551931398747 
 06/06  21:00:00,1.44320011876366,0.835198615959094,0.000000000000000E+000,0.000000000000000E+000,0.000000000000000E+000,0.000000000000000E+000,0.000000000000000E+000,0.000000000000000E+000,0.531172903478863,0.115729042078660,0.266994958976403,0.512191200540138,0.799920057051659 
 06/06  22:00:00,1.21925276557481,0.698203922463286,0.000000000000000E+000,0.000000000000000E+000,0.000000000000000E+000,0.000000000000000E+000,0.000000000000000E+000,0.000000000000000E+000,0.445393456939481,9.703988622559687E-002,0.216471564029606,0.443235844690528,0.667674850819120 
 06/06  23:00:00,0.926919237370416,0.551272487867799,0.000000000000000E+000,0.000000000000000E+000,0.000000000000000E+000,0.000000000000000E+000,0.000000000000000E+000,0.000000000000000E+000,0.310125839229834,6.756850055550720E-002,0.146949182294076,0.385163701601401,0.524743292673462 
 06/06  24:00:00,0.626482336121673,0.395074652635808,0.000000000000000E+000,0.000000000000000E+000,0.000000000000000E+000,0.000000000000000E+000,0.000000000000000E+000,0.000000000000000E+000,0.158362080870523,3.450306256342797E-002,9.791613045497836E-002,0.318589048543143,0.373130967339299 
 06/07  01:00:00,0.510463749876626,0.324175916413303,0.000000000000000E+000,0.000000000000000E+000,0.000000000000000E+000,0.000000000000000E+000,0.000000000000000E+000,0.000000000000000E+000,9.567709749201676E-002,2.084560181646811E-002,8.349244294370009E-002,0.293336593934840,0.303971562457353 
 06/07  02:00:00,0.455074692432732,0.305354800738187,0.000000000000000E+000,0.000000000000000E+000,0.000000000000000E+000,0.000000000000000E+000,0.000000000000000E+000,0.000000000000000E+000,6.268500009708801E-002,1.365746438951277E-002,7.168462430934135E-002,0.289935589947189,0.285384700161436 
 06/07  03:00:00,0.443504015228467,0.310708802166043,0.000000000000000E+000,0.000000000000000E+000,0.000000000000000E+000,0.000000000000000E+000,0.000000000000000E+000,0.000000000000000E+000,6.268500009708801E-002,1.365746438951277E-002,6.419515189025571E-002,0.285854385162011,0.291019805644330 
 06/07  04:00:00,0.443824959937645,0.429765964517458,0.000000000000000E+000,6.458502490865442E-002,0.000000000000000E+000,1.778237883288121E-003,1.778237883288121E-003,1.778237883288121E-003,6.268500009708801E-002,1.365746438951277E-002,7.353604637693699E-002,0.275056197501220,0.346235697566048 
 06/07  05:00:00,0.499665222813461,0.966728531779812,0.000000000000000E+000,0.359161855427957,0.000000000000000E+000,9.888905647359522E-003,9.888905647359522E-003,9.888905647359522E-003,6.598421150843892E-002,1.437627849646360E-002,8.536320358615601E-002,0.306940609885441,0.586425308879105 
 06/07  06:00:00,0.637781341705635,1.85595321731511,0.000000000000000E+000,0.796785609664689,0.000000000000000E+000,2.193812509894557E-002,2.193812509894557E-002,2.193812509894557E-002,8.907869138789609E-002,1.940797724511937E-002,0.135604843471835,0.354639690812237,1.03474083653440 
 06/07  07:00:00,0.816256960527435,2.11481925924610,0.000000000000000E+000,0.930841634940562,0.000000000000000E+000,2.562912781924713E-002,2.562912781924713E-002,2.562912781924713E-002,0.141866023813768,3.090899202867384E-002,0.208909549344490,0.376831241831655,1.15802234989024 
 06/07  08:00:00,0.759770706342248,2.09145021082639,0.000000000000000E+000,0.944724940275128,0.000000000000000E+000,2.601138081870168E-002,2.601138081870168E-002,2.601138081870168E-002,0.105574748444651,2.300204777987350E-002,0.269481467066278,0.318589048543143,1.12478158525475 
 06/07  09:00:00,0.718265641637262,2.03499860630681,0.000000000000000E+000,0.990453536839596,0.000000000000000E+000,2.727043929046884E-002,2.727043929046884E-002,2.727043929046884E-002,5.938579704502768E-002,1.293865028256194E-002,0.330413698414181,0.271145042915422,1.02586921881054 
 06/07  10:00:00,0.738644581154087,2.13912675439703,0.000000000000000E+000,1.21096686690504,0.000000000000000E+000,3.334189560479237E-002,3.334189560479237E-002,3.334189560479237E-002,5.278737422232559E-002,1.150102206866029E-002,0.346380350176442,0.277521925392267,0.909044811749320 
 06/07  11:00:00,0.739656957149526,1.69731640850967,0.000000000000000E+000,0.873570168428009,0.000000000000000E+000,2.405225622202892E-002,2.405225622202892E-002,2.405225622202892E-002,4.948816281097469E-002,1.078220978298593E-002,0.360615364151980,0.277606950491958,0.804625308004501 
 06/07  12:00:00,0.723211761715308,1.57367647495874,0.000000000000000E+000,0.831367813859311,0.000000000000000E+000,2.289028677533194E-002,2.289028677533194E-002,2.289028677533194E-002,4.948816281097469E-002,1.078220978298593E-002,0.350008518647474,0.272930570008939,0.723509827418677 
 06/07  13:00:00,0.695268295532489,1.29383328334108,0.000000000000000E+000,0.599044938541442,0.000000000000000E+000,1.649367488845947E-002,1.649367488845947E-002,1.649367488845947E-002,4.948816281097469E-002,1.078220978298593E-002,0.319023878285798,0.282368356074668,0.675339457991604 
 06/07  14:00:00,0.679397440317040,0.993583400713960,0.000000000000000E+000,0.345673438375635,0.000000000000000E+000,9.517525219435972E-003,9.517525219435972E-003,9.517525219435972E-003,4.948816281097469E-002,1.078220978298593E-002,0.294229479097109,0.298268049716935,0.627365940982532 
 06/07  15:00:00,0.697274475541306,0.655295505045021,0.000000000000000E+000,0.000000000000000E+000,0.000000000000000E+000,0.000000000000000E+000,0.000000000000000E+000,0.000000000000000E+000,5.278737422232559E-002,1.150102206866029E-002,0.301026121403993,0.314847944156729,0.633609498465632 
 06/07  16:00:00,0.796427565451873,0.717443876287264,0.000000000000000E+000,0.000000000000000E+000,0.000000000000000E+000,0.000000000000000E+000,0.000000000000000E+000,0.000000000000000E+000,5.278737422232559E-002,1.150102206866029E-002,0.342617218823578,0.372409936647711,0.691793131264926 
 06/07  17:00:00,0.968838852951159,0.847211141276835,0.000000000000000E+000,0.000000000000000E+000,0.000000000000000E+000,0.000000000000000E+000,0.000000000000000E+000,0.000000000000000E+000,6.598421150843892E-002,1.437627849646360E-002,0.418947793799472,0.452418555457185,0.816049585508829 
 06/07  18:00:00,1.04896284021680,0.964474297721310,0.000000000000000E+000,0.000000000000000E+000,0.000000000000000E+000,0.000000000000000E+000,0.000000000000000E+000,0.000000000000000E+000,0.105574748444651,2.300204777987350E-002,0.382084005386279,0.491190000916397,0.930642253430432 
 06/07  19:00:00,1.08796679217883,0.984318371796065,0.000000000000000E+000,0.000000000000000E+000,0.000000000000000E+000,0.000000000000000E+000,0.000000000000000E+000,0.000000000000000E+000,0.204551090785182,4.456647098839826E-002,0.314732547256681,0.507004669458972,0.949397049291910 
 06/07  20:00:00,1.26935481212760,0.917662658071145,0.000000000000000E+000,0.000000000000000E+000,0.000000000000000E+000,0.000000000000000E+000,0.000000000000000E+000,0.000000000000000E+000,0.366212416504218,7.978833673111832E-002,0.281807230306979,0.524434814895680,0.881540786998593 
 06/07  21:00:00,1.44320011876366,0.834233977932323,0.000000000000000E+000,0.000000000000000E+000,0.000000000000000E+000,0.000000000000000E+000,0.000000000000000E+000,0.000000000000000E+000,0.531172903478863,0.115729042078660,0.266994958976403,0.512191200540138,0.798955419024888 
 06/07  22:00:00,1.21925276557481,0.697926780468755,0.000000000000000E+000,0.000000000000000E+000,0.000000000000000E+000,0.000000000000000E+000,0.000000000000000E+000,0.000000000000000E+000,0.445393456939481,9.703988622559687E-002,0.216471564029606,0.443235844690528,0.667397708824587 
 06/07  23:00:00,0.934599425734915,0.830741965373846,0.000000000000000E+000,0.278941957926980,0.000000000000000E+000,7.680188364498859E-003,7.680188364498859E-003,7.680188364498859E-003,0.310125839229834,6.756850055550720E-002,0.146949182294076,0.385163701601401,0.525270812252530 
 06/07  24:00:00,0.651584126637912,1.30781175042688,0.000000000000000E+000,0.911688914615423,0.000000000000000E+000,2.510179051623679E-002,2.510179051623679E-002,2.510179051623679E-002,0.158362080870523,3.450306256342797E-002,9.791613045497836E-002,0.318589048543143,0.374179150514953 
 06/08  01:00:00,0.547573201982064,1.67286977719323,0.000000000000000E+000,1.34780330072850,0.000000000000000E+000,3.710945210543738E-002,3.710945210543738E-002,3.710945210543738E-002,9.567709749201676E-002,2.084560181646811E-002,8.349244294370009E-002,0.293336593934840,0.304862122508783 
 06/08  02:00:00,0.501382505564156,1.98752734447435,0.000000000000000E+000,1.68188479880325,0.000000000000000E+000,4.630781313142475E-002,4.630781313142475E-002,4.630781313142475E-002,6.268500009708801E-002,1.365746438951277E-002,7.168462430934135E-002,0.289935589947189,0.285672445094337 
 06/08  03:00:00,0.496546749514485,2.23632241111068,0.000000000000000E+000,1.92649495732875,0.000000000000000E+000,5.304273428601681E-002,5.304273428601681E-002,5.304273428601681E-002,6.268500009708801E-002,1.365746438951277E-002,6.419515189025571E-002,0.285854385162011,0.290138457260213 
 06/08  04:00:00,0.502879312966606,2.57282885026575,0.000000000000000E+000,2.20942003105946,0.000000000000000E+000,6.083259091224852E-002,6.083259091224852E-002,6.083259091224852E-002,6.268500009708801E-002,1.365746438951277E-002,7.353604637693699E-002,0.275056197501220,0.344463577163538 
 06/08  05:00:00,0.557058266318020,3.04846955014936,0.000000000000000E+000,2.44365863685486,0.000000000000000E+000,6.728194915191930E-002,6.728194915191930E-002,6.728194915191930E-002,6.598421150843892E-002,1.437627849646360E-002,8.536320358615601E-002,0.306940609885441,0.583669545821741 
 06/08  06:00:00,0.692693359079547,3.84564176287273,0.000000000000000E+000,2.79117232429302,0.000000000000000E+000,7.685014247285840E-002,7.685014247285840E-002,7.685014247285840E-002,8.907869138789609E-002,1.940797724511937E-002,0.135604843471835,0.354639690812237,1.03004266746368 
 06/08  07:00:00,0.864924531165357,3.87717898050837,0.000000000000000E+000,2.69843206332682,0.000000000000000E+000,7.429669845716982E-002,7.429669845716982E-002,7.429669845716982E-002,0.141866023813768,3.090899202867384E-002,0.208909549344490,0.376831241831655,1.15279164276626 
 06/08  08:00:00,0.812449770232982,4.00002077248350,0.000000000000000E+000,2.85801150644390,0.000000000000000E+000,7.869044470943430E-002,7.869044470943430E-002,7.869044470943430E-002,0.105574748444651,2.300204777987350E-002,0.269481467066278,0.318589048543143,1.12006558074308 
 06/08  09:00:00,0.775335540233116,4.10370284825351,0.000000000000000E+000,3.06321379967466,0.000000000000000E+000,8.434033788632216E-002,8.434033788632216E-002,8.434033788632216E-002,5.938579704502768E-002,1.293865028256194E-002,0.330413698414181,0.271145042915422,1.02181319792218 
 06/08  10:00:00,0.789697061305116,3.98964014044267,0.000000000000000E+000,3.06517643762108,0.000000000000000E+000,8.439437575581964E-002,8.439437575581964E-002,8.439437575581964E-002,5.278737422232559E-002,1.150102206866029E-002,0.346380350176442,0.277521925392267,0.905348627078911 
 06/08  11:00:00,0.802983031421664,3.99385406017936,0.000000000000000E+000,3.17355270882397,0.000000000000000E+000,8.737833049416736E-002,8.737833049416736E-002,8.737833049416736E-002,4.948816281097469E-002,1.078220978298593E-002,0.360615364151980,0.277606950491958,0.801180419278239 
 06/08  12:00:00,0.788559424302185,3.94362461078050,0.000000000000000E+000,3.20477378814429,0.000000000000000E+000,8.823794936221079E-002,8.823794936221079E-002,8.823794936221079E-002,4.948816281097469E-002,1.078220978298593E-002,0.350008518647474,0.272930570008939,0.720051988955441 
 06/08  13:00:00,0.769236386708100,3.97688161651400,0.000000000000000E+000,3.28554209166079,0.000000000000000E+000,9.046176606407134E-002,9.046176606407134E-002,9.046176606407134E-002,4.948816281097469E-002,1.078220978298593E-002,0.319023878285798,0.282368356074668,0.671890638045183 
 06/08  14:00:00,0.759950569627505,3.91598147906515,0.000000000000000E+000,3.27133704720988,0.000000000000000E+000,9.007065452990182E-002,9.007065452990182E-002,9.007065452990182E-002,4.948816281097469E-002,1.078220978298593E-002,0.294229479097109,0.298268049716935,0.624100410499487 
 06/08  15:00:00,0.787685032027741,3.93577767112417,0.000000000000000E+000,3.28368217636017,0.000000000000000E+000,9.041055648643372E-002,9.041055648643372E-002,9.041055648643372E-002,5.278737422232559E-002,1.150102206866029E-002,0.301026121403993,0.314847944156729,0.630409488184643 
 06/08  16:00:00,0.883427938417816,3.87369719898522,0.000000000000000E+000,3.15982541361545,0.000000000000000E+000,8.700037296594186E-002,8.700037296594186E-002,8.700037296594186E-002,5.278737422232559E-002,1.150102206866029E-002,0.342617218823578,0.372409936647711,0.688221040347439 
 06/08  17:00:00,1.05367448792270,3.92405638860821,0.000000000000000E+000,3.08120282965018,0.000000000000000E+000,8.483563497154119E-002,8.483563497154119E-002,8.483563497154119E-002,6.598421150843892E-002,1.437627849646360E-002,0.418947793799472,0.452418555457185,0.811692003190041 
 06/08  18:00:00,1.13090752152467,3.93595858506502,0.000000000000000E+000,2.97620432740647,0.000000000000000E+000,8.194468130786538E-002,8.194468130786538E-002,8.194468130786538E-002,0.105574748444651,2.300204777987350E-002,0.382084005386279,0.491190000916397,0.925922213367678 
 06/08  19:00:00,1.17071857150140,3.98513974938739,0.000000000000000E+000,3.00551786631668,0.000000000000000E+000,8.275177932256911E-002,8.275177932256911E-002,8.275177932256911E-002,0.204551090785182,4.456647098839826E-002,0.314732547256681,0.507004669458972,0.944700560566572 
 06/08  20:00:00,1.35342575984307,3.96660469859605,0.000000000000000E+000,3.05342963577962,0.000000000000000E+000,8.407094771547270E-002,8.407094771547270E-002,8.407094771547270E-002,0.366212416504218,7.978833673111832E-002,0.281807230306979,0.524434814895680,0.877053191743867 
 06/08  21:00:00,1.52735900316820,3.88655137931456,0.000000000000000E+000,3.05662346789112,0.000000000000000E+000,8.415888440453560E-002,8.415888440453560E-002,8.415888440453560E-002,0.531172903478863,0.115729042078660,0.266994958976403,0.512191200540138,0.794649352516007 
 06/08  22:00:00,1.30977596202163,3.98172794574086,0.000000000000000E+000,3.28777322329786,0.000000000000000E+000,9.052319644681504E-002,9.052319644681504E-002,9.052319644681504E-002,0.445393456939481,9.703988622559687E-002,0.216471564029606,0.443235844690528,0.663425650798841 
 06/08  23:00:00,1.02639809992995,4.16097595286254,0.000000000000000E+000,3.61304012060062,0.000000000000000E+000,9.947886255953083E-002,9.947886255953083E-002,9.947886255953083E-002,0.310125839229834,6.756850055550720E-002,0.146949182294076,0.385163701601401,0.521406637067595 
 06/08  24:00:00,0.738577907269370,4.46372581922416,0.000000000000000E+000,4.07127489677415,0.000000000000000E+000,0.112095571147695,0.112095571147695,0.112095571147695,0.158362080870523,3.450306256342797E-002,9.791613045497836E-002,0.318589048543143,0.370507237153519 
 06/09  01:00:00,0.628979829327419,4.62634503375848,0.000000000000000E+000,4.30446568220221,0.000000000000000E+000,0.118516079450795,0.118516079450795,0.118516079450795,9.567709749201676E-002,2.084560181646811E-002,8.349244294370009E-002,0.293336593934840,0.301674997600333 
 06/09  02:00:00,0.576931791526203,4.72835730560835,0.000000000000000E+000,4.42581043526952,0.000000000000000E+000,0.121857099093471,0.121857099093471,0.121857099093471,6.268500009708801E-002,1.365746438951277E-002,7.168462430934135E-002,0.289935589947189,0.282576769762060 
 06/09  03:00:00,0.566552801637348,4.77633117134174,0.000000000000000E+000,4.46909213322029,0.000000000000000E+000,0.123048786408881,0.123048786408881,0.123048786408881,6.268500009708801E-002,1.365746438951277E-002,6.419515189025571E-002,0.285854385162011,0.287550041599727 
 06/09  04:00:00,0.565600936925849,4.84822647820916,0.000000000000000E+000,4.48744913154657,0.000000000000000E+000,0.123554214871491,0.123554214871491,0.123554214871491,6.268500009708801E-002,1.365746438951277E-002,7.353604637693699E-002,0.275056197501220,0.341832104619848 
 06/09  05:00:00,0.610114154520005,4.97207078523928,0.000000000000000E+000,4.37063134015816,0.000000000000000E+000,0.120337837353906,0.120337837353906,0.120337837353906,6.598421150843892E-002,1.437627849646360E-002,8.536320358615601E-002,0.306940609885441,0.580298077608357 
 06/09  06:00:00,0.728971662813616,5.15870325135663,0.000000000000000E+000,4.10878858493424,0.000000000000000E+000,0.113128446206929,0.113128446206929,0.113128446206929,8.907869138789609E-002,1.940797724511937E-002,0.135604843471835,0.354639690812237,1.02548789530636 
 06/09  07:00:00,0.893547552236639,4.91197072461613,0.000000000000000E+000,3.73801093307366,0.000000000000000E+000,0.102919719528451,0.102919719528451,0.102919719528451,0.141866023813768,3.090899202867384E-002,0.208909549344490,0.376831241831655,1.14800451712717 
 06/09  08:00:00,0.829983901109920,4.63256234685647,0.000000000000000E+000,3.49484547004425,0.000000000000000E+000,9.622457558637248E-002,9.622457558637248E-002,9.622457558637248E-002,0.105574748444651,2.300204777987350E-002,0.269481467066278,0.318589048543143,1.11577319151573 
 06/09  09:00:00,0.773417086868761,4.02988720518474,0.000000000000000E+000,2.99353619383384,0.000000000000000E+000,8.242188452196708E-002,8.242188452196708E-002,8.242188452196708E-002,5.938579704502768E-002,1.293865028256194E-002,0.330413698414181,0.271145042915422,1.01767516069423 
 06/09  10:00:00,0.780314884589247,3.64548212009464,0.000000000000000E+000,2.72441881312866,0.000000000000000E+000,7.501219903995204E-002,7.501219903995204E-002,7.501219903995204E-002,5.278737422232559E-002,1.150102206866029E-002,0.346380350176442,0.277521925392267,0.901948231223322 
 06/09  11:00:00,0.768051648740144,2.72251251452604,0.000000000000000E+000,1.90485618526993,0.000000000000000E+000,5.244694781264691E-002,5.244694781264691E-002,5.244694781264691E-002,4.948816281097469E-002,1.078220978298593E-002,0.360615364151980,0.277606950491958,0.798535397178959 
 06/09  12:00:00,0.739186875024452,2.14880157269898,0.000000000000000E+000,1.41157876352254,0.000000000000000E+000,3.886540008447742E-002,3.886540008447742E-002,3.886540008447742E-002,4.948816281097469E-002,1.078220978298593E-002,0.350008518647474,0.272930570008939,0.718423975495684 
 06/09  13:00:00,0.707394590688773,1.73014459222578,0.000000000000000E+000,1.03946805744960,0.000000000000000E+000,2.861997004474494E-002,2.861997004474494E-002,2.861997004474494E-002,4.948816281097469E-002,1.078220978298593E-002,0.319023878285798,0.282368356074668,0.671227647968144 
 06/09  14:00:00,0.688682270594553,1.32747618779445,0.000000000000000E+000,0.682895471705104,0.000000000000000E+000,1.880235549695058E-002,1.880235549695058E-002,1.880235549695058E-002,4.948816281097469E-002,1.078220978298593E-002,0.294229479097109,0.298268049716935,0.624036694733556 
 06/09  15:00:00,0.705067339109048,0.935143272607414,0.000000000000000E+000,0.283034284873983,0.000000000000000E+000,7.792863567740700E-003,7.792863567740700E-003,7.792863567740700E-003,5.278737422232559E-002,1.150102206866029E-002,0.301026121403993,0.314847944156729,0.630422981154045 
 06/09  16:00:00,0.796427565451873,0.713827213569961,0.000000000000000E+000,0.000000000000000E+000,0.000000000000000E+000,0.000000000000000E+000,0.000000000000000E+000,0.000000000000000E+000,5.278737422232559E-002,1.150102206866029E-002,0.342617218823578,0.372409936647711,0.688176468547623 
 06/09  17:00:00,0.968838852951159,0.843239337584178,0.000000000000000E+000,0.000000000000000E+000,0.000000000000000E+000,0.000000000000000E+000,0.000000000000000E+000,0.000000000000000E+000,6.598421150843892E-002,1.437627849646360E-002,0.418947793799472,0.452418555457185,0.812077781816172 
 06/09  18:00:00,1.04896284021680,0.959616658732124,0.000000000000000E+000,0.000000000000000E+000,0.000000000000000E+000,0.000000000000000E+000,0.000000000000000E+000,0.000000000000000E+000,0.105574748444651,2.300204777987350E-002,0.382084005386279,0.491190000916397,0.925784614441246 
 06/09  19:00:00,1.08796679217883,0.979512488523105,0.000000000000000E+000,0.000000000000000E+000,0.000000000000000E+000,0.000000000000000E+000,0.000000000000000E+000,0.000000000000000E+000,0.204551090785182,4.456647098839826E-002,0.314732547256681,0.507004669458972,0.944591166018948 
 06/09  20:00:00,1.26935481212760,0.913796929983754,0.000000000000000E+000,0.000000000000000E+000,0.000000000000000E+000,0.000000000000000E+000,0.000000000000000E+000,0.000000000000000E+000,0.366212416504218,7.978833673111832E-002,0.281807230306979,0.524434814895680,0.877675058911199 
 06/09  21:00:00,1.44320011876366,0.831247415651687,0.000000000000000E+000,0.000000000000000E+000,0.000000000000000E+000,0.000000000000000E+000,0.000000000000000E+000,0.000000000000000E+000,0.531172903478863,0.115729042078660,0.266994958976403,0.512191200540138,0.795968856744251 
 06/09  22:00:00,1.22954025176521,1.06948740946486,0.000000000000000E+000,0.373638171865593,0.000000000000000E+000,1.028748619039215E-002,1.028748619039215E-002,1.028748619039215E-002,0.445393456939481,9.703988622559687E-002,0.216471564029606,0.443235844690528,0.665320165955104 
 06/09  23:00:00,0.954906070178362,1.56668489276016,0.000000000000000E+000,1.01647271774083,0.000000000000000E+000,2.798683280794667E-002,2.798683280794667E-002,2.798683280794667E-002,0.310125839229834,6.756850055550720E-002,0.146949182294076,0.385163701601401,0.523682979824996 
 06/09  24:00:00,0.674820365128980,2.15080938976896,0.000000000000000E+000,1.75562158292304,0.000000000000000E+000,4.833802900730422E-002,4.833802900730422E-002,4.833802900730422E-002,0.158362080870523,3.450306256342797E-002,9.791613045497836E-002,0.318589048543143,0.373244121549414 
 06/10  01:00:00,0.577793767323113,2.63316885535164,0.000000000000000E+000,2.30204970898283,0.000000000000000E+000,6.338299021352743E-002,6.338299021352743E-002,6.338299021352743E-002,9.567709749201676E-002,2.084560181646811E-002,8.743947017666101E-002,0.293336593934840,0.310914792412860 
 06/10  02:00:00,0.532371335601158,3.02246297837159,0.000000000000000E+000,2.71254967399880,0.000000000000000E+000,7.468540265220459E-002,7.468540265220459E-002,7.468540265220459E-002,6.268500009708801E-002,1.365746438951277E-002,7.429586482556264E-002,0.289935589947189,0.289943203796019 
 06/10  03:00:00,0.527297611864163,3.30831385499524,0.000000000000000E+000,2.99376525656579,0.000000000000000E+000,8.242819137139812E-002,8.242819137139812E-002,8.242819137139812E-002,6.268500009708801E-002,1.365746438951277E-002,6.556055715455404E-002,0.285854385162011,0.294859601907748 
 06/10  04:00:00,0.532339589257311,3.55571576665823,0.000000000000000E+000,3.18239215382074,0.000000000000000E+000,8.762170945055425E-002,8.762170945055425E-002,8.762170945055425E-002,6.268500009708801E-002,1.365746438951277E-002,7.620720412933703E-002,0.275056197501220,0.354378370794728 
 06/10  05:00:00,0.583207044810652,3.87831404000661,0.000000000000000E+000,3.24458314665708,0.000000000000000E+000,8.933403176702463E-002,8.933403176702463E-002,8.933403176702463E-002,6.598421150843892E-002,1.437627849646360E-002,8.945989946368259E-002,0.306940609885441,0.612589525876768 
 06/10  06:00:00,0.720153264931484,4.52476592563893,0.000000000000000E+000,3.40259174878105,0.000000000000000E+000,9.368452760688267E-002,9.368452760688267E-002,9.368452760688267E-002,8.907869138789609E-002,1.940797724511937E-002,0.146230364189749,0.354639690812237,1.09774740574186 
 06/10  07:00:00,0.892482515734716,4.19206927946316,0.000000000000000E+000,2.93075471469128,0.000000000000000E+000,8.069330417786975E-002,8.069330417786975E-002,8.069330417786975E-002,0.141866023813768,3.090899202867384E-002,0.230070928193149,0.376831241831655,1.23535929035656 
 06/10  08:00:00,0.841291474880250,3.95661011745584,0.000000000000000E+000,2.72741967101318,0.000000000000000E+000,7.509482251466884E-002,7.509482251466884E-002,7.509482251466884E-002,0.105574748444651,2.300204777987350E-002,0.301918793908311,0.318589048543143,1.20724676114616 
 06/10  09:00:00,0.798879443390888,3.40356596666437,0.000000000000000E+000,2.28280595857640,0.000000000000000E+000,6.285314655336563E-002,6.285314655336563E-002,6.285314655336563E-002,5.938579704502768E-002,1.293865028256194E-002,0.375444792904911,0.271145042915422,1.10208415743128 
 06/10  10:00:00,0.809068782164905,2.91303684691681,0.000000000000000E+000,1.91948861230903,0.000000000000000E+000,5.284982659332689E-002,5.284982659332689E-002,5.284982659332689E-002,5.278737422232559E-002,1.150102206866029E-002,0.397296620198725,0.277521925392267,0.974433158865095 
 06/10  11:00:00,0.801490631229339,2.09096715342063,0.000000000000000E+000,1.21297291839766,0.000000000000000E+000,3.339712879182054E-002,3.339712879182054E-002,3.339712879182054E-002,4.948816281097469E-002,1.078220978298593E-002,0.413104165661999,0.277606950491958,0.858873302945820 
 06/10  12:00:00,0.768046975164014,1.51287956510685,0.000000000000000E+000,0.723304758011104,0.000000000000000E+000,1.991495588454199E-002,1.991495588454199E-002,1.991495588454199E-002,4.948816281097469E-002,1.078220978298593E-002,0.397819062986971,0.272930570008939,0.770775973414988 
 06/10  13:00:00,0.732515830853368,1.10475035662752,0.000000000000000E+000,0.368758864246658,0.000000000000000E+000,1.015314282419426E-002,1.015314282419426E-002,1.015314282419426E-002,4.948816281097469E-002,1.078220978298593E-002,0.362611945670944,0.282368356074668,0.716542605572829 
 06/10  14:00:00,0.709679933090653,0.710033595824556,0.000000000000000E+000,2.449451719229994E-002,0.000000000000000E+000,6.744145173870379E-004,6.744145173870379E-004,6.744145173870379E-004,4.948816281097469E-002,1.078220978298593E-002,0.333355082572772,0.298268049716935,0.664995057276465 
 06/10  15:00:00,0.734333478043748,0.692784018006793,0.000000000000000E+000,0.000000000000000E+000,0.000000000000000E+000,0.000000000000000E+000,0.000000000000000E+000,0.000000000000000E+000,5.278737422232559E-002,1.150102206866029E-002,0.338085123906433,0.314847944156729,0.671098011427405 
 06/10  16:00:00,0.832345513433931,0.763622036894996,0.000000000000000E+000,0.000000000000000E+000,0.000000000000000E+000,0.000000000000000E+000,0.000000000000000E+000,0.000000000000000E+000,5.278737422232559E-002,1.150102206866029E-002,0.378535166805636,0.372409936647711,0.737971291872658 
 06/10  17:00:00,1.00419081144788,0.902321121641845,0.000000000000000E+000,0.000000000000000E+000,0.000000000000000E+000,0.000000000000000E+000,0.000000000000000E+000,0.000000000000000E+000,6.598421150843892E-002,1.437627849646360E-002,0.454299752296194,0.452418555457185,0.871159565873840 
 06/10  18:00:00,1.08327318320460,1.03649821203727,0.000000000000000E+000,0.000000000000000E+000,0.000000000000000E+000,0.000000000000000E+000,0.000000000000000E+000,0.000000000000000E+000,0.105574748444651,2.300204777987350E-002,0.416394348374079,0.491190000916397,1.00266616774640 
 06/10  19:00:00,1.12221157376818,1.06555928473161,0.000000000000000E+000,0.000000000000000E+000,0.000000000000000E+000,0.000000000000000E+000,0.000000000000000E+000,0.000000000000000E+000,0.204551090785182,4.456647098839826E-002,0.348977328846029,0.507004669458972,1.03063796222745 
 06/10  20:00:00,1.30421021033948,0.995350705056974,0.000000000000000E+000,0.000000000000000E+000,0.000000000000000E+000,0.000000000000000E+000,0.000000000000000E+000,0.000000000000000E+000,0.366212416504218,7.978833673111832E-002,0.316662628518856,0.524434814895680,0.959228833984423 
 06/10  21:00:00,1.47880700471745,0.899098807195434,0.000000000000000E+000,0.000000000000000E+000,0.000000000000000E+000,0.000000000000000E+000,0.000000000000000E+000,0.000000000000000E+000,0.531172903478863,0.115729042078660,0.302601844930188,0.512191200540138,0.863820248287999 
 06/10  22:00:00,1.24754600013365,0.748721104798369,0.000000000000000E+000,0.000000000000000E+000,0.000000000000000E+000,0.000000000000000E+000,0.000000000000000E+000,0.000000000000000E+000,0.445393456939481,9.703988622559687E-002,0.244764798588447,0.443235844690528,0.718192033154203 
 06/10  23:00:00,0.942454095134062,0.582712132489700,0.000000000000000E+000,0.000000000000000E+000,0.000000000000000E+000,0.000000000000000E+000,0.000000000000000E+000,0.000000000000000E+000,0.310125839229834,6.756850055550720E-002,0.162484040057721,0.385163701601401,0.556182937295363 
 06/10  24:00:00,0.633056024457420,0.406886880137958,0.000000000000000E+000,0.000000000000000E+000,0.000000000000000E+000,0.000000000000000E+000,0.000000000000000E+000,0.000000000000000E+000,0.158362080870523,3.450306256342797E-002,0.104489818790726,0.318589048543143,0.384943194841448 
 06/11  01:00:00,0.520203555007694,0.541135598130160,0.000000000000000E+000,0.210391820102114,0.000000000000000E+000,5.792777898106611E-003,5.792777898106611E-003,5.792777898106611E-003,9.567709749201676E-002,2.084560181646811E-002,8.743947017666101E-002,0.293336593934840,0.310539424072096 
 06/11  02:00:00,0.475443639379032,0.955212398204354,0.000000000000000E+000,0.644954155394850,0.000000000000000E+000,1.775770643007889E-002,1.775770643007889E-002,1.775770643007889E-002,6.268500009708801E-002,1.365746438951277E-002,7.429586482556264E-002,0.289935589947189,0.290288142232753 
 06/11  03:00:00,0.469358715090477,1.20467981708405,0.000000000000000E+000,0.889443260911798,0.000000000000000E+000,2.448929459771320E-002,2.448929459771320E-002,2.448929459771320E-002,6.268500009708801E-002,1.365746438951277E-002,6.556055715455404E-002,0.285854385162011,0.295547559650539 
 06/11  04:00:00,0.476235345854544,1.51858626224249,0.000000000000000E+000,1.14470417534354,0.000000000000000E+000,3.151746604778655E-002,3.151746604778655E-002,3.151746604778655E-002,6.268500009708801E-002,1.365746438951277E-002,7.620720412933703E-002,0.275056197501220,0.354936844856193 
 06/11  05:00:00,0.527990620446453,1.87291001789031,0.000000000000000E+000,1.23914046857487,0.000000000000000E+000,3.411760740282631E-002,3.411760740282631E-002,3.411760740282631E-002,6.598421150843892E-002,1.437627849646360E-002,8.945989946368259E-002,0.306940609885441,0.612628181842695 
 06/11  06:00:00,0.661689262360661,2.39988517993874,0.000000000000000E+000,1.27919808037364,0.000000000000000E+000,3.522052503606054E-002,3.522052503606054E-002,3.522052503606054E-002,8.907869138789609E-002,1.940797724511937E-002,0.146230364189749,0.354639690812237,1.09626032844908 
 06/11  07:00:00,0.838244670399708,2.22033197746566,0.000000000000000E+000,0.960853710515128,0.000000000000000E+000,2.645545884285953E-002,2.645545884285953E-002,2.645545884285953E-002,0.141866023813768,3.090899202867384E-002,0.230070928193149,0.376831241831655,1.23352299253523 
 06/11  08:00:00,0.788312536775650,2.03051305786253,0.000000000000000E+000,0.803241770364330,0.000000000000000E+000,2.211588441006968E-002,2.211588441006968E-002,2.211588441006968E-002,0.105574748444651,2.300204777987350E-002,0.301918793908311,0.318589048543143,1.20532760220169 
 06/11  09:00:00,0.748187165124284,1.56073755230040,0.000000000000000E+000,0.441678803827427,0.000000000000000E+000,1.216086828676082E-002,1.216086828676082E-002,1.216086828676082E-002,5.938579704502768E-002,1.293865028256194E-002,0.375444792904911,0.271145042915422,1.10038289781630 
 06/11  10:00:00,0.756218955571578,0.992213666977335,0.000000000000000E+000,0.000000000000000E+000,0.000000000000000E+000,0.000000000000000E+000,0.000000000000000E+000,0.000000000000000E+000,5.278737422232559E-002,1.150102206866029E-002,0.397296620198725,0.277521925392267,0.973098591234661 
 06/11  11:00:00,0.768093502437519,0.877126774440994,0.000000000000000E+000,0.000000000000000E+000,0.000000000000000E+000,0.000000000000000E+000,0.000000000000000E+000,0.000000000000000E+000,4.948816281097469E-002,1.078220978298593E-002,0.413104165661999,0.277606950491958,0.858005842363839 
 06/11  12:00:00,0.748132019279470,0.788250936763581,0.000000000000000E+000,0.000000000000000E+000,0.000000000000000E+000,0.000000000000000E+000,0.000000000000000E+000,0.000000000000000E+000,4.948816281097469E-002,1.078220978298593E-002,0.397819062986971,0.272930570008939,0.769452103082826 
 06/11  13:00:00,0.722362688029174,0.734029110322843,0.000000000000000E+000,0.000000000000000E+000,0.000000000000000E+000,0.000000000000000E+000,0.000000000000000E+000,0.000000000000000E+000,4.948816281097469E-002,1.078220978298593E-002,0.362611945670944,0.282368356074668,0.714580223514810 
 06/11  14:00:00,0.709005518573267,0.683180085743818,0.000000000000000E+000,0.000000000000000E+000,0.000000000000000E+000,0.000000000000000E+000,0.000000000000000E+000,0.000000000000000E+000,4.948816281097469E-002,1.078220978298593E-002,0.333355082572772,0.298268049716935,0.662636064388027 
 06/11  15:00:00,0.734333478043748,0.689928164424151,0.000000000000000E+000,0.000000000000000E+000,0.000000000000000E+000,0.000000000000000E+000,0.000000000000000E+000,0.000000000000000E+000,5.278737422232559E-002,1.150102206866029E-002,0.338085123906433,0.314847944156729,0.668242157844762 
 06/11  16:00:00,0.832345513433931,0.760298166873583,0.000000000000000E+000,0.000000000000000E+000,0.000000000000000E+000,0.000000000000000E+000,0.000000000000000E+000,0.000000000000000E+000,5.278737422232559E-002,1.150102206866029E-002,0.378535166805636,0.372409936647711,0.734647421851242 
 06/11  17:00:00,1.08829246129975,0.898335594069703,0.000000000000000E+000,0.000000000000000E+000,6.382052702420771E-002,2.028112282765612E-002,8.410164985186383E-002,2.028112282765612E-002,6.598421150843892E-002,1.437627849646360E-002,0.454299752296194,0.452418555457185,0.867174038301701 
 06/11  18:00:00,1.20706323854153,1.03193577018561,0.000000000000000E+000,0.000000000000000E+000,9.410384097783005E-002,2.968621435909943E-002,0.123790055336929,2.968621435909943E-002,0.105574748444651,2.300204777987350E-002,0.416394348374079,0.491190000916397,0.998103725894734 
 06/11  19:00:00,1.28341957584264,1.06096064582420,0.000000000000000E+000,0.000000000000000E+000,0.120620955837212,4.058704623725046E-002,0.161208002074463,4.058704623725046E-002,0.204551090785182,4.456647098839826E-002,0.348977328846029,0.507004669458972,1.02603932332005 
 06/11  20:00:00,1.45559501763254,0.991146177574649,0.000000000000000E+000,0.000000000000000E+000,0.111542652187193,3.984215510586608E-002,0.151384807293059,3.984215510586608E-002,0.366212416504218,7.978833673111832E-002,0.316662628518856,0.524434814895680,0.955024306502095 
 06/11  21:00:00,1.56734641146537,0.895381224864637,0.000000000000000E+000,0.000000000000000E+000,6.440798962937742E-002,2.413141711854316E-002,8.853940674792041E-002,2.413141711854316E-002,0.531172903478863,0.115729042078660,0.302601844930188,0.512191200540138,0.860102665957202 
 06/11  22:00:00,1.25132881884421,0.745441567993344,0.000000000000000E+000,0.000000000000000E+000,2.747143885530725E-003,1.035674825022178E-003,3.782818710552908E-003,1.035674825022178E-003,0.445393456939481,9.703988622559687E-002,0.244764798588447,0.443235844690528,0.714912496349178 
 06/11  23:00:00,0.942454095134062,0.579817676274378,0.000000000000000E+000,0.000000000000000E+000,0.000000000000000E+000,0.000000000000000E+000,0.000000000000000E+000,0.000000000000000E+000,0.310125839229834,6.756850055550720E-002,0.162484040057721,0.385163701601401,0.553288481080042 
 06/11  24:00:00,0.633056024457420,0.404433214644046,0.000000000000000E+000,0.000000000000000E+000,0.000000000000000E+000,0.000000000000000E+000,0.000000000000000E+000,0.000000000000000E+000,0.158362080870523,3.450306256342797E-002,0.104489818790726,0.318589048543143,0.382489529347540 
 06/12  01:00:00,0.510463749876626,0.321695792463828,0.000000000000000E+000,0.000000000000000E+000,0.000000000000000E+000,0.000000000000000E+000,0.000000000000000E+000,0.000000000000000E+000,9.567709749201676E-002,2.084560181646811E-002,8.349244294370009E-002,0.293336593934840,0.301491438507877 
 06/12  02:00:00,0.455074692432732,0.303150810796691,0.000000000000000E+000,0.000000000000000E+000,0.000000000000000E+000,0.000000000000000E+000,0.000000000000000E+000,0.000000000000000E+000,6.268500009708801E-002,1.365746438951277E-002,7.168462430934135E-002,0.289935589947189,0.283180710219940 
 06/12  03:00:00,0.443504015228467,0.308450396659714,0.000000000000000E+000,0.000000000000000E+000,0.000000000000000E+000,0.000000000000000E+000,0.000000000000000E+000,0.000000000000000E+000,6.268500009708801E-002,1.365746438951277E-002,6.419515189025571E-002,0.285854385162011,0.288761400137999 
 06/12  04:00:00,0.442046722054359,0.361674019816476,0.000000000000000E+000,0.000000000000000E+000,0.000000000000000E+000,0.000000000000000E+000,0.000000000000000E+000,0.000000000000000E+000,6.268500009708801E-002,1.365746438951277E-002,7.353604637693699E-002,0.275056197501220,0.342728777773722 
 06/12  05:00:00,0.489776317166101,0.600438762477881,0.000000000000000E+000,0.000000000000000E+000,0.000000000000000E+000,0.000000000000000E+000,0.000000000000000E+000,0.000000000000000E+000,6.598421150843892E-002,1.437627849646360E-002,8.536320358615601E-002,0.306940609885441,0.579297395005134 
 06/12  06:00:00,0.615843216606688,1.04486818659236,0.000000000000000E+000,0.000000000000000E+000,0.000000000000000E+000,0.000000000000000E+000,0.000000000000000E+000,0.000000000000000E+000,8.907869138789609E-002,1.940797724511937E-002,0.135604843471835,0.354639690812237,1.02044141547633 
 06/12  07:00:00,0.790627832708188,1.16748689514537,0.000000000000000E+000,0.000000000000000E+000,0.000000000000000E+000,0.000000000000000E+000,0.000000000000000E+000,0.000000000000000E+000,0.141866023813768,3.090899202867384E-002,0.208909549344490,0.376831241831655,1.14153162073008 
 06/12  08:00:00,0.733759325523546,1.13126881179633,0.000000000000000E+000,0.000000000000000E+000,0.000000000000000E+000,0.000000000000000E+000,0.000000000000000E+000,0.000000000000000E+000,0.105574748444651,2.300204777987350E-002,0.269481467066278,0.318589048543143,1.10932512649982 
 06/12  09:00:00,0.690995202346795,1.03056094784633,0.000000000000000E+000,0.000000000000000E+000,0.000000000000000E+000,0.000000000000000E+000,0.000000000000000E+000,0.000000000000000E+000,5.938579704502768E-002,1.293865028256194E-002,0.330413698414181,0.271145042915422,1.01188509718966 
 06/12  10:00:00,0.705302685549294,0.915962819330661,0.000000000000000E+000,0.000000000000000E+000,0.000000000000000E+000,0.000000000000000E+000,0.000000000000000E+000,0.000000000000000E+000,5.278737422232559E-002,1.150102206866029E-002,0.346380350176442,0.277521925392267,0.896847743587987 
 06/12  11:00:00,0.715604700927497,0.813309729278488,0.000000000000000E+000,0.000000000000000E+000,0.000000000000000E+000,0.000000000000000E+000,0.000000000000000E+000,0.000000000000000E+000,4.948816281097469E-002,1.078220978298593E-002,0.360615364151980,0.277606950491958,0.794188797201332 
 06/12  12:00:00,0.700321474939976,0.732848570043820,0.000000000000000E+000,0.000000000000000E+000,0.000000000000000E+000,0.000000000000000E+000,0.000000000000000E+000,0.000000000000000E+000,4.948816281097469E-002,1.078220978298593E-002,0.350008518647474,0.272930570008939,0.714049736363065 
 06/12  13:00:00,0.678774620644029,0.685918445818787,0.000000000000000E+000,0.000000000000000E+000,0.000000000000000E+000,0.000000000000000E+000,0.000000000000000E+000,0.000000000000000E+000,4.948816281097469E-002,1.078220978298593E-002,0.319023878285798,0.282368356074668,0.666469559010754 
 06/12  14:00:00,0.669879915097603,0.639615341225516,0.000000000000000E+000,0.000000000000000E+000,0.000000000000000E+000,0.000000000000000E+000,0.000000000000000E+000,0.000000000000000E+000,4.948816281097469E-002,1.078220978298593E-002,0.294229479097109,0.298268049716935,0.619071319869726 
 06/12  15:00:00,0.697274475541306,0.646586902016686,0.000000000000000E+000,0.000000000000000E+000,0.000000000000000E+000,0.000000000000000E+000,0.000000000000000E+000,0.000000000000000E+000,5.278737422232559E-002,1.150102206866029E-002,0.301026121403993,0.314847944156729,0.624900895437300 
 06/12  16:00:00,0.796427565451873,0.707498330475439,0.000000000000000E+000,0.000000000000000E+000,0.000000000000000E+000,0.000000000000000E+000,0.000000000000000E+000,0.000000000000000E+000,5.278737422232559E-002,1.150102206866029E-002,0.342617218823578,0.372409936647711,0.681847585453101 
 06/12  17:00:00,0.968838852951159,0.834866565866638,0.000000000000000E+000,0.000000000000000E+000,0.000000000000000E+000,0.000000000000000E+000,0.000000000000000E+000,0.000000000000000E+000,6.598421150843892E-002,1.437627849646360E-002,0.418947793799472,0.452418555457185,0.803705010098633 
 06/12  18:00:00,1.04896284021680,0.950083731180866,0.000000000000000E+000,0.000000000000000E+000,0.000000000000000E+000,0.000000000000000E+000,0.000000000000000E+000,0.000000000000000E+000,0.105574748444651,2.300204777987350E-002,0.382084005386279,0.491190000916397,0.916251686889988 
 06/12  19:00:00,1.08796679217883,0.969667211407832,0.000000000000000E+000,0.000000000000000E+000,0.000000000000000E+000,0.000000000000000E+000,0.000000000000000E+000,0.000000000000000E+000,0.204551090785182,4.456647098839826E-002,0.314732547256681,0.507004669458972,0.934745888903677 
 06/12  20:00:00,1.26935481212760,0.904329904937531,0.000000000000000E+000,0.000000000000000E+000,0.000000000000000E+000,0.000000000000000E+000,0.000000000000000E+000,0.000000000000000E+000,0.366212416504218,7.978833673111832E-002,0.281807230306979,0.524434814895680,0.868208033864980 
 06/12  21:00:00,1.44320011876366,0.822528439268830,0.000000000000000E+000,0.000000000000000E+000,0.000000000000000E+000,0.000000000000000E+000,0.000000000000000E+000,0.000000000000000E+000,0.531172903478863,0.115729042078660,0.266994958976403,0.512191200540138,0.787249880361395 
 06/12  22:00:00,1.21925276557481,0.688373296575230,0.000000000000000E+000,0.000000000000000E+000,0.000000000000000E+000,0.000000000000000E+000,0.000000000000000E+000,0.000000000000000E+000,0.445393456939481,9.703988622559687E-002,0.216471564029606,0.443235844690528,0.657844224931062 
 06/12  23:00:00,0.926919237370416,0.544399544305323,0.000000000000000E+000,0.000000000000000E+000,0.000000000000000E+000,0.000000000000000E+000,0.000000000000000E+000,0.000000000000000E+000,0.310125839229834,6.756850055550720E-002,0.146949182294076,0.385163701601401,0.517870349110990 
 06/12  24:00:00,0.626482336121673,0.391328708187002,0.000000000000000E+000,0.000000000000000E+000,0.000000000000000E+000,0.000000000000000E+000,0.000000000000000E+000,0.000000000000000E+000,0.158362080870523,3.450306256342797E-002,9.791613045497836E-002,0.318589048543143,0.369385022890496 
 06/13  01:00:00,0.510463749876626,0.321902183753566,0.000000000000000E+000,0.000000000000000E+000,0.000000000000000E+000,0.000000000000000E+000,0.000000000000000E+000,0.000000000000000E+000,9.567709749201676E-002,2.084560181646811E-002,8.349244294370009E-002,0.293336593934840,0.301697829797615 
 06/13  02:00:00,0.455074692432732,0.303600440963731,0.000000000000000E+000,0.000000000000000E+000,0.000000000000000E+000,0.000000000000000E+000,0.000000000000000E+000,0.000000000000000E+000,6.268500009708801E-002,1.365746438951277E-002,7.168462430934135E-002,0.289935589947189,0.283630340386980 
 06/13  03:00:00,0.446749856343438,0.421508598251531,0.000000000000000E+000,0.112692706817029,0.000000000000000E+000,3.245841114972565E-003,3.245841114972565E-003,3.245841114972565E-003,6.268500009708801E-002,1.365746438951277E-002,6.419515189025571E-002,0.285854385162011,0.289126894912789 
 06/13  04:00:00,0.455639620472619,0.842999071784457,0.000000000000000E+000,0.481135859416230,0.000000000000000E+000,1.359289841826084E-002,1.359289841826084E-002,1.359289841826084E-002,6.268500009708801E-002,1.365746438951277E-002,7.353604637693699E-002,0.275056197501220,0.342917970325473 
 06/13  05:00:00,0.511200521668721,1.37083319155021,0.000000000000000E+000,0.771432194771254,0.000000000000000E+000,2.142420450261939E-002,2.142420450261939E-002,2.142420450261939E-002,6.598421150843892E-002,1.437627849646360E-002,8.536320358615601E-002,0.306940609885441,0.578259629306206 
 06/13  06:00:00,0.640277561577014,1.92935567051576,0.000000000000000E+000,0.887447508213633,0.000000000000000E+000,2.443434497032556E-002,2.443434497032556E-002,2.443434497032556E-002,8.907869138789609E-002,1.940797724511937E-002,0.135604843471835,0.354639690812237,1.01748139118611 
 06/13  07:00:00,0.816628372889876,2.10817080304908,0.000000000000000E+000,0.944331211844171,0.000000000000000E+000,2.600054018168645E-002,2.600054018168645E-002,2.600054018168645E-002,0.141866023813768,3.090899202867384E-002,0.208909549344490,0.376831241831655,1.13788431678961 
 06/13  08:00:00,0.764235522664107,2.23463621017229,0.000000000000000E+000,1.10688562533852,0.000000000000000E+000,3.047619714055821E-002,3.047619714055821E-002,3.047619714055821E-002,0.105574748444651,2.300204777987350E-002,0.269481467066278,0.318589048543143,1.10580689953726 
 06/13  09:00:00,0.726178885881880,2.30539827177295,0.000000000000000E+000,1.27786000897138,0.000000000000000E+000,3.518368353508709E-002,3.518368353508709E-002,3.518368353508709E-002,5.938579704502768E-002,1.293865028256194E-002,0.330413698414181,0.271145042915422,1.00886241214490 
 06/13  10:00:00,0.737886525416229,2.09626798888902,0.000000000000000E+000,1.18343452763146,0.000000000000000E+000,3.258383986693243E-002,3.258383986693243E-002,3.258383986693243E-002,5.278737422232559E-002,1.150102206866029E-002,0.346380350176442,0.277521925392267,0.893718385514889 
 06/13  11:00:00,0.731653776632825,1.39309342603197,0.000000000000000E+000,0.582897239976069,0.000000000000000E+000,1.604907570532874E-002,1.604907570532874E-002,1.604907570532874E-002,4.948816281097469E-002,1.078220978298593E-002,0.360615364151980,0.277606950491958,0.791075253978741 
 06/13  12:00:00,0.705829637494228,0.930556253860457,0.000000000000000E+000,0.200054682846755,0.000000000000000E+000,5.508162554252129E-003,5.508162554252129E-003,5.508162554252129E-003,4.948816281097469E-002,1.078220978298593E-002,0.350008518647474,0.272930570008939,0.711702737332946 
 06/13  13:00:00,0.678774620644029,0.684463580727401,0.000000000000000E+000,0.000000000000000E+000,0.000000000000000E+000,0.000000000000000E+000,0.000000000000000E+000,0.000000000000000E+000,4.948816281097469E-002,1.078220978298593E-002,0.319023878285798,0.282368356074668,0.665014693919368 
 06/13  14:00:00,0.669879915097603,0.638856095156637,0.000000000000000E+000,0.000000000000000E+000,0.000000000000000E+000,0.000000000000000E+000,0.000000000000000E+000,0.000000000000000E+000,4.948816281097469E-002,1.078220978298593E-002,0.294229479097109,0.298268049716935,0.618312073800847 
 06/13  15:00:00,0.697274475541306,0.646040869782318,0.000000000000000E+000,0.000000000000000E+000,0.000000000000000E+000,0.000000000000000E+000,0.000000000000000E+000,0.000000000000000E+000,5.278737422232559E-002,1.150102206866029E-002,0.301026121403993,0.314847944156729,0.624354863202930 
 06/13  16:00:00,0.796427565451873,0.706715474657130,0.000000000000000E+000,0.000000000000000E+000,0.000000000000000E+000,0.000000000000000E+000,0.000000000000000E+000,0.000000000000000E+000,5.278737422232559E-002,1.150102206866029E-002,0.342617218823578,0.372409936647711,0.681064729634792 
 06/13  17:00:00,0.968838852951159,0.833536846967905,0.000000000000000E+000,0.000000000000000E+000,0.000000000000000E+000,0.000000000000000E+000,0.000000000000000E+000,0.000000000000000E+000,6.598421150843892E-002,1.437627849646360E-002,0.418947793799472,0.452418555457185,0.802375291199900 
 06/13  18:00:00,1.04896284021680,0.948409126459664,0.000000000000000E+000,0.000000000000000E+000,0.000000000000000E+000,0.000000000000000E+000,0.000000000000000E+000,0.000000000000000E+000,0.105574748444651,2.300204777987350E-002,0.382084005386279,0.491190000916397,0.914577082168786 
 06/13  19:00:00,1.08796679217883,0.967867881111419,0.000000000000000E+000,0.000000000000000E+000,0.000000000000000E+000,0.000000000000000E+000,0.000000000000000E+000,0.000000000000000E+000,0.204551090785182,4.456647098839826E-002,0.314732547256681,0.507004669458972,0.932946558607264 
 06/13  20:00:00,1.26935481212760,0.902695678696868,0.000000000000000E+000,0.000000000000000E+000,0.000000000000000E+000,0.000000000000000E+000,0.000000000000000E+000,0.000000000000000E+000,0.366212416504218,7.978833673111832E-002,0.281807230306979,0.524434814895680,0.866573807624316 
 06/13  21:00:00,1.44320011876366,0.821059708704469,0.000000000000000E+000,0.000000000000000E+000,0.000000000000000E+000,0.000000000000000E+000,0.000000000000000E+000,0.000000000000000E+000,0.531172903478863,0.115729042078660,0.266994958976403,0.512191200540138,0.785781149797034 
 06/13  22:00:00,1.21925276557481,0.687529439928179,0.000000000000000E+000,0.000000000000000E+000,0.000000000000000E+000,0.000000000000000E+000,0.000000000000000E+000,0.000000000000000E+000,0.445393456939481,9.703988622559687E-002,0.216471564029606,0.443235844690528,0.657000368284013 
 06/13  23:00:00,0.926919237370416,0.544329674769280,0.000000000000000E+000,0.000000000000000E+000,0.000000000000000E+000,0.000000000000000E+000,0.000000000000000E+000,0.000000000000000E+000,0.310125839229834,6.756850055550720E-002,0.146949182294076,0.385163701601401,0.517800479574944 
 06/13  24:00:00,0.626482336121673,0.392032097908514,0.000000000000000E+000,0.000000000000000E+000,0.000000000000000E+000,0.000000000000000E+000,0.000000000000000E+000,0.000000000000000E+000,0.158362080870523,3.450306256342797E-002,9.791613045497836E-002,0.318589048543143,0.370088412612007 
 06/14  01:00:00,0.522300804188351,0.752846205109166,0.000000000000000E+000,0.429917984962896,0.000000000000000E+000,1.183705431172593E-002,1.183705431172593E-002,1.183705431172593E-002,9.567709749201676E-002,2.084560181646811E-002,8.349244294370009E-002,0.293336593934840,0.302723866190319 
 06/14  02:00:00,0.483311251785039,1.32971612481295,0.000000000000000E+000,1.02554270508024,0.000000000000000E+000,2.823655935230719E-002,2.823655935230719E-002,2.823655935230719E-002,6.268500009708801E-002,1.365746438951277E-002,7.168462430934135E-002,0.289935589947189,0.284203319155962 
 06/14  03:00:00,0.487638295964747,1.91171745374171,0.000000000000000E+000,1.60294280504669,0.000000000000000E+000,4.413428073627940E-002,4.413428073627940E-002,4.413428073627940E-002,6.268500009708801E-002,1.365746438951277E-002,6.419515189025571E-002,0.285854385162011,0.289085652173303 
 06/14  04:00:00,0.497979003033623,2.39249799095512,0.000000000000000E+000,2.03144235886150,0.000000000000000E+000,5.593228097926538E-002,5.593228097926538E-002,5.593228097926538E-002,6.268500009708801E-002,1.365746438951277E-002,7.353604637693699E-002,0.275056197501220,0.342110390050863 
 06/14  05:00:00,0.552502442577039,2.87543866730640,0.000000000000000E+000,2.27819259175715,0.000000000000000E+000,6.272612541093962E-002,6.272612541093962E-002,6.272612541093962E-002,6.598421150843892E-002,1.437627849646360E-002,8.536320358615601E-002,0.306940609885441,0.576104708076492 
 06/14  06:00:00,0.686884203133920,3.61837144253539,0.000000000000000E+000,2.58018565880097,0.000000000000000E+000,7.104098652723126E-002,7.104098652723126E-002,7.104098652723126E-002,8.907869138789609E-002,1.940797724511937E-002,0.135604843471835,0.354639690812237,1.01375901261841 
 06/14  07:00:00,0.848696569796585,3.26814106611234,0.000000000000000E+000,2.10903775389903,0.000000000000000E+000,5.806873708839583E-002,5.806873708839583E-002,5.806873708839583E-002,0.141866023813768,3.090899202867384E-002,0.208909549344490,0.376831241831655,1.13314803779802 
 06/14  08:00:00,0.782516132572330,2.89362638596387,0.000000000000000E+000,1.77083146597318,0.000000000000000E+000,4.875680704878388E-002,4.875680704878388E-002,4.875680704878388E-002,0.105574748444651,2.300204777987350E-002,0.269481467066278,0.318589048543143,1.10085123469419 
 06/14  09:00:00,0.725791520984177,2.28669939045897,0.000000000000000E+000,1.26379104114537,0.000000000000000E+000,3.479631863738292E-002,3.479631863738292E-002,3.479631863738292E-002,5.938579704502768E-002,1.293865028256194E-002,0.330413698414181,0.271145042915422,1.00423249865692 
 06/14  10:00:00,0.727753315974381,1.72513712324873,0.000000000000000E+000,0.815399637386013,0.000000000000000E+000,2.245063042508650E-002,2.245063042508650E-002,2.245063042508650E-002,5.278737422232559E-002,1.150102206866029E-002,0.346380350176442,0.277521925392267,0.890622410120047 
 06/14  11:00:00,0.727343831017819,1.23500236813387,0.000000000000000E+000,0.426361408906351,0.000000000000000E+000,1.173913009032189E-002,1.173913009032189E-002,1.173913009032189E-002,4.948816281097469E-002,1.078220978298593E-002,0.360615364151980,0.277606950491958,0.789520027150367 
 06/14  12:00:00,0.705948221937784,0.933525888053174,0.000000000000000E+000,0.204361631491210,0.000000000000000E+000,5.626746997809719E-003,5.626746997809719E-003,5.626746997809719E-003,4.948816281097469E-002,1.078220978298593E-002,0.350008518647474,0.272930570008939,0.710365422881211 
 06/14  13:00:00,0.678774620644029,0.683058776158148,0.000000000000000E+000,0.000000000000000E+000,0.000000000000000E+000,0.000000000000000E+000,0.000000000000000E+000,0.000000000000000E+000,4.948816281097469E-002,1.078220978298593E-002,0.319023878285798,0.282368356074668,0.663609889350117 
 06/14  14:00:00,0.669879915097603,0.637294471438544,0.000000000000000E+000,0.000000000000000E+000,0.000000000000000E+000,0.000000000000000E+000,0.000000000000000E+000,0.000000000000000E+000,4.948816281097469E-002,1.078220978298593E-002,0.294229479097109,0.298268049716935,0.616750450082751 
 06/14  15:00:00,0.697274475541306,0.644157959759878,0.000000000000000E+000,0.000000000000000E+000,0.000000000000000E+000,0.000000000000000E+000,0.000000000000000E+000,0.000000000000000E+000,5.278737422232559E-002,1.150102206866029E-002,0.301026121403993,0.314847944156729,0.622471953180489 
 06/14  16:00:00,0.796427565451873,0.704518707066987,0.000000000000000E+000,0.000000000000000E+000,0.000000000000000E+000,0.000000000000000E+000,0.000000000000000E+000,0.000000000000000E+000,5.278737422232559E-002,1.150102206866029E-002,0.342617218823578,0.372409936647711,0.678867962044649 
 06/14  17:00:00,0.968838852951159,0.831158463678331,0.000000000000000E+000,0.000000000000000E+000,0.000000000000000E+000,0.000000000000000E+000,0.000000000000000E+000,0.000000000000000E+000,6.598421150843892E-002,1.437627849646360E-002,0.418947793799472,0.452418555457185,0.799996907910325 
 06/14  18:00:00,1.04896284021680,0.945721775645990,0.000000000000000E+000,0.000000000000000E+000,0.000000000000000E+000,0.000000000000000E+000,0.000000000000000E+000,0.000000000000000E+000,0.105574748444651,2.300204777987350E-002,0.382084005386279,0.491190000916397,0.911889731355110 
 06/14  19:00:00,1.08796679217883,0.965131417228172,0.000000000000000E+000,0.000000000000000E+000,0.000000000000000E+000,0.000000000000000E+000,0.000000000000000E+000,0.000000000000000E+000,0.204551090785182,4.456647098839826E-002,0.314732547256681,0.507004669458972,0.930210094724017 
 06/14  20:00:00,1.26935481212760,0.900083747880628,0.000000000000000E+000,0.000000000000000E+000,0.000000000000000E+000,0.000000000000000E+000,0.000000000000000E+000,0.000000000000000E+000,0.366212416504218,7.978833673111832E-002,0.281807230306979,0.524434814895680,0.863961876808073 
 06/14  21:00:00,1.44320011876366,0.818603722413562,0.000000000000000E+000,0.000000000000000E+000,0.000000000000000E+000,0.000000000000000E+000,0.000000000000000E+000,0.000000000000000E+000,0.531172903478863,0.115729042078660,0.266994958976403,0.512191200540138,0.783325163506127 
 06/14  22:00:00,1.21925276557481,0.685255308839122,0.000000000000000E+000,0.000000000000000E+000,0.000000000000000E+000,0.000000000000000E+000,0.000000000000000E+000,0.000000000000000E+000,0.445393456939481,9.703988622559687E-002,0.216471564029606,0.443235844690528,0.654726237194957 
 06/14  23:00:00,0.926919237370416,0.542246157772907,0.000000000000000E+000,0.000000000000000E+000,0.000000000000000E+000,0.000000000000000E+000,0.000000000000000E+000,0.000000000000000E+000,0.310125839229834,6.756850055550720E-002,0.146949182294076,0.385163701601401,0.515716962578571 
 06/14  24:00:00,0.626482336121673,0.390151506958961,0.000000000000000E+000,0.000000000000000E+000,0.000000000000000E+000,0.000000000000000E+000,0.000000000000000E+000,0.000000000000000E+000,0.158362080870523,3.450306256342797E-002,9.791613045497836E-002,0.318589048543143,0.368207821662455 
 06/15  01:00:00,0.510463749876626,0.321269687130505,0.000000000000000E+000,0.000000000000000E+000,0.000000000000000E+000,0.000000000000000E+000,0.000000000000000E+000,0.000000000000000E+000,9.567709749201676E-002,2.084560181646811E-002,8.349244294370009E-002,0.293336593934840,0.301065333174554 
 06/15  02:00:00,0.455074692432732,0.302953091930832,0.000000000000000E+000,0.000000000000000E+000,0.000000000000000E+000,0.000000000000000E+000,0.000000000000000E+000,0.000000000000000E+000,6.268500009708801E-002,1.365746438951277E-002,7.168462430934135E-002,0.289935589947189,0.282982991354081 
 06/15  03:00:00,0.444837993119385,0.356723142815778,0.000000000000000E+000,4.844964564201967E-002,0.000000000000000E+000,1.333977890917867E-003,1.333977890917867E-003,1.333977890917867E-003,6.268500009708801E-002,1.365746438951277E-002,6.419515189025571E-002,0.285854385162011,0.288584500652046 
 06/15  04:00:00,0.451895753406155,0.718664414398397,0.000000000000000E+000,0.357713633906920,0.000000000000000E+000,9.849031351797250E-003,9.849031351797250E-003,9.849031351797250E-003,6.268500009708801E-002,1.365746438951277E-002,7.353604637693699E-002,0.275056197501220,0.342005538448723 
 06/15  05:00:00,0.507798825092521,1.25158267552364,0.000000000000000E+000,0.654571660115540,0.000000000000000E+000,1.802250792641994E-002,1.802250792641994E-002,1.802250792641994E-002,6.598421150843892E-002,1.437627849646360E-002,8.536320358615601E-002,0.306940609885441,0.575869647935353 
 06/15  06:00:00,0.636560402125695,1.78928226060480,0.000000000000000E+000,0.752441478925246,0.000000000000000E+000,2.071718551900599E-002,2.071718551900599E-002,2.071718551900599E-002,8.907869138789609E-002,1.940797724511937E-002,0.135604843471835,0.354639690812237,1.01241401056354 
 06/15  07:00:00,0.813234831352081,1.97897186786205,0.000000000000000E+000,0.821078880529654,0.000000000000000E+000,2.260699864389130E-002,2.260699864389130E-002,2.260699864389130E-002,0.141866023813768,3.090899202867384E-002,0.208909549344490,0.376831241831655,1.13193771291710 
 06/15  08:00:00,0.760161352905024,2.08075173401082,0.000000000000000E+000,0.958913097115306,0.000000000000000E+000,2.640202738147562E-002,2.640202738147562E-002,2.640202738147562E-002,0.105574748444651,2.300204777987350E-002,0.269481467066278,0.318589048543143,1.09989495159901 
 06/15  09:00:00,0.718877300393930,2.03466630776861,0.000000000000000E+000,1.01266878509533,0.000000000000000E+000,2.788209804713698E-002,2.788209804713698E-002,2.788209804713698E-002,5.938579704502768E-002,1.293865028256194E-002,0.330413698414181,0.271145042915422,1.00332167201660 
 06/15  10:00:00,0.732979307644071,1.91354693197498,0.000000000000000E+000,1.00520596494842,0.000000000000000E+000,2.767662209477521E-002,2.767662209477521E-002,2.767662209477521E-002,5.278737422232559E-002,1.150102206866029E-002,0.346380350176442,0.277521925392267,0.889225891283883 
 06/15  11:00:00,0.735555302984530,1.53136790112238,0.000000000000000E+000,0.724599415469424,0.000000000000000E+000,1.995060205703346E-002,1.995060205703346E-002,1.995060205703346E-002,4.948816281097469E-002,1.078220978298593E-002,0.360615364151980,0.277606950491958,0.787647553575803 
 06/15  12:00:00,0.712053076030833,1.15351946103073,0.000000000000000E+000,0.426087958080335,0.000000000000000E+000,1.173160109085606E-002,1.173160109085606E-002,1.173160109085606E-002,4.948816281097469E-002,1.078220978298593E-002,0.350008518647474,0.272930570008939,0.708632669269640 
 06/15  13:00:00,0.685123860900589,0.912065902859930,0.000000000000000E+000,0.230602353023100,0.000000000000000E+000,6.349240256561530E-003,6.349240256561530E-003,6.349240256561530E-003,4.948816281097469E-002,1.078220978298593E-002,0.319023878285798,0.282368356074668,0.662014663028796 
 06/15  14:00:00,0.672614897641160,0.735675417415605,0.000000000000000E+000,9.933368159593753E-002,0.000000000000000E+000,2.734982543557196E-003,2.734982543557196E-003,2.734982543557196E-003,4.948816281097469E-002,1.078220978298593E-002,0.294229479097109,0.298268049716935,0.615797714463877 
 06/15  15:00:00,0.697274475541306,0.643638381875552,0.000000000000000E+000,0.000000000000000E+000,0.000000000000000E+000,0.000000000000000E+000,0.000000000000000E+000,0.000000000000000E+000,5.278737422232559E-002,1.150102206866029E-002,0.301026121403993,0.314847944156729,0.621952375296166 
 06/15  16:00:00,0.796427565451873,0.704111611098433,0.000000000000000E+000,0.000000000000000E+000,0.000000000000000E+000,0.000000000000000E+000,0.000000000000000E+000,0.000000000000000E+000,5.278737422232559E-002,1.150102206866029E-002,0.342617218823578,0.372409936647711,0.678460866076095 
 06/15  17:00:00,0.968838852951159,0.830348260885305,0.000000000000000E+000,0.000000000000000E+000,0.000000000000000E+000,0.000000000000000E+000,0.000000000000000E+000,0.000000000000000E+000,6.598421150843892E-002,1.437627849646360E-002,0.418947793799472,0.452418555457185,0.799186705117300 
 06/15  18:00:00,1.04896284021680,0.944539103113664,0.000000000000000E+000,0.000000000000000E+000,0.000000000000000E+000,0.000000000000000E+000,0.000000000000000E+000,0.000000000000000E+000,0.105574748444651,2.300204777987350E-002,0.382084005386279,0.491190000916397,0.910707058822786 
 06/15  19:00:00,1.08796679217883,0.963976546654295,0.000000000000000E+000,0.000000000000000E+000,0.000000000000000E+000,0.000000000000000E+000,0.000000000000000E+000,0.000000000000000E+000,0.204551090785182,4.456647098839826E-002,0.314732547256681,0.507004669458972,0.929055224150140 
 06/15  20:00:00,1.26935481212760,0.899326888559749,0.000000000000000E+000,0.000000000000000E+000,0.000000000000000E+000,0.000000000000000E+000,0.000000000000000E+000,0.000000000000000E+000,0.366212416504218,7.978833673111832E-002,0.281807230306979,0.524434814895680,0.863205017487198 
 06/15  21:00:00,1.44320011876366,0.818255714055675,0.000000000000000E+000,0.000000000000000E+000,0.000000000000000E+000,0.000000000000000E+000,0.000000000000000E+000,0.000000000000000E+000,0.531172903478863,0.115729042078660,0.266994958976403,0.512191200540138,0.782977155148240 
 06/15  22:00:00,1.21925276557481,0.685327919282199,0.000000000000000E+000,0.000000000000000E+000,0.000000000000000E+000,0.000000000000000E+000,0.000000000000000E+000,0.000000000000000E+000,0.445393456939481,9.703988622559687E-002,0.216471564029606,0.443235844690528,0.654798847638031 
 06/15  23:00:00,0.926919237370416,0.542732165843232,0.000000000000000E+000,0.000000000000000E+000,0.000000000000000E+000,0.000000000000000E+000,0.000000000000000E+000,0.000000000000000E+000,0.310125839229834,6.756850055550720E-002,0.146949182294076,0.385163701601401,0.516202970648896 
 06/15  24:00:00,0.631609791799007,0.577297172920533,0.000000000000000E+000,0.186227532182683,0.000000000000000E+000,5.127455677331955E-003,5.127455677331955E-003,5.127455677331955E-003,0.158362080870523,3.450306256342797E-002,9.791613045497836E-002,0.318589048543143,0.369125955441342 
 06/16  01:00:00,0.528492093092642,0.976927082159415,0.000000000000000E+000,0.654783595946727,0.000000000000000E+000,1.802834321601495E-002,1.802834321601495E-002,1.802834321601495E-002,9.567709749201676E-002,2.084560181646811E-002,8.349244294370009E-002,0.293336593934840,0.301939132256738 
 06/16  02:00:00,0.484646717287178,1.37763004121578,0.000000000000000E+000,1.07404638028069,0.000000000000000E+000,2.957202485444401E-002,2.957202485444401E-002,2.957202485444401E-002,6.268500009708801E-002,1.365746438951277E-002,7.168462430934135E-002,0.289935589947189,0.283613560358342 
 06/16  03:00:00,0.482684009855532,1.73077260818306,0.000000000000000E+000,1.42300473558179,0.000000000000000E+000,3.917999462706507E-002,3.917999462706507E-002,3.917999462706507E-002,6.268500009708801E-002,1.365746438951277E-002,6.419515189025571E-002,0.285854385162011,0.288078876079553 
 06/16  04:00:00,0.487929669344448,2.02620380662348,0.000000000000000E+000,1.66645380883098,0.000000000000000E+000,4.588294729009152E-002,4.588294729009152E-002,4.588294729009152E-002,6.268500009708801E-002,1.365746438951277E-002,7.353604637693699E-002,0.275056197501220,0.340804755749750 
 06/16  05:00:00,0.538638764400022,2.36955024389612,0.000000000000000E+000,1.77466828333746,0.000000000000000E+000,4.886244723392068E-002,4.886244723392068E-002,4.886244723392068E-002,6.598421150843892E-002,1.437627849646360E-002,8.536320358615601E-002,0.306940609885441,0.573740593085907 
 06/16  06:00:00,0.662663061273050,2.73384138809342,0.000000000000000E+000,1.70048161858128,0.000000000000000E+000,4.681984466636216E-002,4.681984466636216E-002,4.681984466636216E-002,8.907869138789609E-002,1.940797724511937E-002,0.135604843471835,0.354639690812237,1.00893299839612 
 06/16  07:00:00,0.832593225202153,2.67836056032740,0.000000000000000E+000,1.52416948541918,0.000000000000000E+000,4.196539249396435E-002,4.196539249396435E-002,4.196539249396435E-002,0.141866023813768,3.090899202867384E-002,0.208909549344490,0.376831241831655,1.12823580049292 
 06/16  08:00:00,0.773789746123413,2.57221936300436,0.000000000000000E+000,1.45389193191949,0.000000000000000E+000,4.003042059986503E-002,4.003042059986503E-002,4.003042059986503E-002,0.105574748444651,2.300204777987350E-002,0.269481467066278,0.318589048543143,1.09638374578836 
 06/16  09:00:00,0.721757162114546,2.13608298668440,0.000000000000000E+000,1.11726443155379,0.000000000000000E+000,3.076195976775257E-002,3.076195976775257E-002,3.076195976775257E-002,5.938579704502768E-002,1.293865028256194E-002,0.330413698414181,0.271145042915422,1.00014270447393 
 06/16  10:00:00,0.725186824370951,1.62812004865175,0.000000000000000E+000,0.722185492252148,0.000000000000000E+000,1.988413882165692E-002,1.988413882165692E-002,1.988413882165692E-002,5.278737422232559E-002,1.150102206866029E-002,0.346380350176442,0.277521925392267,0.886819480656923 
 06/16  11:00:00,0.722344359946781,1.04984643643883,0.000000000000000E+000,0.244782236239014,0.000000000000000E+000,6.739659019282512E-003,6.739659019282512E-003,6.739659019282512E-003,4.948816281097469E-002,1.078220978298593E-002,0.360615364151980,0.277606950491958,0.785943268122659 
 06/16  12:00:00,0.700321474939976,0.726223857164388,0.000000000000000E+000,0.000000000000000E+000,0.000000000000000E+000,0.000000000000000E+000,0.000000000000000E+000,0.000000000000000E+000,4.948816281097469E-002,1.078220978298593E-002,0.350008518647474,0.272930570008939,0.707425023483633 
 06/16  13:00:00,0.678774620644029,0.680486160386371,0.000000000000000E+000,0.000000000000000E+000,0.000000000000000E+000,0.000000000000000E+000,0.000000000000000E+000,0.000000000000000E+000,4.948816281097469E-002,1.078220978298593E-002,0.319023878285798,0.282368356074668,0.661037273578338 
 06/16  14:00:00,0.669879915097603,0.635064533653395,0.000000000000000E+000,0.000000000000000E+000,0.000000000000000E+000,0.000000000000000E+000,0.000000000000000E+000,0.000000000000000E+000,4.948816281097469E-002,1.078220978298593E-002,0.294229479097109,0.298268049716935,0.614520512297605 
 06/16  15:00:00,0.697274475541306,0.642167888929439,0.000000000000000E+000,0.000000000000000E+000,0.000000000000000E+000,0.000000000000000E+000,0.000000000000000E+000,0.000000000000000E+000,5.278737422232559E-002,1.150102206866029E-002,0.301026121403993,0.314847944156729,0.620481882350050 
 06/16  16:00:00,0.796427565451873,0.702271595804613,0.000000000000000E+000,0.000000000000000E+000,0.000000000000000E+000,0.000000000000000E+000,0.000000000000000E+000,0.000000000000000E+000,5.278737422232559E-002,1.150102206866029E-002,0.342617218823578,0.372409936647711,0.676620850782275 
 06/16  17:00:00,0.968838852951159,0.828135118590737,0.000000000000000E+000,0.000000000000000E+000,0.000000000000000E+000,0.000000000000000E+000,0.000000000000000E+000,0.000000000000000E+000,6.598421150843892E-002,1.437627849646360E-002,0.418947793799472,0.452418555457185,0.796973562822732 
 06/16  18:00:00,1.04896284021680,0.941921442705007,0.000000000000000E+000,0.000000000000000E+000,0.000000000000000E+000,0.000000000000000E+000,0.000000000000000E+000,0.000000000000000E+000,0.105574748444651,2.300204777987350E-002,0.382084005386279,0.491190000916397,0.908089398414129 
 06/16  19:00:00,1.08796679217883,0.961273986160768,0.000000000000000E+000,0.000000000000000E+000,0.000000000000000E+000,0.000000000000000E+000,0.000000000000000E+000,0.000000000000000E+000,0.204551090785182,4.456647098839826E-002,0.314732547256681,0.507004669458972,0.926352663656613 
 06/16  20:00:00,1.26935481212760,0.896699341595177,0.000000000000000E+000,0.000000000000000E+000,0.000000000000000E+000,0.000000000000000E+000,0.000000000000000E+000,0.000000000000000E+000,0.366212416504218,7.978833673111832E-002,0.281807230306979,0.524434814895680,0.860577470522623 
 06/16  21:00:00,1.44320011876366,0.815813049195423,0.000000000000000E+000,0.000000000000000E+000,0.000000000000000E+000,0.000000000000000E+000,0.000000000000000E+000,0.000000000000000E+000,0.531172903478863,0.115729042078660,0.266994958976403,0.512191200540138,0.780534490287987 
 06/16  22:00:00,1.21925276557481,0.683355580343121,0.000000000000000E+000,0.000000000000000E+000,0.000000000000000E+000,0.000000000000000E+000,0.000000000000000E+000,0.000000000000000E+000,0.445393456939481,9.703988622559687E-002,0.216471564029606,0.443235844690528,0.652826508698956 
 06/16  23:00:00,0.926919237370416,0.541319763405525,0.000000000000000E+000,0.000000000000000E+000,0.000000000000000E+000,0.000000000000000E+000,0.000000000000000E+000,0.000000000000000E+000,0.310125839229834,6.756850055550720E-002,0.146949182294076,0.385163701601401,0.514790568211189 
 06/16  24:00:00,0.626482336121673,0.390238217914836,0.000000000000000E+000,0.000000000000000E+000,0.000000000000000E+000,0.000000000000000E+000,0.000000000000000E+000,0.000000000000000E+000,0.158362080870523,3.450306256342797E-002,9.791613045497836E-002,0.318589048543143,0.368294532618327 
 06/17  01:00:00,0.516924973673826,0.419694306008760,0.000000000000000E+000,9.131480622058542E-002,0.000000000000000E+000,2.514196564237914E-003,2.514196564237914E-003,2.514196564237914E-003,9.567709749201676E-002,2.084560181646811E-002,8.743947017666101E-002,0.293336593934840,0.308175145832225 
 06/17  02:00:00,0.472425173367614,0.843611944971744,0.000000000000000E+000,0.535324445913620,0.000000000000000E+000,1.473924041866032E-002,1.473924041866032E-002,1.473924041866032E-002,6.268500009708801E-002,1.365746438951277E-002,7.429586482556264E-002,0.289935589947189,0.288317398481373 
 06/17  03:00:00,0.475638058824795,1.43076008967208,0.000000000000000E+000,1.11750699484876,0.000000000000000E+000,3.076863833202986E-002,3.076863833202986E-002,3.076863833202986E-002,6.268500009708801E-002,1.365746438951277E-002,6.556055715455404E-002,0.285854385162011,0.293564098301607 
 06/17  04:00:00,0.485943515441498,1.86816682055323,0.000000000000000E+000,1.49730175550055,0.000000000000000E+000,4.122563563474156E-002,4.122563563474156E-002,4.122563563474156E-002,6.268500009708801E-002,1.365746438951277E-002,7.620720412933703E-002,0.275056197501220,0.351919823009922 
 06/17  05:00:00,0.540097013318070,2.30442778366351,0.000000000000000E+000,1.67884074293949,0.000000000000000E+000,4.622400027444341E-002,4.622400027444341E-002,4.622400027444341E-002,6.598421150843892E-002,1.437627849646360E-002,8.945989946368259E-002,0.306940609885441,0.604445673251268 
 06/17  06:00:00,0.670233451775258,2.69251679773324,0.000000000000000E+000,1.58952027705609,0.000000000000000E+000,4.376471445065632E-002,4.376471445065632E-002,4.376471445065632E-002,8.907869138789609E-002,1.940797724511937E-002,0.146230364189749,0.354639690812237,1.07856974956113 
 06/17  07:00:00,0.850209484262504,2.63435084471756,0.000000000000000E+000,1.39541188106055,0.000000000000000E+000,3.842027270565802E-002,3.842027270565802E-002,3.842027270565802E-002,0.141866023813768,3.090899202867384E-002,0.230070928193149,0.376831241831655,1.21298368924171 
 06/17  08:00:00,0.802035259919870,2.50879177950671,0.000000000000000E+000,1.30164663757204,0.000000000000000E+000,3.583860755428838E-002,3.583860755428838E-002,3.583860755428838E-002,0.105574748444651,2.300204777987350E-002,0.301918793908311,0.318589048543143,1.18520145663816 
 06/17  09:00:00,0.762397263034650,2.05857765376113,0.000000000000000E+000,0.957784964943787,0.000000000000000E+000,2.637096619712858E-002,2.637096619712858E-002,2.637096619712858E-002,5.938579704502768E-002,1.293865028256194E-002,0.375444792904911,0.271145042915422,1.08211683816067 
 06/17  10:00:00,0.768647293861490,1.42765320356858,0.000000000000000E+000,0.451393227852543,0.000000000000000E+000,1.242833828991126E-002,1.242833828991126E-002,1.242833828991126E-002,5.278737422232559E-002,1.150102206866029E-002,0.397296620198725,0.277521925392267,0.957144899973360 
 06/17  11:00:00,0.768093502437519,0.863412807021715,0.000000000000000E+000,0.000000000000000E+000,0.000000000000000E+000,0.000000000000000E+000,0.000000000000000E+000,0.000000000000000E+000,4.948816281097469E-002,1.078220978298593E-002,0.413104165661999,0.277606950491958,0.844291874944562 
 06/17  12:00:00,0.748132019279470,0.776719464583588,0.000000000000000E+000,0.000000000000000E+000,0.000000000000000E+000,0.000000000000000E+000,0.000000000000000E+000,0.000000000000000E+000,4.948816281097469E-002,1.078220978298593E-002,0.397819062986971,0.272930570008939,0.757920630902833 
 06/17  13:00:00,0.722362688029174,0.723962744484816,0.000000000000000E+000,0.000000000000000E+000,0.000000000000000E+000,0.000000000000000E+000,0.000000000000000E+000,0.000000000000000E+000,4.948816281097469E-002,1.078220978298593E-002,0.362611945670944,0.282368356074668,0.704513857676782 
 06/17  14:00:00,0.709005518573267,0.674428276464695,0.000000000000000E+000,0.000000000000000E+000,0.000000000000000E+000,0.000000000000000E+000,0.000000000000000E+000,0.000000000000000E+000,4.948816281097469E-002,1.078220978298593E-002,0.333355082572772,0.298268049716935,0.653884255108902 
 06/17  15:00:00,0.734333478043748,0.681421885935253,0.000000000000000E+000,0.000000000000000E+000,0.000000000000000E+000,0.000000000000000E+000,0.000000000000000E+000,0.000000000000000E+000,5.278737422232559E-002,1.150102206866029E-002,0.338085123906433,0.314847944156729,0.659735879355865 
 06/17  16:00:00,0.832345513433931,0.750618453160690,0.000000000000000E+000,0.000000000000000E+000,0.000000000000000E+000,0.000000000000000E+000,0.000000000000000E+000,0.000000000000000E+000,5.278737422232559E-002,1.150102206866029E-002,0.378535166805636,0.372409936647711,0.724967708138353 
 06/17  17:00:00,1.00419081144788,0.886236700883843,0.000000000000000E+000,0.000000000000000E+000,0.000000000000000E+000,0.000000000000000E+000,0.000000000000000E+000,0.000000000000000E+000,6.598421150843892E-002,1.437627849646360E-002,0.454299752296194,0.452418555457185,0.855075145115838 
 06/17  18:00:00,1.08327318320460,1.01749502446826,0.000000000000000E+000,0.000000000000000E+000,0.000000000000000E+000,0.000000000000000E+000,0.000000000000000E+000,0.000000000000000E+000,0.105574748444651,2.300204777987350E-002,0.416394348374079,0.491190000916397,0.983662980177382 
 06/17  19:00:00,1.12221157376818,1.04604535294195,0.000000000000000E+000,0.000000000000000E+000,0.000000000000000E+000,0.000000000000000E+000,0.000000000000000E+000,0.000000000000000E+000,0.204551090785182,4.456647098839826E-002,0.348977328846029,0.507004669458972,1.01112403043780 
 06/17  20:00:00,1.30421021033948,0.977480013630566,0.000000000000000E+000,0.000000000000000E+000,0.000000000000000E+000,0.000000000000000E+000,0.000000000000000E+000,0.000000000000000E+000,0.366212416504218,7.978833673111832E-002,0.316662628518856,0.524434814895680,0.941358142558012 
 06/17  21:00:00,1.47880700471745,0.883438753200457,0.000000000000000E+000,0.000000000000000E+000,0.000000000000000E+000,0.000000000000000E+000,0.000000000000000E+000,0.000000000000000E+000,0.531172903478863,0.115729042078660,0.302601844930188,0.512191200540138,0.848160194293024 
 06/17  22:00:00,1.24754600013365,0.736530188746732,0.000000000000000E+000,0.000000000000000E+000,0.000000000000000E+000,0.000000000000000E+000,0.000000000000000E+000,0.000000000000000E+000,0.445393456939481,9.703988622559687E-002,0.244764798588447,0.443235844690528,0.706001117102567 
 06/17  23:00:00,0.942454095134062,0.574373169866782,0.000000000000000E+000,0.000000000000000E+000,0.000000000000000E+000,0.000000000000000E+000,0.000000000000000E+000,0.000000000000000E+000,0.310125839229834,6.756850055550720E-002,0.162484040057721,0.385163701601401,0.547843974672446 
 06/17  24:00:00,0.633056024457420,0.402372109103083,0.000000000000000E+000,0.000000000000000E+000,0.000000000000000E+000,0.000000000000000E+000,0.000000000000000E+000,0.000000000000000E+000,0.158362080870523,3.450306256342797E-002,0.104489818790726,0.318589048543143,0.380428423806576 
 06/18  01:00:00,0.514410777109587,0.328093350528682,0.000000000000000E+000,0.000000000000000E+000,0.000000000000000E+000,0.000000000000000E+000,0.000000000000000E+000,0.000000000000000E+000,9.567709749201676E-002,2.084560181646811E-002,8.743947017666101E-002,0.293336593934840,0.307888996572728 
 06/18  02:00:00,0.465370927979792,0.587254034350852,0.000000000000000E+000,0.279116534494099,0.000000000000000E+000,7.684995030837134E-003,7.684995030837134E-003,7.684995030837134E-003,6.268500009708801E-002,1.365746438951277E-002,7.429586482556264E-002,0.289935589947189,0.288167399280002 
 06/18  03:00:00,0.466653025993328,1.10456947211491,0.000000000000000E+000,0.791173507816969,0.000000000000000E+000,2.178360550056187E-002,2.178360550056187E-002,2.178360550056187E-002,6.268500009708801E-002,1.365746438951277E-002,6.556055715455404E-002,0.285854385162011,0.293706967776231 
 06/18  04:00:00,0.478432932852076,1.59539926849411,0.000000000000000E+000,1.22451982448046,0.000000000000000E+000,3.371505304531836E-002,3.371505304531836E-002,3.371505304531836E-002,6.268500009708801E-002,1.365746438951277E-002,7.620720412933703E-002,0.275056197501220,0.351934201970892 
 06/18  05:00:00,0.535320744832153,2.12991314873178,0.000000000000000E+000,1.50536821598886,0.000000000000000E+000,4.144773178852723E-002,4.144773178852723E-002,4.144773178852723E-002,6.598421150843892E-002,1.437627849646360E-002,8.945989946368259E-002,0.306940609885441,0.603403565270174 
 06/18  06:00:00,0.668237334496932,2.61777516733127,0.000000000000000E+000,1.51702194297331,0.000000000000000E+000,4.176859717233017E-002,4.176859717233017E-002,4.176859717233017E-002,8.907869138789609E-002,1.940797724511937E-002,0.146230364189749,0.354639690812237,1.07632645324194 
 06/18  07:00:00,0.849295547485058,2.59816287716785,0.000000000000000E+000,1.36221799283500,0.000000000000000E+000,3.750633592821168E-002,3.750633592821168E-002,3.750633592821168E-002,0.141866023813768,3.090899202867384E-002,0.230070928193149,0.376831241831655,1.20998960991755 
 06/18  08:00:00,0.800045895388974,2.43330787185352,0.000000000000000E+000,1.22939356109237,0.000000000000000E+000,3.384924302339303E-002,3.384924302339303E-002,3.384924302339303E-002,0.105574748444651,2.300204777987350E-002,0.301918793908311,0.318589048543143,1.18197062546464 
 06/18  09:00:00,0.758546099845103,1.91565178941882,0.000000000000000E+000,0.817911963214514,0.000000000000000E+000,2.251980300758099E-002,2.251980300758099E-002,2.251980300758099E-002,5.938579704502768E-002,1.293865028256194E-002,0.375444792904911,0.271145042915422,1.07906397554763 
 06/18  10:00:00,0.764187590590669,1.26317709498068,0.000000000000000E+000,0.289418247149468,0.000000000000000E+000,7.968635019091943E-003,7.968635019091943E-003,7.968635019091943E-003,5.278737422232559E-002,1.150102206866029E-002,0.397296620198725,0.277521925392267,0.954643772088540 
 06/18  11:00:00,0.768093502437519,0.861459175684195,0.000000000000000E+000,0.000000000000000E+000,0.000000000000000E+000,0.000000000000000E+000,0.000000000000000E+000,0.000000000000000E+000,4.948816281097469E-002,1.078220978298593E-002,0.413104165661999,0.277606950491958,0.842338243607042 
 06/18  12:00:00,0.748132019279470,0.775002359530211,0.000000000000000E+000,0.000000000000000E+000,0.000000000000000E+000,0.000000000000000E+000,0.000000000000000E+000,0.000000000000000E+000,4.948816281097469E-002,1.078220978298593E-002,0.397819062986971,0.272930570008939,0.756203525849459 
 06/18  13:00:00,0.722362688029174,0.722191708541330,0.000000000000000E+000,0.000000000000000E+000,0.000000000000000E+000,0.000000000000000E+000,0.000000000000000E+000,0.000000000000000E+000,4.948816281097469E-002,1.078220978298593E-002,0.362611945670944,0.282368356074668,0.702742821733296 
 06/18  14:00:00,0.709005518573267,0.672472513686331,0.000000000000000E+000,0.000000000000000E+000,0.000000000000000E+000,0.000000000000000E+000,0.000000000000000E+000,0.000000000000000E+000,4.948816281097469E-002,1.078220978298593E-002,0.333355082572772,0.298268049716935,0.651928492330538 
 06/18  15:00:00,0.734333478043748,0.679098279811664,0.000000000000000E+000,0.000000000000000E+000,0.000000000000000E+000,0.000000000000000E+000,0.000000000000000E+000,0.000000000000000E+000,5.278737422232559E-002,1.150102206866029E-002,0.338085123906433,0.314847944156729,0.657412273232276 
 06/18  16:00:00,0.832345513433931,0.748141893573794,0.000000000000000E+000,0.000000000000000E+000,0.000000000000000E+000,0.000000000000000E+000,0.000000000000000E+000,0.000000000000000E+000,5.278737422232559E-002,1.150102206866029E-002,0.378535166805636,0.372409936647711,0.722491148551456 
 06/18  17:00:00,1.00419081144788,0.883470850364307,0.000000000000000E+000,0.000000000000000E+000,0.000000000000000E+000,0.000000000000000E+000,0.000000000000000E+000,0.000000000000000E+000,6.598421150843892E-002,1.437627849646360E-002,0.454299752296194,0.452418555457185,0.852309294596301 
 06/18  18:00:00,1.08327318320460,1.01452147385637,0.000000000000000E+000,0.000000000000000E+000,0.000000000000000E+000,0.000000000000000E+000,0.000000000000000E+000,0.000000000000000E+000,0.105574748444651,2.300204777987350E-002,0.416394348374079,0.491190000916397,0.980689429565488 
 06/18  19:00:00,1.12221157376818,1.04299452597594,0.000000000000000E+000,0.000000000000000E+000,0.000000000000000E+000,0.000000000000000E+000,0.000000000000000E+000,0.000000000000000E+000,0.204551090785182,4.456647098839826E-002,0.348977328846029,0.507004669458972,1.00807320347179 
 06/18  20:00:00,1.30421021033948,0.974513232235126,0.000000000000000E+000,0.000000000000000E+000,0.000000000000000E+000,0.000000000000000E+000,0.000000000000000E+000,0.000000000000000E+000,0.366212416504218,7.978833673111832E-002,0.316662628518856,0.524434814895680,0.938391361162574 
 06/18  21:00:00,1.47880700471745,0.880627529785799,0.000000000000000E+000,0.000000000000000E+000,0.000000000000000E+000,0.000000000000000E+000,0.000000000000000E+000,0.000000000000000E+000,0.531172903478863,0.115729042078660,0.302601844930188,0.512191200540138,0.845348970878363 
 06/18  22:00:00,1.24754600013365,0.734071338779446,0.000000000000000E+000,0.000000000000000E+000,0.000000000000000E+000,0.000000000000000E+000,0.000000000000000E+000,0.000000000000000E+000,0.445393456939481,9.703988622559687E-002,0.244764798588447,0.443235844690528,0.703542267135280 
 06/18  23:00:00,0.942454095134062,0.572343573311270,0.000000000000000E+000,0.000000000000000E+000,0.000000000000000E+000,0.000000000000000E+000,0.000000000000000E+000,0.000000000000000E+000,0.310125839229834,6.756850055550720E-002,0.162484040057721,0.385163701601401,0.545814378116934 
 06/18  24:00:00,0.633056024457420,0.400814042503686,0.000000000000000E+000,0.000000000000000E+000,0.000000000000000E+000,0.000000000000000E+000,0.000000000000000E+000,0.000000000000000E+000,0.158362080870523,3.450306256342797E-002,0.104489818790726,0.318589048543143,0.378870357207179 
 06/19  01:00:00,0.510463749876626,0.319950334107826,0.000000000000000E+000,0.000000000000000E+000,0.000000000000000E+000,0.000000000000000E+000,0.000000000000000E+000,0.000000000000000E+000,9.567709749201676E-002,2.084560181646811E-002,8.349244294370009E-002,0.293336593934840,0.299745980151876 
 06/19  02:00:00,0.455074692432732,0.302084992676612,0.000000000000000E+000,0.000000000000000E+000,0.000000000000000E+000,0.000000000000000E+000,0.000000000000000E+000,0.000000000000000E+000,6.268500009708801E-002,1.365746438951277E-002,7.168462430934135E-002,0.289935589947189,0.282114892099861 
 06/19  03:00:00,0.444765064051164,0.352921827365905,0.000000000000000E+000,4.580088546664795E-002,0.000000000000000E+000,1.261048822697295E-003,1.261048822697295E-003,1.261048822697295E-003,6.268500009708801E-002,1.365746438951277E-002,6.419515189025571E-002,0.285854385162011,0.287431945377545 
 06/19  04:00:00,0.450922178742927,0.681522783678966,0.000000000000000E+000,0.322353716954262,0.000000000000000E+000,8.875456688567365E-003,8.875456688567365E-003,8.875456688567365E-003,6.268500009708801E-002,1.365746438951277E-002,7.353604637693699E-002,0.275056197501220,0.340223824681950 
 06/19  05:00:00,0.506900172074897,1.21436221950433,0.000000000000000E+000,0.621932873104531,0.000000000000000E+000,1.712385490879486E-002,1.712385490879486E-002,1.712385490879486E-002,6.598421150843892E-002,1.437627849646360E-002,8.536320358615601E-002,0.306940609885441,0.571287978927054 
 06/19  06:00:00,0.633757256558361,1.67731177266397,0.000000000000000E+000,0.650632138346997,0.000000000000000E+000,1.791403995167241E-002,1.791403995167241E-002,1.791403995167241E-002,8.907869138789609E-002,1.940797724511937E-002,0.135604843471835,0.354639690812237,1.00225286320095 
 06/19  07:00:00,0.806026721758223,1.70523442529433,0.000000000000000E+000,0.559282670900682,0.000000000000000E+000,1.539888905003563E-002,1.539888905003563E-002,1.539888905003563E-002,0.141866023813768,3.090899202867384E-002,0.208909549344490,0.376831241831655,1.11999647997836 
 06/19  08:00:00,0.746795345676315,1.58354979757252,0.000000000000000E+000,0.473464036611048,0.000000000000000E+000,1.303602015276858E-002,1.303602015276858E-002,1.303602015276858E-002,0.105574748444651,2.300204777987350E-002,0.269481467066278,0.318589048543143,1.08814207566497 
 06/19  09:00:00,0.693234545437065,1.09272822171150,0.000000000000000E+000,8.133221692297204E-002,0.000000000000000E+000,2.239343090271944E-003,2.239343090271944E-003,2.239343090271944E-003,5.938579704502768E-002,1.293865028256194E-002,0.330413698414181,0.271145042915422,0.992720154131857 
 06/19  10:00:00,0.705302685549294,0.899589555192096,0.000000000000000E+000,0.000000000000000E+000,0.000000000000000E+000,0.000000000000000E+000,0.000000000000000E+000,0.000000000000000E+000,5.278737422232559E-002,1.150102206866029E-002,0.346380350176442,0.277521925392267,0.880474479449423 
 06/19  11:00:00,0.715604700927497,0.799331994676095,0.000000000000000E+000,0.000000000000000E+000,0.000000000000000E+000,0.000000000000000E+000,0.000000000000000E+000,0.000000000000000E+000,4.948816281097469E-002,1.078220978298593E-002,0.360615364151980,0.277606950491958,0.780211062598940 
 06/19  12:00:00,0.700321474939976,0.720513050952271,0.000000000000000E+000,0.000000000000000E+000,0.000000000000000E+000,0.000000000000000E+000,0.000000000000000E+000,0.000000000000000E+000,4.948816281097469E-002,1.078220978298593E-002,0.350008518647474,0.272930570008939,0.701714217271516 
 06/19  13:00:00,0.678774620644029,0.674654563442591,0.000000000000000E+000,0.000000000000000E+000,0.000000000000000E+000,0.000000000000000E+000,0.000000000000000E+000,0.000000000000000E+000,4.948816281097469E-002,1.078220978298593E-002,0.319023878285798,0.282368356074668,0.655205676634558 
 06/19  14:00:00,0.669879915097603,0.629397911609018,0.000000000000000E+000,0.000000000000000E+000,0.000000000000000E+000,0.000000000000000E+000,0.000000000000000E+000,0.000000000000000E+000,4.948816281097469E-002,1.078220978298593E-002,0.294229479097109,0.298268049716935,0.608853890253228 
 06/19  15:00:00,0.697274475541306,0.636331968256656,0.000000000000000E+000,0.000000000000000E+000,0.000000000000000E+000,0.000000000000000E+000,0.000000000000000E+000,0.000000000000000E+000,5.278737422232559E-002,1.150102206866029E-002,0.301026121403993,0.314847944156729,0.614645961677270 
 06/19  16:00:00,0.804329105184211,0.695821003830774,0.000000000000000E+000,0.000000000000000E+000,6.035954601605596E-003,1.865585130731038E-003,7.901539732336645E-003,1.865585130731038E-003,5.278737422232559E-002,1.150102206866029E-002,0.342617218823578,0.372409936647711,0.670170258808436 
 06/19  17:00:00,1.21278748719761,0.820440164979021,0.000000000000000E+000,0.000000000000000E+000,0.186507846282213,5.744078796423639E-002,0.243948634246449,5.744078796423639E-002,6.598421150843892E-002,1.437627849646360E-002,0.418947793799472,0.452418555457185,0.789278609211015 
 06/19  18:00:00,1.32675620462543,0.933415036650807,0.000000000000000E+000,0.000000000000000E+000,0.212422504148334,6.537086026029110E-002,0.277793364408625,6.537086026029110E-002,0.105574748444651,2.300204777987350E-002,0.382084005386279,0.491190000916397,0.899582992359929 
 06/19  19:00:00,1.35090314013066,0.952659730098780,0.000000000000000E+000,0.000000000000000E+000,0.198962223207111,6.397412474471467E-002,0.262936347951826,6.397412474471467E-002,0.204551090785182,4.456647098839826E-002,0.314732547256681,0.507004669458972,0.917738407594625 
 06/19  20:00:00,1.51445859176237,0.888502118338184,0.000000000000000E+000,0.000000000000000E+000,0.183464992671092,6.163878696368373E-002,0.245103779634776,6.163878696368373E-002,0.366212416504218,7.978833673111832E-002,0.281807230306979,0.524434814895680,0.852380247265633 
 06/19  21:00:00,1.63870005988872,0.808145077983434,0.000000000000000E+000,0.000000000000000E+000,0.144887600111191,5.061234101385958E-002,0.195499941125051,5.061234101385958E-002,0.531172903478863,0.115729042078660,0.266994958976403,0.512191200540138,0.772866519075998 
 06/19  22:00:00,1.28931613953236,0.676794739157358,0.000000000000000E+000,0.000000000000000E+000,5.169585582726213E-002,1.836751813028627E-002,7.006337395754821E-002,1.836751813028627E-002,0.445393456939481,9.703988622559687E-002,0.216471564029606,0.443235844690528,0.646265667513193 
 06/19  23:00:00,0.926919237370416,0.535919799929536,0.000000000000000E+000,0.000000000000000E+000,0.000000000000000E+000,0.000000000000000E+000,0.000000000000000E+000,0.000000000000000E+000,0.310125839229834,6.756850055550720E-002,0.146949182294076,0.385163701601401,0.509390604735199 
 06/19  24:00:00,0.626482336121673,0.386050181106176,0.000000000000000E+000,0.000000000000000E+000,0.000000000000000E+000,0.000000000000000E+000,0.000000000000000E+000,0.000000000000000E+000,0.158362080870523,3.450306256342797E-002,9.791613045497836E-002,0.318589048543143,0.364106495809669 
 06/20  01:00:00,0.510463749876626,0.318033443455693,0.000000000000000E+000,0.000000000000000E+000,0.000000000000000E+000,0.000000000000000E+000,0.000000000000000E+000,0.000000000000000E+000,9.567709749201676E-002,2.084560181646811E-002,8.349244294370009E-002,0.293336593934840,0.297829089499742 
 06/20  02:00:00,0.455074692432732,0.299959934018044,0.000000000000000E+000,0.000000000000000E+000,0.000000000000000E+000,0.000000000000000E+000,0.000000000000000E+000,0.000000000000000E+000,6.268500009708801E-002,1.365746438951277E-002,7.168462430934135E-002,0.289935589947189,0.279989833441293 
 06/20  03:00:00,0.443504015228467,0.305039334641956,0.000000000000000E+000,0.000000000000000E+000,0.000000000000000E+000,0.000000000000000E+000,0.000000000000000E+000,0.000000000000000E+000,6.268500009708801E-002,1.365746438951277E-002,6.419515189025571E-002,0.285854385162011,0.285350338120243 
 06/20  04:00:00,0.442046722054359,0.357013049804259,0.000000000000000E+000,0.000000000000000E+000,0.000000000000000E+000,0.000000000000000E+000,0.000000000000000E+000,0.000000000000000E+000,6.268500009708801E-002,1.365746438951277E-002,7.353604637693699E-002,0.275056197501220,0.338067807761505 
 06/20  05:00:00,0.489776317166101,0.589609842675872,0.000000000000000E+000,0.000000000000000E+000,0.000000000000000E+000,0.000000000000000E+000,0.000000000000000E+000,0.000000000000000E+000,6.598421150843892E-002,1.437627849646360E-002,8.536320358615601E-002,0.306940609885441,0.568468475203122 
 06/20  06:00:00,0.615843216606688,1.02312784966577,0.000000000000000E+000,0.000000000000000E+000,0.000000000000000E+000,0.000000000000000E+000,0.000000000000000E+000,0.000000000000000E+000,8.907869138789609E-002,1.940797724511937E-002,0.135604843471835,0.354639690812237,0.998701078549751 
 06/20  07:00:00,0.790627832708188,1.14239923449328,0.000000000000000E+000,0.000000000000000E+000,0.000000000000000E+000,0.000000000000000E+000,0.000000000000000E+000,0.000000000000000E+000,0.141866023813768,3.090899202867384E-002,0.208909549344490,0.376831241831655,1.11644396007799 
 06/20  08:00:00,0.733759325523546,1.10669373395759,0.000000000000000E+000,0.000000000000000E+000,0.000000000000000E+000,0.000000000000000E+000,0.000000000000000E+000,0.000000000000000E+000,0.105574748444651,2.300204777987350E-002,0.269481467066278,0.318589048543143,1.08475004866108 
 06/20  09:00:00,0.690995202346795,1.00814016318354,0.000000000000000E+000,0.000000000000000E+000,0.000000000000000E+000,0.000000000000000E+000,0.000000000000000E+000,0.000000000000000E+000,5.938579704502768E-002,1.293865028256194E-002,0.330413698414181,0.271145042915422,0.989464312526867 
 06/20  10:00:00,0.705302685549294,0.896184845456281,0.000000000000000E+000,0.000000000000000E+000,0.000000000000000E+000,0.000000000000000E+000,0.000000000000000E+000,0.000000000000000E+000,5.278737422232559E-002,1.150102206866029E-002,0.346380350176442,0.277521925392267,0.877069769713605 
 06/20  11:00:00,0.715604700927497,0.795921348368180,0.000000000000000E+000,0.000000000000000E+000,0.000000000000000E+000,0.000000000000000E+000,0.000000000000000E+000,0.000000000000000E+000,4.948816281097469E-002,1.078220978298593E-002,0.360615364151980,0.277606950491958,0.776800416291027 
 06/20  12:00:00,0.700321474939976,0.717280697661624,0.000000000000000E+000,0.000000000000000E+000,0.000000000000000E+000,0.000000000000000E+000,0.000000000000000E+000,0.000000000000000E+000,4.948816281097469E-002,1.078220978298593E-002,0.350008518647474,0.272930570008939,0.698481863980869 
 06/20  13:00:00,0.678774620644029,0.671509711875031,0.000000000000000E+000,0.000000000000000E+000,0.000000000000000E+000,0.000000000000000E+000,0.000000000000000E+000,0.000000000000000E+000,4.948816281097469E-002,1.078220978298593E-002,0.319023878285798,0.282368356074668,0.652060825066998 
 06/20  14:00:00,0.756660532120136,0.626330213769748,0.000000000000000E+000,0.000000000000000E+000,6.727854527096927E-002,1.950207175156433E-002,8.678061702253362E-002,1.950207175156433E-002,4.948816281097469E-002,1.078220978298593E-002,0.294229479097109,0.298268049716935,0.605786192413955 
 06/20  15:00:00,1.04116058336789,0.633254129791379,0.000000000000000E+000,0.000000000000000E+000,0.268441103058912,7.544500476767525E-002,0.343886107826586,7.544500476767525E-002,5.278737422232559E-002,1.150102206866029E-002,0.301026121403993,0.314847944156729,0.611568123211993 
 06/20  16:00:00,1.33109059068615,0.692572777596326,0.000000000000000E+000,0.000000000000000E+000,0.415893006856687,0.118770018377586,0.534663025234272,0.118770018377586,5.278737422232559E-002,1.150102206866029E-002,0.342617218823578,0.372409936647711,0.666922032573988 
 06/20  17:00:00,1.76266804568894,0.817209804326287,0.000000000000000E+000,0.000000000000000E+000,0.614928919954478,0.178900272783302,0.793829192737782,0.178900272783302,6.598421150843892E-002,1.437627849646360E-002,0.418947793799472,0.452418555457185,0.786048248558282 
 06/20  18:00:00,1.74741744687884,0.930045209084572,0.000000000000000E+000,0.000000000000000E+000,0.539061893670364,0.159392712991672,0.698454606662036,0.159392712991672,0.105574748444651,2.300204777987350E-002,0.382084005386279,0.491190000916397,0.896213164793692 
 06/20  19:00:00,1.71460202907211,0.949273559757918,0.000000000000000E+000,0.000000000000000E+000,0.478828456116308,0.147806780776964,0.626635236893272,0.147806780776964,0.204551090785182,4.456647098839826E-002,0.314732547256681,0.507004669458972,0.914352237253763 
 06/20  20:00:00,1.81360074426738,0.885323304128182,0.000000000000000E+000,0.000000000000000E+000,0.411962907257765,0.132283024882014,0.544245932139781,0.132283024882014,0.366212416504218,7.978833673111832E-002,0.281807230306979,0.524434814895680,0.849201433055628 
 06/20  21:00:00,1.88727376534803,0.805190072413220,0.000000000000000E+000,0.000000000000000E+000,0.332853881609884,0.111219764974484,0.444073646584369,0.111219764974484,0.531172903478863,0.115729042078660,0.266994958976403,0.512191200540138,0.769911513505785 
 06/20  22:00:00,1.54405800460686,0.674225054349590,0.000000000000000E+000,0.000000000000000E+000,0.242349790433283,8.245544859876722E-002,0.324805239032050,8.245544859876722E-002,0.445393456939481,9.703988622559687E-002,0.216471564029606,0.443235844690528,0.643695982705424 
 06/20  23:00:00,1.11332742603331,0.533824677192108,0.000000000000000E+000,0.000000000000000E+000,0.138401349238872,4.800683942402553E-002,0.186408188662898,4.800683942402553E-002,0.310125839229834,6.756850055550720E-002,0.146949182294076,0.385163701601401,0.507295481997772 
 06/20  24:00:00,0.681583763752705,0.384373524381304,0.000000000000000E+000,0.000000000000000E+000,4.073111228956237E-002,1.437031534146730E-002,5.510142763102990E-002,1.437031534146730E-002,0.158362080870523,3.450306256342797E-002,9.791613045497836E-002,0.318589048543143,0.362429839084795 
 06/21  01:00:00,0.510463749876626,0.316512716371321,0.000000000000000E+000,0.000000000000000E+000,0.000000000000000E+000,0.000000000000000E+000,0.000000000000000E+000,0.000000000000000E+000,9.567709749201676E-002,2.084560181646811E-002,8.349244294370009E-002,0.293336593934840,0.296308362415367 
 06/21  02:00:00,0.455074692432732,0.298508241281802,0.000000000000000E+000,0.000000000000000E+000,0.000000000000000E+000,0.000000000000000E+000,0.000000000000000E+000,0.000000000000000E+000,6.268500009708801E-002,1.365746438951277E-002,7.168462430934135E-002,0.289935589947189,0.278538140705051 
 06/21  03:00:00,0.443504015228467,0.303637844255848,0.000000000000000E+000,0.000000000000000E+000,0.000000000000000E+000,0.000000000000000E+000,0.000000000000000E+000,0.000000000000000E+000,6.268500009708801E-002,1.365746438951277E-002,6.419515189025571E-002,0.285854385162011,0.283948847734135 
 06/21  04:00:00,0.442046722054359,0.355353914437146,0.000000000000000E+000,0.000000000000000E+000,0.000000000000000E+000,0.000000000000000E+000,0.000000000000000E+000,0.000000000000000E+000,6.268500009708801E-002,1.365746438951277E-002,7.353604637693699E-002,0.275056197501220,0.336408672394392 
 06/21  05:00:00,0.489776317166101,0.587516413610127,0.000000000000000E+000,0.000000000000000E+000,0.000000000000000E+000,0.000000000000000E+000,0.000000000000000E+000,0.000000000000000E+000,6.598421150843892E-002,1.437627849646360E-002,8.536320358615601E-002,0.306940609885441,0.566375046137377 
 06/21  06:00:00,0.615843216606688,1.01942863026001,0.000000000000000E+000,0.000000000000000E+000,0.000000000000000E+000,0.000000000000000E+000,0.000000000000000E+000,0.000000000000000E+000,8.907869138789609E-002,1.940797724511937E-002,0.135604843471835,0.354639690812237,0.995001859143992 
 06/21  07:00:00,0.790627832708188,1.13849220745493,0.000000000000000E+000,0.000000000000000E+000,0.000000000000000E+000,0.000000000000000E+000,0.000000000000000E+000,0.000000000000000E+000,0.141866023813768,3.090899202867384E-002,0.208909549344490,0.376831241831655,1.11253693303963 
 06/21  08:00:00,0.733759325523546,1.10295229266257,0.000000000000000E+000,0.000000000000000E+000,0.000000000000000E+000,0.000000000000000E+000,0.000000000000000E+000,0.000000000000000E+000,0.105574748444651,2.300204777987350E-002,0.269481467066278,0.318589048543143,1.08100860736606 
 06/21  09:00:00,0.690995202346795,1.00479822605820,0.000000000000000E+000,0.000000000000000E+000,0.000000000000000E+000,0.000000000000000E+000,0.000000000000000E+000,0.000000000000000E+000,5.938579704502768E-002,1.293865028256194E-002,0.330413698414181,0.271145042915422,0.986122375401530 
 06/21  10:00:00,0.705302685549294,0.893192943402197,0.000000000000000E+000,0.000000000000000E+000,0.000000000000000E+000,0.000000000000000E+000,0.000000000000000E+000,0.000000000000000E+000,5.278737422232559E-002,1.150102206866029E-002,0.346380350176442,0.277521925392267,0.874077867659524 
 06/21  11:00:00,0.715604700927497,0.793214771213759,0.000000000000000E+000,0.000000000000000E+000,0.000000000000000E+000,0.000000000000000E+000,0.000000000000000E+000,0.000000000000000E+000,4.948816281097469E-002,1.078220978298593E-002,0.360615364151980,0.277606950491958,0.774093839136604 
 06/21  12:00:00,0.700321474939976,0.714799149285868,0.000000000000000E+000,0.000000000000000E+000,0.000000000000000E+000,0.000000000000000E+000,0.000000000000000E+000,0.000000000000000E+000,4.948816281097469E-002,1.078220978298593E-002,0.350008518647474,0.272930570008939,0.696000315605113 
 06/21  13:00:00,0.678774620644029,0.669270114849052,0.000000000000000E+000,0.000000000000000E+000,0.000000000000000E+000,0.000000000000000E+000,0.000000000000000E+000,0.000000000000000E+000,4.948816281097469E-002,1.078220978298593E-002,0.319023878285798,0.282368356074668,0.649821228041019 
 06/21  14:00:00,0.751107667862887,0.624361009010608,0.000000000000000E+000,0.000000000000000E+000,6.249068791708895E-002,1.873706484819458E-002,8.122775276528355E-002,1.873706484819458E-002,4.948816281097469E-002,1.078220978298593E-002,0.294229479097109,0.298268049716935,0.603816987654818 
 06/21  15:00:00,0.957511235239800,0.631345229684069,0.000000000000000E+000,0.000000000000000E+000,0.200863685480846,5.937307421764804E-002,0.260236759698494,5.937307421764804E-002,5.278737422232559E-002,1.150102206866029E-002,0.301026121403993,0.314847944156729,0.609659223104683 
 06/21  16:00:00,1.21907290709107,0.690558042442748,0.000000000000000E+000,0.000000000000000E+000,0.325209512778038,9.743582886115822E-002,0.422645341639197,9.743582886115822E-002,5.278737422232559E-002,1.150102206866029E-002,0.342617218823578,0.372409936647711,0.664907297420410 
 06/21  17:00:00,1.65872977958043,0.814793567334646,0.000000000000000E+000,0.000000000000000E+000,0.529457612818138,0.160433313811131,0.689890926629269,0.160433313811131,6.598421150843892E-002,1.437627849646360E-002,0.418947793799472,0.452418555457185,0.783632011566641 
 06/21  18:00:00,1.68036833548023,0.927345165505269,0.000000000000000E+000,0.000000000000000E+000,0.483031024326824,0.148374470936598,0.631405495263423,0.148374470936598,0.105574748444651,2.300204777987350E-002,0.382084005386279,0.491190000916397,0.893513121214389 
 06/21  19:00:00,1.66519656666559,0.946510311739949,0.000000000000000E+000,0.000000000000000E+000,0.438122218871884,0.139107555614875,0.577229774486758,0.139107555614875,0.204551090785182,4.456647098839826E-002,0.314732547256681,0.507004669458972,0.911588989235794 
 06/21  20:00:00,1.77454392076110,0.882710188213488,0.000000000000000E+000,0.000000000000000E+000,0.380657488143964,0.124531620489538,0.505189108633502,0.124531620489538,0.366212416504218,7.978833673111832E-002,0.281807230306979,0.524434814895680,0.846588317140934 
 06/21  21:00:00,1.85828946261309,0.802775299781359,0.000000000000000E+000,0.000000000000000E+000,0.310382194325093,0.104707149524328,0.415089343849421,0.104707149524328,0.531172903478863,0.115729042078660,0.266994958976403,0.512191200540138,0.767496740873924 
 06/21  22:00:00,1.51745224828435,0.672209556195040,0.000000000000000E+000,0.000000000000000E+000,0.221980666409098,7.621881630044119E-002,0.298199482709540,7.621881630044119E-002,0.445393456939481,9.703988622559687E-002,0.216471564029606,0.443235844690528,0.641680484550874 
 06/21  23:00:00,1.09028564538183,0.532249633782611,0.000000000000000E+000,0.000000000000000E+000,0.121020374801875,4.234603320954224E-002,0.163366408011417,4.234603320954224E-002,0.310125839229834,6.756850055550720E-002,0.146949182294076,0.385163701601401,0.505720438588274 
 06/21  24:00:00,0.626482336121673,0.383259095550428,0.000000000000000E+000,0.000000000000000E+000,0.000000000000000E+000,0.000000000000000E+000,0.000000000000000E+000,0.000000000000000E+000,0.158362080870523,3.450306256342797E-002,9.791613045497836E-002,0.318589048543143,0.361315410253919 
 06/22  01:00:00,0.510463749876626,0.315541186608470,0.000000000000000E+000,0.000000000000000E+000,0.000000000000000E+000,0.000000000000000E+000,0.000000000000000E+000,0.000000000000000E+000,9.567709749201676E-002,2.084560181646811E-002,8.349244294370009E-002,0.293336593934840,0.295336832652519 
 06/22  02:00:00,0.455074692432732,0.297599271448924,0.000000000000000E+000,0.000000000000000E+000,0.000000000000000E+000,0.000000000000000E+000,0.000000000000000E+000,0.000000000000000E+000,6.268500009708801E-002,1.365746438951277E-002,7.168462430934135E-002,0.289935589947189,0.277629170872173 
 06/22  03:00:00,0.443504015228467,0.302634667251121,0.000000000000000E+000,0.000000000000000E+000,0.000000000000000E+000,0.000000000000000E+000,0.000000000000000E+000,0.000000000000000E+000,6.268500009708801E-002,1.365746438951277E-002,6.419515189025571E-002,0.285854385162011,0.282945670729408 
 06/22  04:00:00,0.442046722054359,0.354142220976514,0.000000000000000E+000,0.000000000000000E+000,0.000000000000000E+000,0.000000000000000E+000,0.000000000000000E+000,0.000000000000000E+000,6.268500009708801E-002,1.365746438951277E-002,7.353604637693699E-002,0.275056197501220,0.335196978933760 
 06/22  05:00:00,0.489776317166101,0.585378098287946,0.000000000000000E+000,0.000000000000000E+000,0.000000000000000E+000,0.000000000000000E+000,0.000000000000000E+000,0.000000000000000E+000,6.598421150843892E-002,1.437627849646360E-002,8.536320358615601E-002,0.306940609885441,0.564236730815199 
 06/22  06:00:00,0.615843216606688,1.01606141057793,0.000000000000000E+000,0.000000000000000E+000,0.000000000000000E+000,0.000000000000000E+000,0.000000000000000E+000,0.000000000000000E+000,8.907869138789609E-002,1.940797724511937E-002,0.135604843471835,0.354639690812237,0.991634639461905 
 06/22  07:00:00,0.790627832708188,1.13470261876030,0.000000000000000E+000,0.000000000000000E+000,0.000000000000000E+000,0.000000000000000E+000,0.000000000000000E+000,0.000000000000000E+000,0.141866023813768,3.090899202867384E-002,0.208909549344490,0.376831241831655,1.10874734434500 
 06/22  08:00:00,0.733759325523546,1.09921472684909,0.000000000000000E+000,0.000000000000000E+000,0.000000000000000E+000,0.000000000000000E+000,0.000000000000000E+000,0.000000000000000E+000,0.105574748444651,2.300204777987350E-002,0.269481467066278,0.318589048543143,1.07727104155258 
 06/22  09:00:00,0.690995202346795,1.00132012119791,0.000000000000000E+000,0.000000000000000E+000,0.000000000000000E+000,0.000000000000000E+000,0.000000000000000E+000,0.000000000000000E+000,5.938579704502768E-002,1.293865028256194E-002,0.330413698414181,0.271145042915422,0.982644270541232 
 06/22  10:00:00,0.705302685549294,0.890105081662640,0.000000000000000E+000,0.000000000000000E+000,0.000000000000000E+000,0.000000000000000E+000,0.000000000000000E+000,0.000000000000000E+000,5.278737422232559E-002,1.150102206866029E-002,0.346380350176442,0.277521925392267,0.870990005919967 
 06/22  11:00:00,0.715604700927497,0.790537445536050,0.000000000000000E+000,0.000000000000000E+000,0.000000000000000E+000,0.000000000000000E+000,0.000000000000000E+000,0.000000000000000E+000,4.948816281097469E-002,1.078220978298593E-002,0.360615364151980,0.277606950491958,0.771416513458895 
 06/22  12:00:00,0.700321474939976,0.712446121441947,0.000000000000000E+000,0.000000000000000E+000,0.000000000000000E+000,0.000000000000000E+000,0.000000000000000E+000,0.000000000000000E+000,4.948816281097469E-002,1.078220978298593E-002,0.350008518647474,0.272930570008939,0.693647287761192 
 06/22  13:00:00,0.742735070277286,0.667213640160713,0.000000000000000E+000,0.000000000000000E+000,4.868928880425155E-002,1.527116082900661E-002,6.396044963325821E-002,1.527116082900661E-002,4.948816281097469E-002,1.078220978298593E-002,0.319023878285798,0.282368356074668,0.647764753352680 
 06/22  14:00:00,0.867529217820061,0.622582904987951,0.000000000000000E+000,0.000000000000000E+000,0.150639438969401,4.700986375305814E-002,0.197649302722459,4.700986375305814E-002,4.948816281097469E-002,1.078220978298593E-002,0.294229479097109,0.298268049716935,0.602038883632161 
 06/22  15:00:00,1.02060944494829,0.629619268711940,0.000000000000000E+000,0.000000000000000E+000,0.246708667651071,7.662630175591459E-002,0.323334969406985,7.662630175591459E-002,5.278737422232559E-002,1.150102206866029E-002,0.301026121403993,0.314847944156729,0.607933262132554 
 06/22  16:00:00,1.22409941545129,0.688701298922346,0.000000000000000E+000,0.000000000000000E+000,0.325982257848887,0.101689592150524,0.427671849999412,0.101689592150524,5.278737422232559E-002,1.150102206866029E-002,0.342617218823578,0.372409936647711,0.663050553900008 
 06/22  17:00:00,1.55468543615222,0.812551559895272,0.000000000000000E+000,0.000000000000000E+000,0.446069920954882,0.139776662246180,0.585846583201064,0.139776662246180,6.598421150843892E-002,1.437627849646360E-002,0.418947793799472,0.452418555457185,0.781390004127267 
 06/22  18:00:00,1.58175858010716,0.924671569340294,0.000000000000000E+000,0.000000000000000E+000,0.405240193872037,0.127555546018320,0.532795739890356,0.127555546018320,0.105574748444651,2.300204777987350E-002,0.382084005386279,0.491190000916397,0.890839525049417 
 06/22  19:00:00,1.57226167961587,0.943772239726177,0.000000000000000E+000,0.000000000000000E+000,0.366231131108654,0.118063756328385,0.484294887437039,0.118063756328385,0.204551090785182,4.456647098839826E-002,0.314732547256681,0.507004669458972,0.908850917222019 
 06/22  20:00:00,1.70212512886161,0.880123495881831,0.000000000000000E+000,0.000000000000000E+000,0.325405627145030,0.107364689588981,0.432770316734010,0.107364689588981,0.366212416504218,7.978833673111832E-002,0.281807230306979,0.524434814895680,0.844001624809276 
 06/22  21:00:00,1.81000794851632,0.800389098991322,0.000000000000000E+000,0.000000000000000E+000,0.274259964029786,9.254786572286862E-002,0.366807829752654,9.254786572286862E-002,0.531172903478863,0.115729042078660,0.266994958976403,0.512191200540138,0.765110540083890 
 06/22  22:00:00,1.47444236613363,0.670258409093643,0.000000000000000E+000,0.000000000000000E+000,0.189759853465175,6.542974709364247E-002,0.255189600558818,6.542974709364247E-002,0.445393456939481,9.703988622559687E-002,0.216471564029606,0.443235844690528,0.639729337449477 
 06/22  23:00:00,1.05260114531217,0.530755901729165,0.000000000000000E+000,0.000000000000000E+000,9.291697378789567E-002,3.276493415385635E-002,0.125681907941752,3.276493415385635E-002,0.310125839229834,6.756850055550720E-002,0.146949182294076,0.385163701601401,0.504226706534829 
 06/22  24:00:00,0.626482336121673,0.382258420970964,0.000000000000000E+000,0.000000000000000E+000,0.000000000000000E+000,0.000000000000000E+000,0.000000000000000E+000,0.000000000000000E+000,0.158362080870523,3.450306256342797E-002,9.791613045497836E-002,0.318589048543143,0.360314735674458 
 06/23  01:00:00,0.510463749876626,0.314711034121342,0.000000000000000E+000,0.000000000000000E+000,0.000000000000000E+000,0.000000000000000E+000,0.000000000000000E+000,0.000000000000000E+000,9.567709749201676E-002,2.084560181646811E-002,8.349244294370009E-002,0.293336593934840,0.294506680165392 
 06/23  02:00:00,0.455074692432732,0.296683101887217,0.000000000000000E+000,0.000000000000000E+000,0.000000000000000E+000,0.000000000000000E+000,0.000000000000000E+000,0.000000000000000E+000,6.268500009708801E-002,1.365746438951277E-002,7.168462430934135E-002,0.289935589947189,0.276713001310464 
 06/23  03:00:00,0.443504015228467,0.301522061770618,0.000000000000000E+000,0.000000000000000E+000,0.000000000000000E+000,0.000000000000000E+000,0.000000000000000E+000,0.000000000000000E+000,6.268500009708801E-002,1.365746438951277E-002,6.419515189025571E-002,0.285854385162011,0.281833065248905 
 06/23  04:00:00,0.442046722054359,0.352959659014712,0.000000000000000E+000,0.000000000000000E+000,0.000000000000000E+000,0.000000000000000E+000,0.000000000000000E+000,0.000000000000000E+000,6.268500009708801E-002,1.365746438951277E-002,7.353604637693699E-002,0.275056197501220,0.334014416971956 
 06/23  05:00:00,0.489776317166101,0.583722346696387,0.000000000000000E+000,0.000000000000000E+000,0.000000000000000E+000,0.000000000000000E+000,0.000000000000000E+000,0.000000000000000E+000,6.598421150843892E-002,1.437627849646360E-002,8.536320358615601E-002,0.306940609885441,0.562580979223640 
 06/23  06:00:00,0.615843216606688,1.01335465535243,0.000000000000000E+000,0.000000000000000E+000,0.000000000000000E+000,0.000000000000000E+000,0.000000000000000E+000,0.000000000000000E+000,8.907869138789609E-002,1.940797724511937E-002,0.135604843471835,0.354639690812237,0.988927884236411 
 06/23  07:00:00,0.790627832708188,1.13179933421955,0.000000000000000E+000,0.000000000000000E+000,0.000000000000000E+000,0.000000000000000E+000,0.000000000000000E+000,0.000000000000000E+000,0.141866023813768,3.090899202867384E-002,0.208909549344490,0.376831241831655,1.10584405980426 
 06/23  08:00:00,0.733759325523546,1.09675815371245,0.000000000000000E+000,0.000000000000000E+000,0.000000000000000E+000,0.000000000000000E+000,0.000000000000000E+000,0.000000000000000E+000,0.105574748444651,2.300204777987350E-002,0.269481467066278,0.318589048543143,1.07481446841594 
 06/23  09:00:00,0.690995202346795,0.999799576434863,0.000000000000000E+000,0.000000000000000E+000,0.000000000000000E+000,0.000000000000000E+000,0.000000000000000E+000,0.000000000000000E+000,5.938579704502768E-002,1.293865028256194E-002,0.330413698414181,0.271145042915422,0.981123725778186 
 06/23  10:00:00,0.705302685549294,0.889194196745674,0.000000000000000E+000,0.000000000000000E+000,0.000000000000000E+000,0.000000000000000E+000,0.000000000000000E+000,0.000000000000000E+000,5.278737422232559E-002,1.150102206866029E-002,0.346380350176442,0.277521925392267,0.870079121002998 
 06/23  11:00:00,0.715604700927497,0.790227097619439,0.000000000000000E+000,0.000000000000000E+000,0.000000000000000E+000,0.000000000000000E+000,0.000000000000000E+000,0.000000000000000E+000,4.948816281097469E-002,1.078220978298593E-002,0.360615364151980,0.277606950491958,0.771106165542283 
 06/23  12:00:00,0.700321474939976,0.712697639506186,0.000000000000000E+000,0.000000000000000E+000,0.000000000000000E+000,0.000000000000000E+000,0.000000000000000E+000,0.000000000000000E+000,4.948816281097469E-002,1.078220978298593E-002,0.350008518647474,0.272930570008939,0.693898805825431 
 06/23  13:00:00,0.678774620644029,0.667639926942189,0.000000000000000E+000,0.000000000000000E+000,0.000000000000000E+000,0.000000000000000E+000,0.000000000000000E+000,0.000000000000000E+000,4.948816281097469E-002,1.078220978298593E-002,0.319023878285798,0.282368356074668,0.648191040134156 
 06/23  14:00:00,0.669879915097603,0.623094292624869,0.000000000000000E+000,0.000000000000000E+000,0.000000000000000E+000,0.000000000000000E+000,0.000000000000000E+000,0.000000000000000E+000,4.948816281097469E-002,1.078220978298593E-002,0.294229479097109,0.298268049716935,0.602550271269079 
 06/23  15:00:00,0.697274475541306,0.629996965490900,0.000000000000000E+000,0.000000000000000E+000,0.000000000000000E+000,0.000000000000000E+000,0.000000000000000E+000,0.000000000000000E+000,5.278737422232559E-002,1.150102206866029E-002,0.301026121403993,0.314847944156729,0.608310958911514 
 06/23  16:00:00,0.796427565451873,0.688632892980046,0.000000000000000E+000,0.000000000000000E+000,0.000000000000000E+000,0.000000000000000E+000,0.000000000000000E+000,0.000000000000000E+000,5.278737422232559E-002,1.150102206866029E-002,0.342617218823578,0.372409936647711,0.662982147957708 
 06/23  17:00:00,0.968838852951159,0.811913630230968,0.000000000000000E+000,0.000000000000000E+000,0.000000000000000E+000,0.000000000000000E+000,0.000000000000000E+000,0.000000000000000E+000,6.598421150843892E-002,1.437627849646360E-002,0.418947793799472,0.452418555457185,0.780752074462963 
 06/23  18:00:00,1.04896284021680,0.923484175504635,0.000000000000000E+000,0.000000000000000E+000,0.000000000000000E+000,0.000000000000000E+000,0.000000000000000E+000,0.000000000000000E+000,0.105574748444651,2.300204777987350E-002,0.382084005386279,0.491190000916397,0.889652131213758 
 06/23  19:00:00,1.08796679217883,0.942641337176322,0.000000000000000E+000,0.000000000000000E+000,0.000000000000000E+000,0.000000000000000E+000,0.000000000000000E+000,0.000000000000000E+000,0.204551090785182,4.456647098839826E-002,0.314732547256681,0.507004669458972,0.907720014672167 
 06/23  20:00:00,1.26935481212760,0.879387458170865,0.000000000000000E+000,0.000000000000000E+000,0.000000000000000E+000,0.000000000000000E+000,0.000000000000000E+000,0.000000000000000E+000,0.366212416504218,7.978833673111832E-002,0.281807230306979,0.524434814895680,0.843265587098313 
 06/23  21:00:00,1.44320011876366,0.800081201031265,0.000000000000000E+000,0.000000000000000E+000,0.000000000000000E+000,0.000000000000000E+000,0.000000000000000E+000,0.000000000000000E+000,0.531172903478863,0.115729042078660,0.266994958976403,0.512191200540138,0.764802642123830 
 06/23  22:00:00,1.21925276557481,0.670353778071418,0.000000000000000E+000,0.000000000000000E+000,0.000000000000000E+000,0.000000000000000E+000,0.000000000000000E+000,0.000000000000000E+000,0.445393456939481,9.703988622559687E-002,0.216471564029606,0.443235844690528,0.639824706427253 
 06/23  23:00:00,0.926919237370416,0.531372297681840,0.000000000000000E+000,0.000000000000000E+000,0.000000000000000E+000,0.000000000000000E+000,0.000000000000000E+000,0.000000000000000E+000,0.310125839229834,6.756850055550720E-002,0.146949182294076,0.385163701601401,0.504843102487503 
 06/23  24:00:00,0.626482336121673,0.383484174623214,0.000000000000000E+000,0.000000000000000E+000,0.000000000000000E+000,0.000000000000000E+000,0.000000000000000E+000,0.000000000000000E+000,0.158362080870523,3.450306256342797E-002,9.791613045497836E-002,0.318589048543143,0.361540489326707 
 06/24  01:00:00,0.514410777109587,0.322868662637612,0.000000000000000E+000,0.000000000000000E+000,0.000000000000000E+000,0.000000000000000E+000,0.000000000000000E+000,0.000000000000000E+000,9.567709749201676E-002,2.084560181646811E-002,8.743947017666101E-002,0.293336593934840,0.302664308681662 
 06/24  02:00:00,0.457685932948953,0.303290969279315,0.000000000000000E+000,0.000000000000000E+000,0.000000000000000E+000,0.000000000000000E+000,0.000000000000000E+000,0.000000000000000E+000,6.268500009708801E-002,1.365746438951277E-002,7.429586482556264E-002,0.289935589947189,0.283320868702564 
 06/24  03:00:00,0.444869420492766,0.308761633359117,0.000000000000000E+000,0.000000000000000E+000,0.000000000000000E+000,0.000000000000000E+000,0.000000000000000E+000,0.000000000000000E+000,6.268500009708801E-002,1.365746438951277E-002,6.556055715455404E-002,0.285854385162011,0.289072636837405 
 06/24  04:00:00,0.447786025199797,0.472539141781072,0.000000000000000E+000,0.107135654472483,0.000000000000000E+000,3.068145393038684E-003,3.068145393038684E-003,3.068145393038684E-003,6.268500009708801E-002,1.365746438951277E-002,7.620720412933703E-002,0.275056197501220,0.346458245265836 
 06/24  05:00:00,0.500068956595248,0.834214870986127,0.000000000000000E+000,0.218799410200705,0.000000000000000E+000,6.195943551622626E-003,6.195943551622626E-003,6.195943551622626E-003,6.598421150843892E-002,1.437627849646360E-002,8.945989946368259E-002,0.306940609885441,0.594274093312672 
 06/24  06:00:00,0.635523972254004,1.40710337597017,0.000000000000000E+000,0.323912747787202,0.000000000000000E+000,9.055234929401482E-003,9.055234929401482E-003,9.055234929401482E-003,8.907869138789609E-002,1.940797724511937E-002,0.146230364189749,0.354639690812237,1.05876385706695 
 06/24  07:00:00,0.822027895246323,1.58553964725685,0.000000000000000E+000,0.369381380207296,0.000000000000000E+000,1.023868368947487E-002,1.023868368947487E-002,1.023868368947487E-002,0.141866023813768,3.090899202867384E-002,0.230070928193149,0.376831241831655,1.19020299263426 
 06/24  08:00:00,0.778138203523912,1.61849393697206,0.000000000000000E+000,0.433713276641469,0.000000000000000E+000,1.194155115833262E-002,1.194155115833262E-002,1.194155115833262E-002,0.105574748444651,2.300204777987350E-002,0.301918793908311,0.318589048543143,1.16283697503408 
 06/24  09:00:00,0.750984932888041,1.62386161587773,0.000000000000000E+000,0.543292824318692,0.000000000000000E+000,1.495863605051643E-002,1.495863605051643E-002,1.495863605051643E-002,5.938579704502768E-002,1.293865028256194E-002,0.375444792904911,0.271145042915422,1.06189294090237 
 06/24  10:00:00,0.762940278661696,1.20231618733309,0.000000000000000E+000,0.244116281220850,0.000000000000000E+000,6.721323090117198E-003,6.721323090117198E-003,6.721323090117198E-003,5.278737422232559E-002,1.150102206866029E-002,0.397296620198725,0.277521925392267,0.939084830369569 
 06/24  11:00:00,0.768093502437519,0.847207663018588,0.000000000000000E+000,0.000000000000000E+000,0.000000000000000E+000,0.000000000000000E+000,0.000000000000000E+000,0.000000000000000E+000,4.948816281097469E-002,1.078220978298593E-002,0.413104165661999,0.277606950491958,0.828086730941433 
 06/24  12:00:00,0.748132019279470,0.762032242769190,0.000000000000000E+000,0.000000000000000E+000,0.000000000000000E+000,0.000000000000000E+000,0.000000000000000E+000,0.000000000000000E+000,4.948816281097469E-002,1.078220978298593E-002,0.397819062986971,0.272930570008939,0.743233409088435 
 06/24  13:00:00,0.722362688029174,0.710166067133027,0.000000000000000E+000,0.000000000000000E+000,0.000000000000000E+000,0.000000000000000E+000,0.000000000000000E+000,0.000000000000000E+000,4.948816281097469E-002,1.078220978298593E-002,0.362611945670944,0.282368356074668,0.690717180324994 
 06/24  14:00:00,0.709005518573267,0.661342320101527,0.000000000000000E+000,0.000000000000000E+000,0.000000000000000E+000,0.000000000000000E+000,0.000000000000000E+000,0.000000000000000E+000,4.948816281097469E-002,1.078220978298593E-002,0.333355082572772,0.298268049716935,0.640798298745734 
 06/24  15:00:00,0.734333478043748,0.667818728485086,0.000000000000000E+000,0.000000000000000E+000,0.000000000000000E+000,0.000000000000000E+000,0.000000000000000E+000,0.000000000000000E+000,5.278737422232559E-002,1.150102206866029E-002,0.338085123906433,0.314847944156729,0.646132721905697 
 06/24  16:00:00,0.832345513433931,0.735626282794786,0.000000000000000E+000,0.000000000000000E+000,0.000000000000000E+000,0.000000000000000E+000,0.000000000000000E+000,0.000000000000000E+000,5.278737422232559E-002,1.150102206866029E-002,0.378535166805636,0.372409936647711,0.709975537772448 
 06/24  17:00:00,1.13757920231113,0.868585894281996,0.000000000000000E+000,0.000000000000000E+000,0.101989715620256,3.139867524298760E-002,0.133388390863243,3.139867524298760E-002,6.598421150843892E-002,1.437627849646360E-002,0.454299752296194,0.452418555457185,0.837424338513990 
 06/24  18:00:00,1.28947704025709,0.997426676766272,0.000000000000000E+000,0.000000000000000E+000,0.157381955678816,4.882190137367069E-002,0.206203857052487,4.882190137367069E-002,0.105574748444651,2.300204777987350E-002,0.416394348374079,0.491190000916397,0.963594632475395 
 06/24  19:00:00,1.37482996049788,1.02549492051287,0.000000000000000E+000,0.000000000000000E+000,0.191515703334317,6.110268339537705E-002,0.252618386729694,6.110268339537705E-002,0.204551090785182,4.456647098839826E-002,0.348977328846029,0.507004669458972,0.990573598008711 
 06/24  20:00:00,1.56036738645635,0.958079936051636,0.000000000000000E+000,0.000000000000000E+000,0.192903161356344,6.325401476053188E-002,0.256157176116876,6.325401476053188E-002,0.366212416504218,7.978833673111832E-002,0.316662628518856,0.524434814895680,0.921958064979081 
 06/24  21:00:00,1.71045944138447,0.865663349952243,0.000000000000000E+000,0.000000000000000E+000,0.173311062947672,5.834137371934692E-002,0.231652436667019,5.834137371934692E-002,0.531172903478863,0.115729042078660,0.302601844930188,0.512191200540138,0.830384791044810 
 06/24  22:00:00,1.41076083367829,0.721647110361935,0.000000000000000E+000,0.000000000000000E+000,0.121749300685191,4.146553285945058E-002,0.163214833544642,4.146553285945058E-002,0.445393456939481,9.703988622559687E-002,0.244764798588447,0.443235844690528,0.691118038717766 
 06/24  23:00:00,1.00346335991886,0.562752382171418,0.000000000000000E+000,0.000000000000000E+000,4.539911562708984E-002,1.561014915770795E-002,6.100926478479778E-002,1.561014915770795E-002,0.310125839229834,6.756850055550720E-002,0.162484040057721,0.385163701601401,0.536223186977081 
 06/24  24:00:00,0.633056024457420,0.394103501637943,0.000000000000000E+000,0.000000000000000E+000,0.000000000000000E+000,0.000000000000000E+000,0.000000000000000E+000,0.000000000000000E+000,0.158362080870523,3.450306256342797E-002,0.104489818790726,0.318589048543143,0.372159816341437 
 06/25  01:00:00,0.514410777109587,0.321092095517513,0.000000000000000E+000,0.000000000000000E+000,0.000000000000000E+000,0.000000000000000E+000,0.000000000000000E+000,0.000000000000000E+000,9.567709749201676E-002,2.084560181646811E-002,8.743947017666101E-002,0.293336593934840,0.300887741561562 
 06/25  02:00:00,0.457685932948953,0.301560157005080,0.000000000000000E+000,0.000000000000000E+000,0.000000000000000E+000,0.000000000000000E+000,0.000000000000000E+000,0.000000000000000E+000,6.268500009708801E-002,1.365746438951277E-002,7.429586482556264E-002,0.289935589947189,0.281590056428329 
 06/25  03:00:00,0.444869420492766,0.306834685332932,0.000000000000000E+000,0.000000000000000E+000,0.000000000000000E+000,0.000000000000000E+000,0.000000000000000E+000,0.000000000000000E+000,6.268500009708801E-002,1.365746438951277E-002,6.556055715455404E-002,0.285854385162011,0.287145688811220 
 06/25  04:00:00,0.444717879806758,0.363272606399453,0.000000000000000E+000,0.000000000000000E+000,0.000000000000000E+000,0.000000000000000E+000,0.000000000000000E+000,0.000000000000000E+000,6.268500009708801E-002,1.365746438951277E-002,7.620720412933703E-002,0.275056197501220,0.344327364356699 
 06/25  05:00:00,0.493873013043628,0.612696182694787,0.000000000000000E+000,0.000000000000000E+000,0.000000000000000E+000,0.000000000000000E+000,0.000000000000000E+000,0.000000000000000E+000,6.598421150843892E-002,1.437627849646360E-002,8.945989946368259E-002,0.306940609885441,0.591554815222037 
 06/25  06:00:00,0.626468737324603,1.07933289160358,0.000000000000000E+000,0.000000000000000E+000,0.000000000000000E+000,0.000000000000000E+000,0.000000000000000E+000,0.000000000000000E+000,8.907869138789609E-002,1.940797724511937E-002,0.146230364189749,0.354639690812237,1.05490612048755 
 06/25  07:00:00,0.811789211556847,1.21184168366767,0.000000000000000E+000,0.000000000000000E+000,0.000000000000000E+000,0.000000000000000E+000,0.000000000000000E+000,0.000000000000000E+000,0.141866023813768,3.090899202867384E-002,0.230070928193149,0.376831241831655,1.18588640925237 
 06/25  08:00:00,0.766196652365581,1.18029433937506,0.000000000000000E+000,0.000000000000000E+000,0.000000000000000E+000,0.000000000000000E+000,0.000000000000000E+000,0.000000000000000E+000,0.105574748444651,2.300204777987350E-002,0.301918793908311,0.318589048543143,1.15835065407855 
 06/25  09:00:00,0.736026296837522,1.07608279749527,0.000000000000000E+000,0.000000000000000E+000,0.000000000000000E+000,0.000000000000000E+000,0.000000000000000E+000,0.000000000000000E+000,5.938579704502768E-002,1.293865028256194E-002,0.375444792904911,0.271145042915422,1.05740694683859 
 06/25  10:00:00,0.756218955571578,0.954384080327178,0.000000000000000E+000,0.000000000000000E+000,0.000000000000000E+000,0.000000000000000E+000,0.000000000000000E+000,0.000000000000000E+000,5.278737422232559E-002,1.150102206866029E-002,0.397296620198725,0.277521925392267,0.935269004584505 
 06/25  11:00:00,0.768093502437519,0.843976788452146,0.000000000000000E+000,0.000000000000000E+000,0.000000000000000E+000,0.000000000000000E+000,0.000000000000000E+000,0.000000000000000E+000,4.948816281097469E-002,1.078220978298593E-002,0.413104165661999,0.277606950491958,0.824855856374993 
 06/25  12:00:00,0.748132019279470,0.759096832551891,0.000000000000000E+000,0.000000000000000E+000,0.000000000000000E+000,0.000000000000000E+000,0.000000000000000E+000,0.000000000000000E+000,4.948816281097469E-002,1.078220978298593E-002,0.397819062986971,0.272930570008939,0.740297998871136 
 06/25  13:00:00,0.722362688029174,0.707682863154452,0.000000000000000E+000,0.000000000000000E+000,0.000000000000000E+000,0.000000000000000E+000,0.000000000000000E+000,0.000000000000000E+000,4.948816281097469E-002,1.078220978298593E-002,0.362611945670944,0.282368356074668,0.688233976346418 
 06/25  14:00:00,0.709005518573267,0.659282597750470,0.000000000000000E+000,0.000000000000000E+000,0.000000000000000E+000,0.000000000000000E+000,0.000000000000000E+000,0.000000000000000E+000,4.948816281097469E-002,1.078220978298593E-002,0.333355082572772,0.298268049716935,0.638738576394680 
 06/25  15:00:00,0.734333478043748,0.666030215817119,0.000000000000000E+000,0.000000000000000E+000,0.000000000000000E+000,0.000000000000000E+000,0.000000000000000E+000,0.000000000000000E+000,5.278737422232559E-002,1.150102206866029E-002,0.338085123906433,0.314847944156729,0.644344209237730 
 06/25  16:00:00,0.877303772136092,0.733570961155674,0.000000000000000E+000,0.000000000000000E+000,3.363505395230719E-002,1.132320474985183E-002,4.495825870215902E-002,1.132320474985183E-002,5.278737422232559E-002,1.150102206866029E-002,0.378535166805636,0.372409936647711,0.707920216133336 
 06/25  17:00:00,1.18362898652852,0.866260902651651,0.000000000000000E+000,0.000000000000000E+000,0.134241781154433,4.519639392619982E-002,0.179438175080633,4.519639392619982E-002,6.598421150843892E-002,1.437627849646360E-002,0.454299752296194,0.452418555457185,0.835099346883646 
 06/25  18:00:00,1.34479385637617,0.994906344368947,0.000000000000000E+000,0.000000000000000E+000,0.195632317697130,6.588835547443554E-002,0.261520673171565,6.588835547443554E-002,0.105574748444651,2.300204777987350E-002,0.416394348374079,0.491190000916397,0.961074300078069 
 06/25  19:00:00,1.32072122447928,1.02299718525309,0.000000000000000E+000,0.000000000000000E+000,0.147145896938391,5.136375377270264E-002,0.198509650711094,5.136375377270264E-002,0.204551090785182,4.456647098839826E-002,0.348977328846029,0.507004669458972,0.988075862748936 
 06/25  20:00:00,1.44519845835936,0.955968439976826,0.000000000000000E+000,0.000000000000000E+000,0.103680032096350,3.730821592353164E-002,0.140988248019882,3.730821592353164E-002,0.366212416504218,7.978833673111832E-002,0.316662628518856,0.524434814895680,0.919846568904272 
 06/25  21:00:00,1.55960468910964,0.863986010934634,0.000000000000000E+000,0.000000000000000E+000,5.897783587736318E-002,2.181984851482715E-002,8.079768439219023E-002,2.181984851482715E-002,0.531172903478863,0.115729042078660,0.302601844930188,0.512191200540138,0.828707452027201 
 06/25  22:00:00,1.24754600013365,0.720545059690784,0.000000000000000E+000,0.000000000000000E+000,0.000000000000000E+000,0.000000000000000E+000,0.000000000000000E+000,0.000000000000000E+000,0.445393456939481,9.703988622559687E-002,0.244764798588447,0.443235844690528,0.690015988046618 
 06/25  23:00:00,0.942454095134062,0.562222688055802,0.000000000000000E+000,0.000000000000000E+000,0.000000000000000E+000,0.000000000000000E+000,0.000000000000000E+000,0.000000000000000E+000,0.310125839229834,6.756850055550720E-002,0.162484040057721,0.385163701601401,0.535693492861465 
 06/25  24:00:00,0.633056024457420,0.394336108939240,0.000000000000000E+000,0.000000000000000E+000,0.000000000000000E+000,0.000000000000000E+000,0.000000000000000E+000,0.000000000000000E+000,0.158362080870523,3.450306256342797E-002,0.104489818790726,0.318589048543143,0.372392423642734 
 06/26  01:00:00,0.510463749876626,0.315042259581228,0.000000000000000E+000,0.000000000000000E+000,0.000000000000000E+000,0.000000000000000E+000,0.000000000000000E+000,0.000000000000000E+000,9.567709749201676E-002,2.084560181646811E-002,8.349244294370009E-002,0.293336593934840,0.294837905625277 
 06/26  02:00:00,0.455074692432732,0.297331577992067,0.000000000000000E+000,0.000000000000000E+000,0.000000000000000E+000,0.000000000000000E+000,0.000000000000000E+000,0.000000000000000E+000,6.268500009708801E-002,1.365746438951277E-002,7.168462430934135E-002,0.289935589947189,0.277361477415314 
 06/26  03:00:00,0.443504015228467,0.302210827499932,0.000000000000000E+000,0.000000000000000E+000,0.000000000000000E+000,0.000000000000000E+000,0.000000000000000E+000,0.000000000000000E+000,6.268500009708801E-002,1.365746438951277E-002,6.419515189025571E-002,0.285854385162011,0.282521830978220 
 06/26  04:00:00,0.442046722054359,0.353389782130172,0.000000000000000E+000,0.000000000000000E+000,0.000000000000000E+000,0.000000000000000E+000,0.000000000000000E+000,0.000000000000000E+000,6.268500009708801E-002,1.365746438951277E-002,7.353604637693699E-002,0.275056197501220,0.334444540087415 
 06/26  05:00:00,0.489776317166101,0.582142682633976,0.000000000000000E+000,0.000000000000000E+000,0.000000000000000E+000,0.000000000000000E+000,0.000000000000000E+000,0.000000000000000E+000,6.598421150843892E-002,1.437627849646360E-002,8.536320358615601E-002,0.306940609885441,0.561001315161226 
 06/26  06:00:00,0.615843216606688,1.00789342310924,0.000000000000000E+000,0.000000000000000E+000,0.000000000000000E+000,0.000000000000000E+000,0.000000000000000E+000,0.000000000000000E+000,8.907869138789609E-002,1.940797724511937E-002,0.135604843471835,0.354639690812237,0.983466651993214 
 06/26  07:00:00,0.790627832708188,1.12503279987666,0.000000000000000E+000,0.000000000000000E+000,0.000000000000000E+000,0.000000000000000E+000,0.000000000000000E+000,0.000000000000000E+000,0.141866023813768,3.090899202867384E-002,0.208909549344490,0.376831241831655,1.09907752546136 
 06/26  08:00:00,0.733759325523546,1.08994636701553,0.000000000000000E+000,0.000000000000000E+000,0.000000000000000E+000,0.000000000000000E+000,0.000000000000000E+000,0.000000000000000E+000,0.105574748444651,2.300204777987350E-002,0.269481467066278,0.318589048543143,1.06800268171902 
 06/26  09:00:00,0.690995202346795,0.993244818265730,0.000000000000000E+000,0.000000000000000E+000,0.000000000000000E+000,0.000000000000000E+000,0.000000000000000E+000,0.000000000000000E+000,5.938579704502768E-002,1.293865028256194E-002,0.330413698414181,0.271145042915422,0.974568967609053 
 06/26  10:00:00,0.705302685549294,0.883413107343559,0.000000000000000E+000,0.000000000000000E+000,0.000000000000000E+000,0.000000000000000E+000,0.000000000000000E+000,0.000000000000000E+000,5.278737422232559E-002,1.150102206866029E-002,0.346380350176442,0.277521925392267,0.864298031600886 
 06/26  11:00:00,0.715604700927497,0.785132959793624,0.000000000000000E+000,0.000000000000000E+000,0.000000000000000E+000,0.000000000000000E+000,0.000000000000000E+000,0.000000000000000E+000,4.948816281097469E-002,1.078220978298593E-002,0.360615364151980,0.277606950491958,0.766012027716471 
 06/26  12:00:00,0.700321474939976,0.708008220488640,0.000000000000000E+000,0.000000000000000E+000,0.000000000000000E+000,0.000000000000000E+000,0.000000000000000E+000,0.000000000000000E+000,4.948816281097469E-002,1.078220978298593E-002,0.350008518647474,0.272930570008939,0.689209386807885 
 06/26  13:00:00,0.678774620644029,0.663279056578454,0.000000000000000E+000,0.000000000000000E+000,0.000000000000000E+000,0.000000000000000E+000,0.000000000000000E+000,0.000000000000000E+000,4.948816281097469E-002,1.078220978298593E-002,0.319023878285798,0.282368356074668,0.643830169770421 
 06/26  14:00:00,0.669879915097603,0.619151185745130,0.000000000000000E+000,0.000000000000000E+000,0.000000000000000E+000,0.000000000000000E+000,0.000000000000000E+000,0.000000000000000E+000,4.948816281097469E-002,1.078220978298593E-002,0.294229479097109,0.298268049716935,0.598607164389337 
 06/26  15:00:00,0.697274475541306,0.626069204286432,0.000000000000000E+000,0.000000000000000E+000,0.000000000000000E+000,0.000000000000000E+000,0.000000000000000E+000,0.000000000000000E+000,5.278737422232559E-002,1.150102206866029E-002,0.301026121403993,0.314847944156729,0.604383197707044 
 06/26  16:00:00,0.796427565451873,0.684503013239659,0.000000000000000E+000,0.000000000000000E+000,0.000000000000000E+000,0.000000000000000E+000,0.000000000000000E+000,0.000000000000000E+000,5.278737422232559E-002,1.150102206866029E-002,0.342617218823578,0.372409936647711,0.658852268217321 
 06/26  17:00:00,0.968838852951159,0.806857849842563,0.000000000000000E+000,0.000000000000000E+000,0.000000000000000E+000,0.000000000000000E+000,0.000000000000000E+000,0.000000000000000E+000,6.598421150843892E-002,1.437627849646360E-002,0.418947793799472,0.452418555457185,0.775696294074558 
 06/26  18:00:00,1.04896284021680,0.917608842536517,0.000000000000000E+000,0.000000000000000E+000,0.000000000000000E+000,0.000000000000000E+000,0.000000000000000E+000,0.000000000000000E+000,0.105574748444651,2.300204777987350E-002,0.382084005386279,0.491190000916397,0.883776798245640 
 06/26  19:00:00,1.08796679217883,0.936513815771948,0.000000000000000E+000,0.000000000000000E+000,0.000000000000000E+000,0.000000000000000E+000,0.000000000000000E+000,0.000000000000000E+000,0.204551090785182,4.456647098839826E-002,0.314732547256681,0.507004669458972,0.901592493267793 
 06/26  20:00:00,1.26935481212760,0.873633159606855,0.000000000000000E+000,0.000000000000000E+000,0.000000000000000E+000,0.000000000000000E+000,0.000000000000000E+000,0.000000000000000E+000,0.366212416504218,7.978833673111832E-002,0.281807230306979,0.524434814895680,0.837511288534300 
 06/26  21:00:00,1.44320011876366,0.794842271251017,0.000000000000000E+000,0.000000000000000E+000,0.000000000000000E+000,0.000000000000000E+000,0.000000000000000E+000,0.000000000000000E+000,0.531172903478863,0.115729042078660,0.266994958976403,0.512191200540138,0.759563712343584 
 06/26  22:00:00,1.21925276557481,0.666242160755622,0.000000000000000E+000,0.000000000000000E+000,0.000000000000000E+000,0.000000000000000E+000,0.000000000000000E+000,0.000000000000000E+000,0.445393456939481,9.703988622559687E-002,0.216471564029606,0.443235844690528,0.635713089111453 
 06/26  23:00:00,0.926919237370416,0.528439881370436,0.000000000000000E+000,0.000000000000000E+000,0.000000000000000E+000,0.000000000000000E+000,0.000000000000000E+000,0.000000000000000E+000,0.310125839229834,6.756850055550720E-002,0.146949182294076,0.385163701601401,0.501910686176100 
 06/26  24:00:00,0.626482336121673,0.381681274490728,0.000000000000000E+000,0.000000000000000E+000,0.000000000000000E+000,0.000000000000000E+000,0.000000000000000E+000,0.000000000000000E+000,0.158362080870523,3.450306256342797E-002,9.791613045497836E-002,0.318589048543143,0.359737589194222 
 06/27  01:00:00,0.510463749876626,0.315059712464182,0.000000000000000E+000,0.000000000000000E+000,0.000000000000000E+000,0.000000000000000E+000,0.000000000000000E+000,0.000000000000000E+000,9.567709749201676E-002,2.084560181646811E-002,8.349244294370009E-002,0.293336593934840,0.294855358508231 
 06/27  02:00:00,0.455074692432732,0.297357571636448,0.000000000000000E+000,0.000000000000000E+000,0.000000000000000E+000,0.000000000000000E+000,0.000000000000000E+000,0.000000000000000E+000,6.268500009708801E-002,1.365746438951277E-002,7.168462430934135E-002,0.289935589947189,0.277387471059695 
 06/27  03:00:00,0.443504015228467,0.302222804794267,0.000000000000000E+000,0.000000000000000E+000,0.000000000000000E+000,0.000000000000000E+000,0.000000000000000E+000,0.000000000000000E+000,6.268500009708801E-002,1.365746438951277E-002,6.419515189025571E-002,0.285854385162011,0.282533808272555 
 06/27  04:00:00,0.442046722054359,0.352987922495104,0.000000000000000E+000,0.000000000000000E+000,0.000000000000000E+000,0.000000000000000E+000,0.000000000000000E+000,0.000000000000000E+000,6.268500009708801E-002,1.365746438951277E-002,7.353604637693699E-002,0.275056197501220,0.334042680452347 
 06/27  05:00:00,0.489776317166101,0.580988575765742,0.000000000000000E+000,0.000000000000000E+000,0.000000000000000E+000,0.000000000000000E+000,0.000000000000000E+000,0.000000000000000E+000,6.598421150843892E-002,1.437627849646360E-002,8.536320358615601E-002,0.306940609885441,0.559847208292992 
 06/27  06:00:00,0.615843216606688,1.00544217475854,0.000000000000000E+000,0.000000000000000E+000,0.000000000000000E+000,0.000000000000000E+000,0.000000000000000E+000,0.000000000000000E+000,8.907869138789609E-002,1.940797724511937E-002,0.135604843471835,0.354639690812237,0.981015403642523 
 06/27  07:00:00,0.790627832708188,1.12230748011112,0.000000000000000E+000,0.000000000000000E+000,0.000000000000000E+000,0.000000000000000E+000,0.000000000000000E+000,0.000000000000000E+000,0.141866023813768,3.090899202867384E-002,0.208909549344490,0.376831241831655,1.09635220569582 
 06/27  08:00:00,0.733759325523546,1.08728841504202,0.000000000000000E+000,0.000000000000000E+000,0.000000000000000E+000,0.000000000000000E+000,0.000000000000000E+000,0.000000000000000E+000,0.105574748444651,2.300204777987350E-002,0.269481467066278,0.318589048543143,1.06534472974551 
 06/27  09:00:00,0.690995202346795,0.990841255090731,0.000000000000000E+000,0.000000000000000E+000,0.000000000000000E+000,0.000000000000000E+000,0.000000000000000E+000,0.000000000000000E+000,5.938579704502768E-002,1.293865028256194E-002,0.330413698414181,0.271145042915422,0.972165404434054 
 06/27  10:00:00,0.705302685549294,0.881386510990208,0.000000000000000E+000,0.000000000000000E+000,0.000000000000000E+000,0.000000000000000E+000,0.000000000000000E+000,0.000000000000000E+000,5.278737422232559E-002,1.150102206866029E-002,0.346380350176442,0.277521925392267,0.862271435247532 
 06/27  11:00:00,0.715604700927497,0.783527821347069,0.000000000000000E+000,0.000000000000000E+000,0.000000000000000E+000,0.000000000000000E+000,0.000000000000000E+000,0.000000000000000E+000,4.948816281097469E-002,1.078220978298593E-002,0.360615364151980,0.277606950491958,0.764406889269917 
 06/27  12:00:00,0.700321474939976,0.706855766175219,0.000000000000000E+000,0.000000000000000E+000,0.000000000000000E+000,0.000000000000000E+000,0.000000000000000E+000,0.000000000000000E+000,4.948816281097469E-002,1.078220978298593E-002,0.350008518647474,0.272930570008939,0.688056932494467 
 06/27  13:00:00,0.678774620644029,0.662275577333894,0.000000000000000E+000,0.000000000000000E+000,0.000000000000000E+000,0.000000000000000E+000,0.000000000000000E+000,0.000000000000000E+000,4.948816281097469E-002,1.078220978298593E-002,0.319023878285798,0.282368356074668,0.642826690525861 
 06/27  14:00:00,0.669879915097603,0.618090925690881,0.000000000000000E+000,0.000000000000000E+000,0.000000000000000E+000,0.000000000000000E+000,0.000000000000000E+000,0.000000000000000E+000,4.948816281097469E-002,1.078220978298593E-002,0.294229479097109,0.298268049716935,0.597546904335091 
 06/27  15:00:00,0.697274475541306,0.624949593889920,0.000000000000000E+000,0.000000000000000E+000,0.000000000000000E+000,0.000000000000000E+000,0.000000000000000E+000,0.000000000000000E+000,5.278737422232559E-002,1.150102206866029E-002,0.301026121403993,0.314847944156729,0.603263587310531 
 06/27  16:00:00,0.796427565451873,0.683233269565373,0.000000000000000E+000,0.000000000000000E+000,0.000000000000000E+000,0.000000000000000E+000,0.000000000000000E+000,0.000000000000000E+000,5.278737422232559E-002,1.150102206866029E-002,0.342617218823578,0.372409936647711,0.657582524543035 
 06/27  17:00:00,0.968838852951159,0.805333725921454,0.000000000000000E+000,0.000000000000000E+000,0.000000000000000E+000,0.000000000000000E+000,0.000000000000000E+000,0.000000000000000E+000,6.598421150843892E-002,1.437627849646360E-002,0.418947793799472,0.452418555457185,0.774172170153449 
 06/27  18:00:00,1.04896284021680,0.915905587319672,0.000000000000000E+000,0.000000000000000E+000,0.000000000000000E+000,0.000000000000000E+000,0.000000000000000E+000,0.000000000000000E+000,0.105574748444651,2.300204777987350E-002,0.382084005386279,0.491190000916397,0.882073543028792 
 06/27  19:00:00,1.08796679217883,0.934802911694417,0.000000000000000E+000,0.000000000000000E+000,0.000000000000000E+000,0.000000000000000E+000,0.000000000000000E+000,0.000000000000000E+000,0.204551090785182,4.456647098839826E-002,0.314732547256681,0.507004669458972,0.899881589190259 
 06/27  20:00:00,1.26935481212760,0.872040167230340,0.000000000000000E+000,0.000000000000000E+000,0.000000000000000E+000,0.000000000000000E+000,0.000000000000000E+000,0.000000000000000E+000,0.366212416504218,7.978833673111832E-002,0.281807230306979,0.524434814895680,0.835918296157785 
 06/27  21:00:00,1.44320011876366,0.793450962368520,0.000000000000000E+000,0.000000000000000E+000,0.000000000000000E+000,0.000000000000000E+000,0.000000000000000E+000,0.000000000000000E+000,0.531172903478863,0.115729042078660,0.266994958976403,0.512191200540138,0.758172403461085 
 06/27  22:00:00,1.21925276557481,0.665227094410436,0.000000000000000E+000,0.000000000000000E+000,0.000000000000000E+000,0.000000000000000E+000,0.000000000000000E+000,0.000000000000000E+000,0.445393456939481,9.703988622559687E-002,0.216471564029606,0.443235844690528,0.634698022766270 
 06/27  23:00:00,0.926919237370416,0.527876992167695,0.000000000000000E+000,0.000000000000000E+000,0.000000000000000E+000,0.000000000000000E+000,0.000000000000000E+000,0.000000000000000E+000,0.310125839229834,6.756850055550720E-002,0.146949182294076,0.385163701601401,0.501347796973358 
 06/27  24:00:00,0.626482336121673,0.381530244557388,0.000000000000000E+000,0.000000000000000E+000,0.000000000000000E+000,0.000000000000000E+000,0.000000000000000E+000,0.000000000000000E+000,0.158362080870523,3.450306256342797E-002,9.791613045497836E-002,0.318589048543143,0.359586559260881 
 06/28  01:00:00,0.510463749876626,0.315236361007343,0.000000000000000E+000,0.000000000000000E+000,0.000000000000000E+000,0.000000000000000E+000,0.000000000000000E+000,0.000000000000000E+000,9.567709749201676E-002,2.084560181646811E-002,8.349244294370009E-002,0.293336593934840,0.295032007051392 
 06/28  02:00:00,0.455074692432732,0.297599438806830,0.000000000000000E+000,0.000000000000000E+000,0.000000000000000E+000,0.000000000000000E+000,0.000000000000000E+000,0.000000000000000E+000,6.268500009708801E-002,1.365746438951277E-002,7.168462430934135E-002,0.289935589947189,0.277629338230078 
 06/28  03:00:00,0.443504015228467,0.302580631114375,0.000000000000000E+000,0.000000000000000E+000,0.000000000000000E+000,0.000000000000000E+000,0.000000000000000E+000,0.000000000000000E+000,6.268500009708801E-002,1.365746438951277E-002,6.419515189025571E-002,0.285854385162011,0.282891634592663 
 06/28  04:00:00,0.442046722054359,0.353138025324322,0.000000000000000E+000,0.000000000000000E+000,0.000000000000000E+000,0.000000000000000E+000,0.000000000000000E+000,0.000000000000000E+000,6.268500009708801E-002,1.365746438951277E-002,7.353604637693699E-002,0.275056197501220,0.334192783281568 
 06/28  05:00:00,0.489776317166101,0.580444966280174,0.000000000000000E+000,0.000000000000000E+000,0.000000000000000E+000,0.000000000000000E+000,0.000000000000000E+000,0.000000000000000E+000,6.598421150843892E-002,1.437627849646360E-002,8.536320358615601E-002,0.306940609885441,0.559303598807424 
 06/28  06:00:00,0.615843216606688,1.00363585090622,0.000000000000000E+000,0.000000000000000E+000,0.000000000000000E+000,0.000000000000000E+000,0.000000000000000E+000,0.000000000000000E+000,8.907869138789609E-002,1.940797724511937E-002,0.135604843471835,0.354639690812237,0.979209079790201 
 06/28  07:00:00,0.790627832708188,1.12002323774412,0.000000000000000E+000,0.000000000000000E+000,0.000000000000000E+000,0.000000000000000E+000,0.000000000000000E+000,0.000000000000000E+000,0.141866023813768,3.090899202867384E-002,0.208909549344490,0.376831241831655,1.09406796332882 
 06/28  08:00:00,0.733759325523546,1.08481094285865,0.000000000000000E+000,0.000000000000000E+000,0.000000000000000E+000,0.000000000000000E+000,0.000000000000000E+000,0.000000000000000E+000,0.105574748444651,2.300204777987350E-002,0.269481467066278,0.318589048543143,1.06286725756215 
 06/28  09:00:00,0.690995202346795,0.988345492227961,0.000000000000000E+000,0.000000000000000E+000,0.000000000000000E+000,0.000000000000000E+000,0.000000000000000E+000,0.000000000000000E+000,5.938579704502768E-002,1.293865028256194E-002,0.330413698414181,0.271145042915422,0.969669641571284 
 06/28  10:00:00,0.705302685549294,0.879041690648312,0.000000000000000E+000,0.000000000000000E+000,0.000000000000000E+000,0.000000000000000E+000,0.000000000000000E+000,0.000000000000000E+000,5.278737422232559E-002,1.150102206866029E-002,0.346380350176442,0.277521925392267,0.859926614905639 
 06/28  11:00:00,0.715604700927497,0.781299761984373,0.000000000000000E+000,0.000000000000000E+000,0.000000000000000E+000,0.000000000000000E+000,0.000000000000000E+000,0.000000000000000E+000,4.948816281097469E-002,1.078220978298593E-002,0.360615364151980,0.277606950491958,0.762178829907221 
 06/28  12:00:00,0.700321474939976,0.704636087920472,0.000000000000000E+000,0.000000000000000E+000,0.000000000000000E+000,0.000000000000000E+000,0.000000000000000E+000,0.000000000000000E+000,4.948816281097469E-002,1.078220978298593E-002,0.350008518647474,0.272930570008939,0.685837254239720 
 06/28  13:00:00,0.678774620644029,0.660119601824265,0.000000000000000E+000,0.000000000000000E+000,0.000000000000000E+000,0.000000000000000E+000,0.000000000000000E+000,0.000000000000000E+000,4.948816281097469E-002,1.078220978298593E-002,0.319023878285798,0.282368356074668,0.640670715016231 
 06/28  14:00:00,0.669879915097603,0.616107206881513,0.000000000000000E+000,0.000000000000000E+000,0.000000000000000E+000,0.000000000000000E+000,0.000000000000000E+000,0.000000000000000E+000,4.948816281097469E-002,1.078220978298593E-002,0.294229479097109,0.298268049716935,0.595563185525723 
 06/28  15:00:00,0.758693914691807,0.622812080575582,0.000000000000000E+000,0.000000000000000E+000,4.714921228747605E-002,1.427022686302408E-002,6.141943915050035E-002,1.427022686302408E-002,5.278737422232559E-002,1.150102206866029E-002,0.301026121403993,0.314847944156729,0.601126073996194 
 06/28  16:00:00,1.13702371297084,0.680899775316846,0.000000000000000E+000,0.000000000000000E+000,0.261688389348248,7.890775817071520E-002,0.340596147518964,7.890775817071520E-002,5.278737422232559E-002,1.150102206866029E-002,0.342617218823578,0.372409936647711,0.655249030294508 
 06/28  17:00:00,1.74015299060029,0.802607514394801,0.000000000000000E+000,0.000000000000000E+000,0.592848225981074,0.178465911668056,0.771314137649127,0.178465911668056,6.598421150843892E-002,1.437627849646360E-002,0.418947793799472,0.452418555457185,0.771445958626795 
 06/28  18:00:00,1.78808773214435,0.912776289178917,0.000000000000000E+000,0.000000000000000E+000,0.568716806010747,0.170408085916802,0.739124891927549,0.170408085916802,0.105574748444651,2.300204777987350E-002,0.382084005386279,0.491190000916397,0.878944244888039 
 06/28  19:00:00,1.80439304830972,0.931603425914878,0.000000000000000E+000,0.000000000000000E+000,0.545430394474094,0.170995861656792,0.716426256130885,0.170995861656792,0.204551090785182,4.456647098839826E-002,0.314732547256681,0.507004669458972,0.896682103410723 
 06/28  20:00:00,1.92169981164236,0.869099827550500,0.000000000000000E+000,0.000000000000000E+000,0.491208333937575,0.161136665577183,0.652344999514760,0.161136665577183,0.366212416504218,7.978833673111832E-002,0.281807230306979,0.524434814895680,0.832977956477949 
 06/28  21:00:00,1.98919917646977,0.790783094535589,0.000000000000000E+000,0.000000000000000E+000,0.407018145159992,0.138980912546113,0.545999057706105,0.138980912546113,0.531172903478863,0.115729042078660,0.266994958976403,0.512191200540138,0.755504535628153 
 06/28  22:00:00,1.60782354091875,0.662930917282915,0.000000000000000E+000,0.000000000000000E+000,0.287882969289719,0.100687806054215,0.388570775343933,0.100687806054215,0.445393456939481,9.703988622559687E-002,0.216471564029606,0.443235844690528,0.632401845638749 
 06/28  23:00:00,1.13123389925846,0.525928101961034,0.000000000000000E+000,0.000000000000000E+000,0.150498908896902,5.381575299114212E-002,0.204314661888044,5.381575299114212E-002,0.310125839229834,6.756850055550720E-002,0.146949182294076,0.385163701601401,0.499398906766697 
 06/28  24:00:00,0.656724819760108,0.379995943908851,0.000000000000000E+000,0.000000000000000E+000,2.216072083209309E-002,8.081762806341210E-003,3.024248363843422E-002,8.081762806341210E-003,0.158362080870523,3.450306256342797E-002,9.791613045497836E-002,0.318589048543143,0.358052258612344 
 06/29  01:00:00,0.510463749876626,0.313688553305400,0.000000000000000E+000,0.000000000000000E+000,0.000000000000000E+000,0.000000000000000E+000,0.000000000000000E+000,0.000000000000000E+000,9.567709749201676E-002,2.084560181646811E-002,8.349244294370009E-002,0.293336593934840,0.293484199349449 
 06/29  02:00:00,0.455074692432732,0.296122754584417,0.000000000000000E+000,0.000000000000000E+000,0.000000000000000E+000,0.000000000000000E+000,0.000000000000000E+000,0.000000000000000E+000,6.268500009708801E-002,1.365746438951277E-002,7.168462430934135E-002,0.289935589947189,0.276152654007664 
 06/29  03:00:00,0.443504015228467,0.300981829715296,0.000000000000000E+000,0.000000000000000E+000,0.000000000000000E+000,0.000000000000000E+000,0.000000000000000E+000,0.000000000000000E+000,6.268500009708801E-002,1.365746438951277E-002,6.419515189025571E-002,0.285854385162011,0.281292833193584 
 06/29  04:00:00,0.442046722054359,0.351605722849875,0.000000000000000E+000,0.000000000000000E+000,0.000000000000000E+000,0.000000000000000E+000,0.000000000000000E+000,0.000000000000000E+000,6.268500009708801E-002,1.365746438951277E-002,7.353604637693699E-002,0.275056197501220,0.332660480807122 
 06/29  05:00:00,0.489776317166101,0.578260069459730,0.000000000000000E+000,0.000000000000000E+000,0.000000000000000E+000,0.000000000000000E+000,0.000000000000000E+000,0.000000000000000E+000,6.598421150843892E-002,1.437627849646360E-002,8.536320358615601E-002,0.306940609885441,0.557118701986980 
 06/29  06:00:00,0.615843216606688,1.00031820003021,0.000000000000000E+000,0.000000000000000E+000,0.000000000000000E+000,0.000000000000000E+000,0.000000000000000E+000,0.000000000000000E+000,8.907869138789609E-002,1.940797724511937E-002,0.135604843471835,0.354639690812237,0.975891428914188 
 06/29  07:00:00,0.790627832708188,1.11625774781094,0.000000000000000E+000,0.000000000000000E+000,0.000000000000000E+000,0.000000000000000E+000,0.000000000000000E+000,0.000000000000000E+000,0.141866023813768,3.090899202867384E-002,0.208909549344490,0.376831241831655,1.09030247339564 
 06/29  08:00:00,0.733759325523546,1.08092304107846,0.000000000000000E+000,0.000000000000000E+000,0.000000000000000E+000,0.000000000000000E+000,0.000000000000000E+000,0.000000000000000E+000,0.105574748444651,2.300204777987350E-002,0.269481467066278,0.318589048543143,1.05897935578196 
 06/29  09:00:00,0.690995202346795,0.984575942854282,0.000000000000000E+000,0.000000000000000E+000,0.000000000000000E+000,0.000000000000000E+000,0.000000000000000E+000,0.000000000000000E+000,5.938579704502768E-002,1.293865028256194E-002,0.330413698414181,0.271145042915422,0.965900092197608 
 06/29  10:00:00,0.705302685549294,0.875460274393787,0.000000000000000E+000,0.000000000000000E+000,0.000000000000000E+000,0.000000000000000E+000,0.000000000000000E+000,0.000000000000000E+000,5.278737422232559E-002,1.150102206866029E-002,0.346380350176442,0.277521925392267,0.856345198651114 
 06/29  11:00:00,0.715604700927497,0.777835631896194,0.000000000000000E+000,0.000000000000000E+000,0.000000000000000E+000,0.000000000000000E+000,0.000000000000000E+000,0.000000000000000E+000,4.948816281097469E-002,1.078220978298593E-002,0.360615364151980,0.277606950491958,0.758714699819041 
 06/29  12:00:00,0.855384191803292,0.701227637124619,0.000000000000000E+000,0.000000000000000E+000,0.121090731330555,3.397198553276252E-002,0.155062716863317,3.397198553276252E-002,4.948816281097469E-002,1.078220978298593E-002,0.350008518647474,0.272930570008939,0.682428803443864 
 06/29  13:00:00,1.09786506366088,0.656903537057443,0.000000000000000E+000,0.000000000000000E+000,0.327933739485284,9.115670353157142E-002,0.419090443016856,9.115670353157142E-002,4.948816281097469E-002,1.078220978298593E-002,0.319023878285798,0.282368356074668,0.637454650249410 
 06/29  14:00:00,1.29575403447683,0.613175415104898,0.000000000000000E+000,0.000000000000000E+000,0.490503170789409,0.135370948589815,0.625874119379223,0.135370948589815,4.948816281097469E-002,1.078220978298593E-002,0.294229479097109,0.298268049716935,0.592631393749108 
 06/29  15:00:00,1.53127207290917,0.620087646648637,0.000000000000000E+000,0.000000000000000E+000,0.654956216476796,0.179041380891064,0.833997597367861,0.179041380891064,5.278737422232559E-002,1.150102206866029E-002,0.301026121403993,0.314847944156729,0.598401640069248 
 06/29  16:00:00,1.83805543414037,0.678014824094311,0.000000000000000E+000,0.000000000000000E+000,0.815521862062784,0.226106006625706,1.04162786868849,0.226106006625706,5.278737422232559E-002,1.150102206866029E-002,0.342617218823578,0.372409936647711,0.652364079071974 
 06/29  17:00:00,2.37652124419930,0.799528581179623,0.000000000000000E+000,0.000000000000000E+000,1.09930666206479,0.308375729183350,1.40768239124814,0.308375729183350,6.598421150843892E-002,1.437627849646360E-002,0.418947793799472,0.452418555457185,0.768367025411617 
 06/29  18:00:00,2.26881307001487,0.909672379425005,0.000000000000000E+000,0.000000000000000E+000,0.949697699549435,0.270152530248625,1.21985022979806,0.270152530248625,0.105574748444651,2.300204777987350E-002,0.382084005386279,0.491190000916397,0.875840335134127 
 06/29  19:00:00,2.11885992245540,0.928713822349755,0.000000000000000E+000,0.000000000000000E+000,0.790914704849419,0.239978425427150,1.03089313027657,0.239978425427150,0.204551090785182,4.456647098839826E-002,0.314732547256681,0.507004669458972,0.893792499845600 
 06/29  20:00:00,2.12013677544205,0.866513619663538,0.000000000000000E+000,0.000000000000000E+000,0.643571506379626,0.207210456934824,0.850781963314451,0.207210456934824,0.366212416504218,7.978833673111832E-002,0.281807230306979,0.524434814895680,0.830391748590987 
 06/29  21:00:00,2.10397576065307,0.788536023347147,0.000000000000000E+000,0.000000000000000E+000,0.492837693624520,0.167937948264884,0.660775641889405,0.167937948264884,0.531172903478863,0.115729042078660,0.266994958976403,0.512191200540138,0.753257464439712 
 06/29  22:00:00,1.69008149841917,0.661078126447648,0.000000000000000E+000,0.000000000000000E+000,0.349012363178467,0.121816369665892,0.470828732844360,0.121816369665892,0.445393456939481,9.703988622559687E-002,0.216471564029606,0.443235844690528,0.630549054803482 
 06/29  23:00:00,1.19241948311542,0.524453066813693,0.000000000000000E+000,0.000000000000000E+000,0.195669018498028,6.983122724697155E-002,0.265500245744999,6.983122724697155E-002,0.310125839229834,6.756850055550720E-002,0.146949182294076,0.385163701601401,0.497923871619356 
 06/29  24:00:00,0.704940573927791,0.378898564464429,0.000000000000000E+000,0.000000000000000E+000,5.751234916360363E-002,2.094588864251476E-002,7.845823780611835E-002,2.094588864251476E-002,0.158362080870523,3.450306256342797E-002,9.791613045497836E-002,0.318589048543143,0.356954879167922 
 06/30  01:00:00,0.510463749876626,0.312797302860098,0.000000000000000E+000,0.000000000000000E+000,0.000000000000000E+000,0.000000000000000E+000,0.000000000000000E+000,0.000000000000000E+000,9.567709749201676E-002,2.084560181646811E-002,8.349244294370009E-002,0.293336593934840,0.292592948904147 
 06/30  02:00:00,0.455074692432732,0.295317475536802,0.000000000000000E+000,0.000000000000000E+000,0.000000000000000E+000,0.000000000000000E+000,0.000000000000000E+000,0.000000000000000E+000,6.268500009708801E-002,1.365746438951277E-002,7.168462430934135E-002,0.289935589947189,0.275347374960050 
 06/30  03:00:00,0.443504015228467,0.300363499772941,0.000000000000000E+000,0.000000000000000E+000,0.000000000000000E+000,0.000000000000000E+000,0.000000000000000E+000,0.000000000000000E+000,6.268500009708801E-002,1.365746438951277E-002,6.419515189025571E-002,0.285854385162011,0.280674503251229 
 06/30  04:00:00,0.442046722054359,0.350728849067271,0.000000000000000E+000,0.000000000000000E+000,0.000000000000000E+000,0.000000000000000E+000,0.000000000000000E+000,0.000000000000000E+000,6.268500009708801E-002,1.365746438951277E-002,7.353604637693699E-002,0.275056197501220,0.331783607024515 
 06/30  05:00:00,0.489776317166101,0.576842210064652,0.000000000000000E+000,0.000000000000000E+000,0.000000000000000E+000,0.000000000000000E+000,0.000000000000000E+000,0.000000000000000E+000,6.598421150843892E-002,1.437627849646360E-002,8.536320358615601E-002,0.306940609885441,0.555700842591904 
 06/30  06:00:00,0.615843216606688,0.997782531648356,0.000000000000000E+000,0.000000000000000E+000,0.000000000000000E+000,0.000000000000000E+000,0.000000000000000E+000,0.000000000000000E+000,8.907869138789609E-002,1.940797724511937E-002,0.135604843471835,0.354639690812237,0.973355760532335 
 06/30  07:00:00,0.790627832708188,1.11338358023267,0.000000000000000E+000,0.000000000000000E+000,0.000000000000000E+000,0.000000000000000E+000,0.000000000000000E+000,0.000000000000000E+000,0.141866023813768,3.090899202867384E-002,0.208909549344490,0.376831241831655,1.08742830581737 
 06/30  08:00:00,0.733759325523546,1.07809721119360,0.000000000000000E+000,0.000000000000000E+000,0.000000000000000E+000,0.000000000000000E+000,0.000000000000000E+000,0.000000000000000E+000,0.105574748444651,2.300204777987350E-002,0.269481467066278,0.318589048543143,1.05615352589709 
 06/30  09:00:00,0.690995202346795,0.981959660420580,0.000000000000000E+000,0.000000000000000E+000,0.000000000000000E+000,0.000000000000000E+000,0.000000000000000E+000,0.000000000000000E+000,5.938579704502768E-002,1.293865028256194E-002,0.330413698414181,0.271145042915422,0.963283809763906 
 06/30  10:00:00,0.705302685549294,0.873179794970091,0.000000000000000E+000,0.000000000000000E+000,0.000000000000000E+000,0.000000000000000E+000,0.000000000000000E+000,0.000000000000000E+000,5.278737422232559E-002,1.150102206866029E-002,0.346380350176442,0.277521925392267,0.854064719227418 
 06/30  11:00:00,0.715604700927497,0.775911662600911,0.000000000000000E+000,0.000000000000000E+000,0.000000000000000E+000,0.000000000000000E+000,0.000000000000000E+000,0.000000000000000E+000,4.948816281097469E-002,1.078220978298593E-002,0.360615364151980,0.277606950491958,0.756790730523756 
 06/30  12:00:00,0.732788367996112,0.699576820162100,0.000000000000000E+000,0.000000000000000E+000,2.521220951278920E-002,7.254683543347802E-003,3.246689305613700E-002,7.254683543347802E-003,4.948816281097469E-002,1.078220978298593E-002,0.350008518647474,0.272930570008939,0.680777986481345 
 06/30  13:00:00,0.909721070882205,0.655403229246439,0.000000000000000E+000,0.000000000000000E+000,0.179527279196290,5.141917104188781E-002,0.230946450238177,5.141917104188781E-002,4.948816281097469E-002,1.078220978298593E-002,0.319023878285798,0.282368356074668,0.635954342438406 
 06/30  14:00:00,1.08963886527695,0.611910718443264,0.000000000000000E+000,0.000000000000000E+000,0.326468694099002,9.329025608034933E-002,0.419758950179350,9.329025608034933E-002,4.948816281097469E-002,1.078220978298593E-002,0.294229479097109,0.298268049716935,0.591366697087474 
 06/30  15:00:00,1.29079609290642,0.618853878485732,0.000000000000000E+000,0.000000000000000E+000,0.462085764385957,0.131435852979155,0.593521617365111,0.131435852979155,5.278737422232559E-002,1.150102206866029E-002,0.301026121403993,0.314847944156729,0.597167871906343 
 06/30  16:00:00,1.57992213922575,0.676669078403588,0.000000000000000E+000,0.000000000000000E+000,0.608730268094978,0.174764305678897,0.783494573773874,0.174764305678897,5.278737422232559E-002,1.150102206866029E-002,0.342617218823578,0.372409936647711,0.651018333381250 
 06/30  17:00:00,2.04997814325227,0.797900270408947,0.000000000000000E+000,0.000000000000000E+000,0.838675111572647,0.242464178728458,1.08113929030111,0.242464178728458,6.598421150843892E-002,1.437627849646360E-002,0.418947793799472,0.452418555457185,0.766738714640942 
 06/30  18:00:00,1.99884968783279,0.907803823937350,0.000000000000000E+000,0.000000000000000E+000,0.735320732202049,0.214566115413935,0.949886847615981,0.214566115413935,0.105574748444651,2.300204777987350E-002,0.382084005386279,0.491190000916397,0.873971779646473 
 06/30  19:00:00,1.85002711416244,0.926867485716406,0.000000000000000E+000,0.000000000000000E+000,0.578028204891716,0.184032117091886,0.762060321983603,0.184032117091886,0.204551090785182,4.456647098839826E-002,0.314732547256681,0.507004669458972,0.891946163212251 
 06/30  20:00:00,1.87074638251353,0.864991996665969,0.000000000000000E+000,0.000000000000000E+000,0.448591354701736,0.152800215684200,0.601391570385935,0.152800215684200,0.366212416504218,7.978833673111832E-002,0.281807230306979,0.524434814895680,0.828870125593414 
 06/30  21:00:00,1.74862056820723,0.787223591505422,0.000000000000000E+000,0.000000000000000E+000,0.224976342014667,8.044410742889557E-002,0.305420449443564,8.044410742889557E-002,0.531172903478863,0.115729042078660,0.266994958976403,0.512191200540138,0.751945032597986 
 06/30  22:00:00,1.21925276557481,0.659986210962319,0.000000000000000E+000,0.000000000000000E+000,0.000000000000000E+000,0.000000000000000E+000,0.000000000000000E+000,0.000000000000000E+000,0.445393456939481,9.703988622559687E-002,0.216471564029606,0.443235844690528,0.629457139318153 
 06/30  23:00:00,0.926919237370416,0.523507027743357,0.000000000000000E+000,0.000000000000000E+000,0.000000000000000E+000,0.000000000000000E+000,0.000000000000000E+000,0.000000000000000E+000,0.310125839229834,6.756850055550720E-002,0.146949182294076,0.385163701601401,0.496977832549023 
 06/30  24:00:00,0.626482336121673,0.378404405509966,0.000000000000000E+000,0.000000000000000E+000,0.000000000000000E+000,0.000000000000000E+000,0.000000000000000E+000,0.000000000000000E+000,0.158362080870523,3.450306256342797E-002,9.791613045497836E-002,0.318589048543143,0.356460720213459 
 07/01  01:00:00,0.515547781631398,0.319180581972645,0.000000000000000E+000,0.000000000000000E+000,0.000000000000000E+000,0.000000000000000E+000,0.000000000000000E+000,0.000000000000000E+000,9.764119643193464E-002,2.127351072004496E-002,8.750431654647417E-002,0.292016744243345,0.299067136245968 
 07/01  02:00:00,0.457980908790631,0.300149201513861,0.000000000000000E+000,0.000000000000000E+000,0.000000000000000E+000,0.000000000000000E+000,0.000000000000000E+000,0.000000000000000E+000,6.397178750905712E-002,1.393782258092414E-002,7.432824215023587E-002,0.288631042860813,0.280268955157926 
 07/01  03:00:00,0.445182759460584,0.305624496576649,0.000000000000000E+000,0.000000000000000E+000,0.000000000000000E+000,0.000000000000000E+000,0.000000000000000E+000,0.000000000000000E+000,6.397178750905712E-002,1.393782258092414E-002,6.559293447922755E-002,0.284568201201776,0.286024089465608 
 07/01  04:00:00,0.445112273590970,0.361196426383893,0.000000000000000E+000,0.000000000000000E+000,0.000000000000000E+000,0.000000000000000E+000,0.000000000000000E+000,0.000000000000000E+000,6.397178750905712E-002,1.393782258092414E-002,7.627205049915019E-002,0.273818599312238,0.342336427274964 
 07/01  05:00:00,0.494238805184528,0.606440847409459,0.000000000000000E+000,0.000000000000000E+000,0.000000000000000E+000,0.000000000000000E+000,0.000000000000000E+000,0.000000000000000E+000,6.733872589355760E-002,1.467139266972975E-002,8.955712315816899E-002,0.305559549773472,0.585394604199803 
 07/01  06:00:00,0.631427594227707,1.06527442922474,0.000000000000000E+000,0.000000000000000E+000,0.000000000000000E+000,0.000000000000000E+000,0.000000000000000E+000,0.000000000000000E+000,9.427424132885273E-002,2.053995520145101E-002,0.146457372344328,0.353044011663478,1.04095756484040 
 07/01  07:00:00,0.826331145334135,1.19555228056714,0.000000000000000E+000,0.000000000000000E+000,0.000000000000000E+000,0.000000000000000E+000,0.000000000000000E+000,0.000000000000000E+000,0.154879098812700,3.374420951484601E-002,0.230460098132495,0.375135713184494,1.16971379028869 
 07/01  08:00:00,0.780125626630616,1.16458980885560,0.000000000000000E+000,0.000000000000000E+000,0.000000000000000E+000,0.000000000000000E+000,0.000000000000000E+000,0.000000000000000E+000,0.117842759864612,2.567493489543148E-002,0.302340341172329,0.317155577008642,1.14274485780115 
 07/01  09:00:00,0.742330885889906,1.11662422163984,0.000000000000000E+000,5.441932452721702E-002,0.000000000000000E+000,1.498342759704976E-003,1.498342759704976E-003,1.498342759704976E-003,6.397178750905712E-002,1.393782258092414E-002,0.375885876628294,0.269925042722327,1.04361307728005 
 07/01  10:00:00,0.759024278048737,1.02756002456889,0.000000000000000E+000,8.517466097374621E-002,0.000000000000000E+000,2.345138196570434E-003,2.345138196570434E-003,2.345138196570434E-003,5.387098907413678E-002,1.173711413578380E-002,0.397685790138072,0.276273232814574,0.923356294942425 
 07/01  11:00:00,0.772636174219814,0.833561319041699,0.000000000000000E+000,0.000000000000000E+000,0.000000000000000E+000,0.000000000000000E+000,0.000000000000000E+000,0.000000000000000E+000,5.387098907413678E-002,1.173711413578380E-002,0.413558181971159,0.276357875349137,0.814526420404715 
 07/01  12:00:00,0.752760578513620,0.749923545663662,0.000000000000000E+000,0.000000000000000E+000,0.000000000000000E+000,0.000000000000000E+000,0.000000000000000E+000,0.000000000000000E+000,5.387098907413678E-002,1.173711413578380E-002,0.398337925665944,0.271702535948156,0.731209296161447 
 07/01  13:00:00,0.726851467119164,0.699263619223901,0.000000000000000E+000,0.000000000000000E+000,0.000000000000000E+000,0.000000000000000E+000,0.000000000000000E+000,0.000000000000000E+000,5.387098907413678E-002,1.173711413578380E-002,0.363033492934962,0.281097857284681,0.679902241467872 
 07/01  14:00:00,0.713403313245433,0.651585103000104,0.000000000000000E+000,0.000000000000000E+000,0.000000000000000E+000,0.000000000000000E+000,0.000000000000000E+000,0.000000000000000E+000,5.387098907413678E-002,1.173711413578380E-002,0.333757185097896,0.296926011248016,0.631133518185847 
 07/01  15:00:00,0.734755408972785,0.658119993884671,0.000000000000000E+000,0.000000000000000E+000,0.000000000000000E+000,0.000000000000000E+000,0.000000000000000E+000,0.000000000000000E+000,5.387098907413678E-002,1.173711413578380E-002,0.338603986585406,0.313431305487858,0.636531562138037 
 07/01  16:00:00,0.836933269633602,0.724678078767321,0.000000000000000E+000,0.000000000000000E+000,0.000000000000000E+000,0.000000000000000E+000,0.000000000000000E+000,0.000000000000000E+000,5.723791909934670E-002,1.247068240331294E-002,0.379378353054140,0.370734301387204,0.699142747670842 
 07/01  17:00:00,1.00517988419406,0.855153080229528,0.000000000000000E+000,0.000000000000000E+000,0.000000000000000E+000,0.000000000000000E+000,0.000000000000000E+000,0.000000000000000E+000,6.733872589355760E-002,1.467139266972975E-002,0.455674825529913,0.450382926411258,0.824131733936296 
 07/01  18:00:00,1.08477280442174,0.981683376027445,0.000000000000000E+000,0.000000000000000E+000,0.000000000000000E+000,0.000000000000000E+000,0.000000000000000E+000,0.000000000000000E+000,0.107741978148274,2.347423191412051E-002,0.417464634497629,0.488979922172116,0.948003556907730 
 07/01  19:00:00,1.12149494148210,1.00936384147132,0.000000000000000E+000,0.000000000000000E+000,0.000000000000000E+000,0.000000000000000E+000,0.000000000000000E+000,0.000000000000000E+000,0.205383090987301,4.474774263416546E-002,0.349528660570141,0.504723433600890,0.974599645277648 
 07/01  20:00:00,1.30722974561102,0.943407959091355,0.000000000000000E+000,0.000000000000000E+000,0.000000000000000E+000,0.000000000000000E+000,0.000000000000000E+000,0.000000000000000E+000,0.370362971516340,8.069265513032245E-002,0.316986952088389,0.522075153186363,0.907448616122618 
 07/01  21:00:00,1.48180791465547,0.852971160386880,0.000000000000000E+000,0.000000000000000E+000,0.000000000000000E+000,0.000000000000000E+000,0.000000000000000E+000,0.000000000000000E+000,0.535342852045378,0.116637567626479,0.302828853084766,0.509886628209248,0.817851335152820 
 07/01  22:00:00,1.24862825109231,0.711929571684543,0.000000000000000E+000,0.000000000000000E+000,0.000000000000000E+000,0.000000000000000E+000,0.000000000000000E+000,0.000000000000000E+000,0.447802520922691,9.756475988774546E-002,0.244907423913850,0.441241532678422,0.681537863692319 
 07/01  23:00:00,0.940370473862924,0.556315755426748,0.000000000000000E+000,0.000000000000000E+000,0.000000000000000E+000,0.000000000000000E+000,0.000000000000000E+000,0.000000000000000E+000,0.309758114032493,6.748840081692746E-002,0.162581263752207,0.383430681571697,0.529905926689980 
 07/01  24:00:00,0.635646520049537,0.391105428950257,0.000000000000000E+000,0.000000000000000E+000,0.000000000000000E+000,0.000000000000000E+000,0.000000000000000E+000,0.000000000000000E+000,0.161612925425957,3.521133876479848E-002,0.104554665160539,0.317155577008642,0.369260477895804 
 07/02  01:00:00,0.515547781631398,0.319613359210286,0.000000000000000E+000,0.000000000000000E+000,0.000000000000000E+000,0.000000000000000E+000,0.000000000000000E+000,0.000000000000000E+000,9.764119643193464E-002,2.127351072004496E-002,8.750431654647417E-002,0.292016744243345,0.299499913483608 
 07/02  02:00:00,0.463241242745067,0.491667209256142,0.000000000000000E+000,0.191053628239519,0.000000000000000E+000,5.260333954437074E-003,5.260333954437074E-003,5.260333954437074E-003,6.397178750905712E-002,1.393782258092414E-002,7.432824215023587E-002,0.288631042860813,0.280733334660688 
 07/02  03:00:00,0.464979631895966,1.02483640092280,0.000000000000000E+000,0.719016005321166,0.000000000000000E+000,1.979687243538186E-002,1.979687243538186E-002,1.979687243538186E-002,6.397178750905712E-002,1.393782258092414E-002,6.559293447922755E-002,0.284568201201776,0.286219988490596 
 07/02  04:00:00,0.478651344053969,1.57895971275911,0.000000000000000E+000,1.21812819399653,0.000000000000000E+000,3.353907046300018E-002,3.353907046300018E-002,3.353907046300018E-002,6.397178750905712E-002,1.393782258092414E-002,7.627205049915019E-002,0.273818599312238,0.341971519653650 
 07/02  05:00:00,0.537558766385202,2.17825469196600,0.000000000000000E+000,1.57336698283254,0.000000000000000E+000,4.331996120067540E-002,4.331996120067540E-002,4.331996120067540E-002,6.733872589355760E-002,1.467139266972975E-002,8.955712315816899E-002,0.305559549773472,0.583841465923810 
 07/02  06:00:00,0.677409133546501,2.73179483709366,0.000000000000000E+000,1.67003463943265,0.000000000000000E+000,4.598153931879369E-002,4.598153931879369E-002,4.598153931879369E-002,9.427424132885273E-002,2.053995520145101E-002,0.146457372344328,0.353044011663478,1.03744333327667 
 07/02  07:00:00,0.870099985093459,2.78053078447079,0.000000000000000E+000,1.58967010693288,0.000000000000000E+000,4.376883975932241E-002,4.376883975932241E-002,4.376883975932241E-002,0.154879098812700,3.374420951484601E-002,0.230460098132495,0.375135713184494,1.16502218725947 
 07/02  08:00:00,0.822921102791211,2.71382034815559,0.000000000000000E+000,1.55431785577473,0.000000000000000E+000,4.279547616059548E-002,4.279547616059548E-002,4.279547616059548E-002,0.117842759864612,2.567493489543148E-002,0.302340341172329,0.317155577008642,1.13765754132641 
 07/02  09:00:00,0.777617552708125,2.39295139534303,0.000000000000000E+000,1.33601965304114,0.000000000000000E+000,3.678500957792245E-002,3.678500957792245E-002,3.678500957792245E-002,6.397178750905712E-002,1.393782258092414E-002,0.375885876628294,0.269925042722327,1.03833992246932 
 07/02  10:00:00,0.787470059522316,2.05584512709454,0.000000000000000E+000,1.11831624584440,0.000000000000000E+000,3.079091967015075E-002,3.079091967015075E-002,3.079091967015075E-002,5.387098907413678E-002,1.173711413578380E-002,0.397685790138072,0.276273232814574,0.918499812597423 
 07/02  11:00:00,0.783767779720181,1.23368302799552,0.000000000000000E+000,0.404296312248708,0.000000000000000E+000,1.113160550036416E-002,1.113160550036416E-002,1.113160550036416E-002,5.387098907413678E-002,1.173711413578380E-002,0.413558181971159,0.276357875349137,0.810351817109827 
 07/02  12:00:00,0.752760578513620,0.746753301541035,0.000000000000000E+000,0.000000000000000E+000,0.000000000000000E+000,0.000000000000000E+000,0.000000000000000E+000,0.000000000000000E+000,5.387098907413678E-002,1.173711413578380E-002,0.398337925665944,0.271702535948156,0.728039052038820 
 07/02  13:00:00,0.726851467119164,0.696975552361243,0.000000000000000E+000,0.000000000000000E+000,0.000000000000000E+000,0.000000000000000E+000,0.000000000000000E+000,0.000000000000000E+000,5.387098907413678E-002,1.173711413578380E-002,0.363033492934962,0.281097857284681,0.677614174605214 
 07/02  14:00:00,0.713403313245433,0.649594928328938,0.000000000000000E+000,0.000000000000000E+000,0.000000000000000E+000,0.000000000000000E+000,0.000000000000000E+000,0.000000000000000E+000,5.387098907413678E-002,1.173711413578380E-002,0.333757185097896,0.296926011248016,0.629143343514680 
 07/02  15:00:00,0.734755408972785,0.656227945698612,0.000000000000000E+000,0.000000000000000E+000,0.000000000000000E+000,0.000000000000000E+000,0.000000000000000E+000,0.000000000000000E+000,5.387098907413678E-002,1.173711413578380E-002,0.338603986585406,0.313431305487858,0.634639513951977 
 07/02  16:00:00,0.836933269633602,0.722523760332115,0.000000000000000E+000,0.000000000000000E+000,0.000000000000000E+000,0.000000000000000E+000,0.000000000000000E+000,0.000000000000000E+000,5.723791909934670E-002,1.247068240331294E-002,0.379378353054140,0.370734301387204,0.696988429235636 
 07/02  17:00:00,1.00517988419406,0.852601879633855,0.000000000000000E+000,0.000000000000000E+000,0.000000000000000E+000,0.000000000000000E+000,0.000000000000000E+000,0.000000000000000E+000,6.733872589355760E-002,1.467139266972975E-002,0.455674825529913,0.450382926411258,0.821580533340623 
 07/02  18:00:00,1.08477280442174,0.978844965922527,0.000000000000000E+000,0.000000000000000E+000,0.000000000000000E+000,0.000000000000000E+000,0.000000000000000E+000,0.000000000000000E+000,0.107741978148274,2.347423191412051E-002,0.417464634497629,0.488979922172116,0.945165146802810 
 07/02  19:00:00,1.12149494148210,1.00640447111711,0.000000000000000E+000,0.000000000000000E+000,0.000000000000000E+000,0.000000000000000E+000,0.000000000000000E+000,0.000000000000000E+000,0.205383090987301,4.474774263416546E-002,0.349528660570141,0.504723433600890,0.971640274923431 
 07/02  20:00:00,1.30722974561102,0.940550111315898,0.000000000000000E+000,0.000000000000000E+000,0.000000000000000E+000,0.000000000000000E+000,0.000000000000000E+000,0.000000000000000E+000,0.370362971516340,8.069265513032245E-002,0.316986952088389,0.522075153186363,0.904590768347158 
 07/02  21:00:00,1.48180791465547,0.850257677126789,0.000000000000000E+000,0.000000000000000E+000,0.000000000000000E+000,0.000000000000000E+000,0.000000000000000E+000,0.000000000000000E+000,0.535342852045378,0.116637567626479,0.302828853084766,0.509886628209248,0.815137851892729 
 07/02  22:00:00,1.24862825109231,0.709598701387396,0.000000000000000E+000,0.000000000000000E+000,0.000000000000000E+000,0.000000000000000E+000,0.000000000000000E+000,0.000000000000000E+000,0.447802520922691,9.756475988774546E-002,0.244907423913850,0.441241532678422,0.679206993395171 
 07/02  23:00:00,0.940370473862924,0.554460817873644,0.000000000000000E+000,0.000000000000000E+000,0.000000000000000E+000,0.000000000000000E+000,0.000000000000000E+000,0.000000000000000E+000,0.309758114032493,6.748840081692746E-002,0.162581263752207,0.383430681571697,0.528050989136873 
 07/02  24:00:00,0.635646520049537,0.389745892217437,0.000000000000000E+000,0.000000000000000E+000,0.000000000000000E+000,0.000000000000000E+000,0.000000000000000E+000,0.000000000000000E+000,0.161612925425957,3.521133876479848E-002,0.104554665160539,0.317155577008642,0.367900941162984 
 07/03  01:00:00,0.511600754398437,0.312192912020824,0.000000000000000E+000,0.000000000000000E+000,0.000000000000000E+000,0.000000000000000E+000,0.000000000000000E+000,0.000000000000000E+000,9.764119643193464E-002,2.127351072004496E-002,8.355728931351325E-002,0.292016744243345,0.292079466294144 
 07/03  02:00:00,0.462819157731894,0.565653725856383,0.000000000000000E+000,0.270563048223187,0.000000000000000E+000,7.449489457484298E-003,7.449489457484298E-003,7.449489457484298E-003,6.397178750905712E-002,1.393782258092414E-002,7.171700163401486E-002,0.288631042860813,0.275210431277262 
 07/03  03:00:00,0.466950977340697,1.13993906052461,0.000000000000000E+000,0.840205712098846,0.000000000000000E+000,2.313362314441154E-002,2.313362314441154E-002,2.313362314441154E-002,6.397178750905712E-002,1.393782258092414E-002,6.422752921492920E-002,0.284568201201776,0.280132941314724 
 07/03  04:00:00,0.478790462552255,1.66937803239990,0.000000000000000E+000,1.32019651868834,0.000000000000000E+000,3.634934671368577E-002,3.634934671368577E-002,3.634934671368577E-002,6.397178750905712E-002,1.393782258092414E-002,7.360089274675015E-002,0.273818599312238,0.330321514602631 
 07/03  05:00:00,0.535366631354896,2.21547892589574,0.000000000000000E+000,1.64254001694330,0.000000000000000E+000,4.522452204789508E-002,4.522452204789508E-002,4.522452204789508E-002,6.733872589355760E-002,1.467139266972975E-002,8.546042728064268E-002,0.305559549773472,0.551892665742788 
 07/03  06:00:00,0.667827617471625,2.69757771499153,0.000000000000000E+000,1.70795255047761,0.000000000000000E+000,4.702554396183063E-002,4.702554396183063E-002,4.702554396183063E-002,9.427424132885273E-002,2.053995520145101E-002,0.135831851626414,0.353044011663478,0.965308300129581 
 07/03  07:00:00,0.847292432513734,2.63333307081441,0.000000000000000E+000,1.52988160932867,0.000000000000000E+000,4.212266602825920E-002,4.212266602825920E-002,4.212266602825920E-002,0.154879098812700,3.374420951484601E-002,0.209298719283835,0.375135713184494,1.07761297120729 
 07/03  08:00:00,0.784673668615638,2.41162529777927,0.000000000000000E+000,1.34329663618129,0.000000000000000E+000,3.698536882705444E-002,3.698536882705444E-002,3.698536882705444E-002,0.117842759864612,2.567493489543148E-002,0.269903014330297,0.317155577008642,1.04648371054353 
 07/03  09:00:00,0.719962730462254,1.85067394109348,0.000000000000000E+000,0.877529942992734,0.000000000000000E+000,2.416128182278133E-002,2.416128182278133E-002,2.416128182278133E-002,6.397178750905712E-002,1.393782258092414E-002,0.330854782137564,0.269925042722327,0.954552178268173 
 07/03  10:00:00,0.710600146887968,1.04137012905506,0.000000000000000E+000,0.175688338564070,0.000000000000000E+000,4.837277058086495E-003,4.837277058086495E-003,4.837277058086495E-003,5.387098907413678E-002,1.173711413578380E-002,0.346769520115789,0.276273232814574,0.846652721838269 
 07/03  11:00:00,0.720147372709796,0.770031727291714,0.000000000000000E+000,0.000000000000000E+000,0.000000000000000E+000,0.000000000000000E+000,0.000000000000000E+000,0.000000000000000E+000,5.387098907413678E-002,1.173711413578380E-002,0.361069380461137,0.276357875349137,0.750996828654729 
 07/03  12:00:00,0.704950034174123,0.694764906123675,0.000000000000000E+000,0.000000000000000E+000,0.000000000000000E+000,0.000000000000000E+000,0.000000000000000E+000,0.000000000000000E+000,5.387098907413678E-002,1.173711413578380E-002,0.350527381326447,0.271702535948156,0.676050656621462 
 07/03  13:00:00,0.683263399734021,0.650930913498298,0.000000000000000E+000,0.000000000000000E+000,0.000000000000000E+000,0.000000000000000E+000,0.000000000000000E+000,0.000000000000000E+000,5.387098907413678E-002,1.173711413578380E-002,0.319445425549819,0.281097857284681,0.631569535742269 
 07/03  14:00:00,0.674277709769767,0.607571656972578,0.000000000000000E+000,0.000000000000000E+000,0.000000000000000E+000,0.000000000000000E+000,0.000000000000000E+000,0.000000000000000E+000,5.387098907413678E-002,1.173711413578380E-002,0.294631581622230,0.296926011248016,0.587120072158321 
 07/03  15:00:00,0.697696406470343,0.614234087555494,0.000000000000000E+000,0.000000000000000E+000,0.000000000000000E+000,0.000000000000000E+000,0.000000000000000E+000,0.000000000000000E+000,5.387098907413678E-002,1.173711413578380E-002,0.301544984082964,0.313431305487858,0.592645655808859 
 07/03  16:00:00,0.801015321651545,0.671625216833613,0.000000000000000E+000,0.000000000000000E+000,0.000000000000000E+000,0.000000000000000E+000,0.000000000000000E+000,0.000000000000000E+000,5.723791909934670E-002,1.247068240331294E-002,0.343460405072082,0.370734301387204,0.646089885737134 
 07/03  17:00:00,1.00893414521018,0.791630665045025,0.000000000000000E+000,0.000000000000000E+000,2.957117730918237E-002,9.535042203663604E-003,3.910621951284613E-002,9.535042203663604E-003,6.733872589355760E-002,1.467139266972975E-002,0.420322867033191,0.450382926411258,0.760609318751793 
 07/03  18:00:00,1.16472409096389,0.900531343251582,0.000000000000000E+000,0.000000000000000E+000,8.637063331523304E-002,2.789099621471106E-002,0.114261629529944,2.789099621471106E-002,0.107741978148274,2.347423191412051E-002,0.383154291509830,0.488979922172116,0.866851524131867 
 07/03  19:00:00,1.26316046353698,0.919144013506961,0.000000000000000E+000,0.000000000000000E+000,0.131829152952314,4.408115069191511E-002,0.175910303644228,4.408115069191511E-002,0.205383090987301,4.474774263416546E-002,0.315283878980793,0.504723433600890,0.884379817313285 
 07/03  20:00:00,1.45680223050850,0.857384840137451,0.000000000000000E+000,0.000000000000000E+000,0.137116798887804,4.731108422156237E-002,0.184427883109366,4.731108422156237E-002,0.370362971516340,8.069265513032245E-002,0.282131553876513,0.522075153186363,0.821425497168711 
 07/03  21:00:00,1.47001560492579,0.779997183836806,0.000000000000000E+000,0.000000000000000E+000,1.755862043105105E-002,6.255955793046463E-003,2.381457622409752E-002,6.255955793046463E-003,0.535342852045378,0.116637567626479,0.267221967130982,0.509886628209248,0.744877358602746 
 07/03  22:00:00,1.22033501653347,0.653780451149295,0.000000000000000E+000,0.000000000000000E+000,0.000000000000000E+000,0.000000000000000E+000,0.000000000000000E+000,0.000000000000000E+000,0.447802520922691,9.756475988774546E-002,0.216614189355009,0.441241532678422,0.623388743157071 
 07/03  23:00:00,0.924835616099282,0.518785576477337,0.000000000000000E+000,0.000000000000000E+000,0.000000000000000E+000,0.000000000000000E+000,0.000000000000000E+000,0.000000000000000E+000,0.309758114032493,6.748840081692746E-002,0.147046405988563,0.383430681571697,0.492375747740569 
 07/03  24:00:00,0.629072831713790,0.375091302996550,0.000000000000000E+000,0.000000000000000E+000,0.000000000000000E+000,0.000000000000000E+000,0.000000000000000E+000,0.000000000000000E+000,0.161612925425957,3.521133876479848E-002,9.798097682479152E-002,0.317155577008642,0.353246351942097 
 07/04  01:00:00,0.511600754398437,0.309728057013422,0.000000000000000E+000,0.000000000000000E+000,0.000000000000000E+000,0.000000000000000E+000,0.000000000000000E+000,0.000000000000000E+000,9.764119643193464E-002,2.127351072004496E-002,8.355728931351325E-002,0.292016744243345,0.289614611286743 
 07/04  02:00:00,0.455369668274410,0.292484979600171,0.000000000000000E+000,0.000000000000000E+000,0.000000000000000E+000,0.000000000000000E+000,0.000000000000000E+000,0.000000000000000E+000,6.397178750905712E-002,1.393782258092414E-002,7.171700163401486E-002,0.288631042860813,0.272604733244238 
 07/04  03:00:00,0.443817354196285,0.297428106148395,0.000000000000000E+000,0.000000000000000E+000,0.000000000000000E+000,0.000000000000000E+000,0.000000000000000E+000,0.000000000000000E+000,6.397178750905712E-002,1.393782258092414E-002,6.422752921492920E-002,0.284568201201776,0.277827699037354 
 07/04  04:00:00,0.442441115838571,0.347295888423961,0.000000000000000E+000,0.000000000000000E+000,0.000000000000000E+000,0.000000000000000E+000,0.000000000000000E+000,0.000000000000000E+000,6.397178750905712E-002,1.393782258092414E-002,7.360089274675015E-002,0.273818599312238,0.328435889315032 
 07/04  05:00:00,0.490376102772507,0.578987465738610,0.000000000000000E+000,8.053605692662094E-003,0.000000000000000E+000,2.339934655044165E-004,2.339934655044165E-004,2.339934655044165E-004,6.733872589355760E-002,1.467139266972975E-002,8.546042728064268E-002,0.305559549773472,0.549887616836294 
 07/04  06:00:00,0.623091640415433,1.06631487611633,0.000000000000000E+000,7.893933912883162E-002,0.000000000000000E+000,2.289566905639139E-003,2.289566905639139E-003,2.289566905639139E-003,9.427424132885273E-002,2.053995520145101E-002,0.135831851626414,0.353044011663478,0.963058672603155 
 07/04  07:00:00,0.808000657861540,1.20043963232735,0.000000000000000E+000,9.880770498595130E-002,0.000000000000000E+000,2.830891376062178E-003,2.830891376062178E-003,2.830891376062178E-003,0.154879098812700,3.374420951484601E-002,0.209298719283835,0.375135713184494,1.07579343706295 
 07/04  08:00:00,0.751904615048855,1.21528023586155,0.000000000000000E+000,0.148470702999657,0.000000000000000E+000,4.216315260271982E-003,4.216315260271982E-003,4.216315260271982E-003,0.117842759864612,2.567493489543148E-002,0.269903014330297,0.317155577008642,1.04496458180744 
 07/04  09:00:00,0.695801448639472,0.971636147400207,0.000000000000000E+000,0.000000000000000E+000,0.000000000000000E+000,0.000000000000000E+000,0.000000000000000E+000,0.000000000000000E+000,6.397178750905712E-002,1.393782258092414E-002,0.330854782137564,0.269925042722327,0.953044327567635 
 07/04  10:00:00,0.705762869829883,0.864165083427189,0.000000000000000E+000,0.000000000000000E+000,0.000000000000000E+000,0.000000000000000E+000,0.000000000000000E+000,0.000000000000000E+000,5.387098907413678E-002,1.173711413578380E-002,0.346769520115789,0.276273232814574,0.845136014774471 
 07/04  11:00:00,0.720147372709796,0.768014259293258,0.000000000000000E+000,0.000000000000000E+000,0.000000000000000E+000,0.000000000000000E+000,0.000000000000000E+000,0.000000000000000E+000,5.387098907413678E-002,1.173711413578380E-002,0.361069380461137,0.276357875349137,0.748979360656270 
 07/04  12:00:00,0.704950034174123,0.692507267778326,0.000000000000000E+000,0.000000000000000E+000,0.000000000000000E+000,0.000000000000000E+000,0.000000000000000E+000,0.000000000000000E+000,5.387098907413678E-002,1.173711413578380E-002,0.350527381326447,0.271702535948156,0.673793018276114 
 07/04  13:00:00,0.683263399734021,0.648803391369170,0.000000000000000E+000,0.000000000000000E+000,0.000000000000000E+000,0.000000000000000E+000,0.000000000000000E+000,0.000000000000000E+000,5.387098907413678E-002,1.173711413578380E-002,0.319445425549819,0.281097857284681,0.629442013613141 
 07/04  14:00:00,0.674277709769767,0.605621759702134,0.000000000000000E+000,0.000000000000000E+000,0.000000000000000E+000,0.000000000000000E+000,0.000000000000000E+000,0.000000000000000E+000,5.387098907413678E-002,1.173711413578380E-002,0.294631581622230,0.296926011248016,0.585170174887876 
 07/04  15:00:00,0.697696406470343,0.612442827501798,0.000000000000000E+000,0.000000000000000E+000,0.000000000000000E+000,0.000000000000000E+000,0.000000000000000E+000,0.000000000000000E+000,5.387098907413678E-002,1.173711413578380E-002,0.301544984082964,0.313431305487858,0.590854395755163 
 07/04  16:00:00,0.819993212385745,0.669562328641515,0.000000000000000E+000,0.000000000000000E+000,1.425870087120849E-002,4.719189862990286E-003,1.897789073419877E-002,4.719189862990286E-003,5.723791909934670E-002,1.247068240331294E-002,0.343460405072082,0.370734301387204,0.644026997545036 
 07/04  17:00:00,1.17358693872272,0.789327152773534,0.000000000000000E+000,0.000000000000000E+000,0.153172672402073,5.058634062330734E-002,0.203759013025381,5.058634062330734E-002,6.733872589355760E-002,1.467139266972975E-002,0.420322867033191,0.450382926411258,0.758305806480299 
 07/04  18:00:00,1.32292996789827,0.897978304528127,0.000000000000000E+000,0.000000000000000E+000,0.204864496719172,6.760300974516063E-002,0.272467506464333,6.760300974516063E-002,0.107741978148274,2.347423191412051E-002,0.383154291509830,0.488979922172116,0.864298485408410 
 07/04  19:00:00,1.35182785694026,0.916736136737656,0.000000000000000E+000,0.000000000000000E+000,0.196190812461878,6.838688458563862E-002,0.264577697047517,6.838688458563862E-002,0.205383090987301,4.474774263416546E-002,0.315283878980793,0.504723433600890,0.881971940543980 
 07/04  20:00:00,1.49393533537833,0.855344574810398,0.000000000000000E+000,0.000000000000000E+000,0.162258319151469,5.930266882772849E-002,0.221560987979197,5.930266882772849E-002,0.370362971516340,8.069265513032245E-002,0.282131553876513,0.522075153186363,0.819385231841661 
 07/04  21:00:00,1.58544997148801,0.778315810291233,0.000000000000000E+000,0.000000000000000E+000,0.100938432632139,3.831051015418221E-002,0.139248942786321,3.831051015418221E-002,0.535342852045378,0.116637567626479,0.267221967130982,0.509886628209248,0.743195985057171 
 07/04  22:00:00,1.26260136380881,0.652388032807314,0.000000000000000E+000,0.000000000000000E+000,3.056922961915719E-002,1.169711765618353E-002,4.226634727534077E-002,1.169711765618353E-002,0.447802520922691,9.756475988774546E-002,0.216614189355009,0.441241532678422,0.621996324815089 
 07/04  23:00:00,0.924835616099282,0.517415892086413,0.000000000000000E+000,0.000000000000000E+000,0.000000000000000E+000,0.000000000000000E+000,0.000000000000000E+000,0.000000000000000E+000,0.309758114032493,6.748840081692746E-002,0.147046405988563,0.383430681571697,0.491006063349645 
 07/04  24:00:00,0.629072831713790,0.373684611572033,0.000000000000000E+000,0.000000000000000E+000,0.000000000000000E+000,0.000000000000000E+000,0.000000000000000E+000,0.000000000000000E+000,0.161612925425957,3.521133876479848E-002,9.798097682479152E-002,0.317155577008642,0.351839660517581 
 07/05  01:00:00,0.511600754398437,0.308384893720159,0.000000000000000E+000,0.000000000000000E+000,0.000000000000000E+000,0.000000000000000E+000,0.000000000000000E+000,0.000000000000000E+000,9.764119643193464E-002,2.127351072004496E-002,8.355728931351325E-002,0.292016744243345,0.288271447993482 
 07/05  02:00:00,0.455369668274410,0.291066392126511,0.000000000000000E+000,0.000000000000000E+000,0.000000000000000E+000,0.000000000000000E+000,0.000000000000000E+000,0.000000000000000E+000,6.397178750905712E-002,1.393782258092414E-002,7.171700163401486E-002,0.288631042860813,0.271186145770577 
 07/05  03:00:00,0.443817354196285,0.295744429401896,0.000000000000000E+000,0.000000000000000E+000,0.000000000000000E+000,0.000000000000000E+000,0.000000000000000E+000,0.000000000000000E+000,6.397178750905712E-002,1.393782258092414E-002,6.422752921492920E-002,0.284568201201776,0.276144022290854 
 07/05  04:00:00,0.442441115838571,0.345505149560301,0.000000000000000E+000,0.000000000000000E+000,0.000000000000000E+000,0.000000000000000E+000,0.000000000000000E+000,0.000000000000000E+000,6.397178750905712E-002,1.393782258092414E-002,7.360089274675015E-002,0.273818599312238,0.326645150451372 
 07/05  05:00:00,0.490142109307002,0.568752163755136,0.000000000000000E+000,0.000000000000000E+000,0.000000000000000E+000,0.000000000000000E+000,0.000000000000000E+000,0.000000000000000E+000,6.733872589355760E-002,1.467139266972975E-002,8.546042728064268E-002,0.305559549773472,0.547705920545480 
 07/05  06:00:00,0.620802073509795,0.984214046285857,0.000000000000000E+000,0.000000000000000E+000,0.000000000000000E+000,0.000000000000000E+000,0.000000000000000E+000,0.000000000000000E+000,9.427424132885273E-002,2.053995520145101E-002,0.135831851626414,0.353044011663478,0.959897181901514 
 07/05  07:00:00,0.805169766485476,1.09805443068984,0.000000000000000E+000,0.000000000000000E+000,0.000000000000000E+000,0.000000000000000E+000,0.000000000000000E+000,0.000000000000000E+000,0.154879098812700,3.374420951484601E-002,0.209298719283835,0.375135713184494,1.07221594041140 
 07/05  08:00:00,0.747688299788583,1.06325009026250,0.000000000000000E+000,0.000000000000000E+000,0.000000000000000E+000,0.000000000000000E+000,0.000000000000000E+000,0.000000000000000E+000,0.117842759864612,2.567493489543148E-002,0.269903014330297,0.317155577008642,1.04140513920805 
 07/05  09:00:00,0.695801448639472,0.968249625831000,0.000000000000000E+000,0.000000000000000E+000,0.000000000000000E+000,0.000000000000000E+000,0.000000000000000E+000,0.000000000000000E+000,6.397178750905712E-002,1.393782258092414E-002,0.330854782137564,0.269925042722327,0.949657805998429 
 07/05  10:00:00,0.705762869829883,0.861023178098380,0.000000000000000E+000,0.000000000000000E+000,0.000000000000000E+000,0.000000000000000E+000,0.000000000000000E+000,0.000000000000000E+000,5.387098907413678E-002,1.173711413578380E-002,0.346769520115789,0.276273232814574,0.841994109445662 
 07/05  11:00:00,0.720147372709796,0.765250763403902,0.000000000000000E+000,0.000000000000000E+000,0.000000000000000E+000,0.000000000000000E+000,0.000000000000000E+000,0.000000000000000E+000,5.387098907413678E-002,1.173711413578380E-002,0.361069380461137,0.276357875349137,0.746215864766917 
 07/05  12:00:00,0.704950034174123,0.690145488163977,0.000000000000000E+000,0.000000000000000E+000,0.000000000000000E+000,0.000000000000000E+000,0.000000000000000E+000,0.000000000000000E+000,5.387098907413678E-002,1.173711413578380E-002,0.350527381326447,0.271702535948156,0.671431238661764 
 07/05  13:00:00,0.683263399734021,0.646656856763099,0.000000000000000E+000,0.000000000000000E+000,0.000000000000000E+000,0.000000000000000E+000,0.000000000000000E+000,0.000000000000000E+000,5.387098907413678E-002,1.173711413578380E-002,0.319445425549819,0.281097857284681,0.627295479007071 
 07/05  14:00:00,0.674277709769767,0.603715829340249,0.000000000000000E+000,0.000000000000000E+000,0.000000000000000E+000,0.000000000000000E+000,0.000000000000000E+000,0.000000000000000E+000,5.387098907413678E-002,1.173711413578380E-002,0.294631581622230,0.296926011248016,0.583264244525992 
 07/05  15:00:00,0.697696406470343,0.610508401796375,0.000000000000000E+000,0.000000000000000E+000,0.000000000000000E+000,0.000000000000000E+000,0.000000000000000E+000,0.000000000000000E+000,5.387098907413678E-002,1.173711413578380E-002,0.301544984082964,0.313431305487858,0.588919970049741 
 07/05  16:00:00,0.801015321651545,0.667489530425544,0.000000000000000E+000,0.000000000000000E+000,0.000000000000000E+000,0.000000000000000E+000,0.000000000000000E+000,0.000000000000000E+000,5.723791909934670E-002,1.247068240331294E-002,0.343460405072082,0.370734301387204,0.641954199329065 
 07/05  17:00:00,0.970808126299913,0.787174246031057,0.000000000000000E+000,0.000000000000000E+000,7.305982512917696E-004,2.496023512836891E-004,9.802006025754603E-004,2.496023512836891E-004,6.733872589355760E-002,1.467139266972975E-002,0.420322867033191,0.450382926411258,0.756152899737822 
 07/05  18:00:00,1.10227959584007,0.895517664535633,0.000000000000000E+000,0.000000000000000E+000,3.853590476100526E-002,1.328122964511780E-002,5.181713440612297E-002,1.328122964511780E-002,0.107741978148274,2.347423191412051E-002,0.383154291509830,0.488979922172116,0.861837845415916 
 07/05  19:00:00,1.18257597885595,0.914127056973324,0.000000000000000E+000,0.000000000000000E+000,7.054222788561382E-002,2.478359107758153E-002,9.532581896319554E-002,2.478359107758153E-002,0.205383090987301,4.474774263416546E-002,0.315283878980793,0.504723433600890,0.879362860779648 
 07/05  20:00:00,1.37582090900147,0.852687876250561,0.000000000000000E+000,0.000000000000000E+000,7.614912376644972E-002,2.729743783588560E-002,0.103446561602335,2.729743783588560E-002,0.370362971516340,8.069265513032245E-002,0.282131553876513,0.522075153186363,0.816728533281823 
 07/05  21:00:00,1.53535377809349,0.775627167988369,0.000000000000000E+000,0.000000000000000E+000,6.532775631662657E-002,2.382499307517654E-002,8.915274939180300E-002,2.382499307517654E-002,0.535342852045378,0.116637567626479,0.267221967130982,0.509886628209248,0.740507342754309 
 07/05  22:00:00,1.24713172132670,0.649998330562062,0.000000000000000E+000,0.000000000000000E+000,1.960362853412964E-002,7.193076259104820E-003,2.679670479323446E-002,7.193076259104820E-003,0.447802520922691,9.756475988774546E-002,0.216614189355009,0.441241532678422,0.619606622569838 
 07/05  23:00:00,0.924835616099282,0.515401582801506,0.000000000000000E+000,0.000000000000000E+000,0.000000000000000E+000,0.000000000000000E+000,0.000000000000000E+000,0.000000000000000E+000,0.309758114032493,6.748840081692746E-002,0.147046405988563,0.383430681571697,0.488991754064737 
 07/05  24:00:00,0.629072831713790,0.371961924784652,0.000000000000000E+000,0.000000000000000E+000,0.000000000000000E+000,0.000000000000000E+000,0.000000000000000E+000,0.000000000000000E+000,0.161612925425957,3.521133876479848E-002,9.798097682479152E-002,0.317155577008642,0.350116973730199 
 07/06  01:00:00,0.511600754398437,0.306876309768876,0.000000000000000E+000,0.000000000000000E+000,0.000000000000000E+000,0.000000000000000E+000,0.000000000000000E+000,0.000000000000000E+000,9.764119643193464E-002,2.127351072004496E-002,8.355728931351325E-002,0.292016744243345,0.286762864042199 
 07/06  02:00:00,0.455369668274410,0.289804337330451,0.000000000000000E+000,0.000000000000000E+000,0.000000000000000E+000,0.000000000000000E+000,0.000000000000000E+000,0.000000000000000E+000,6.397178750905712E-002,1.393782258092414E-002,7.171700163401486E-002,0.288631042860813,0.269924090974516 
 07/06  03:00:00,0.443817354196285,0.294656834959663,0.000000000000000E+000,0.000000000000000E+000,0.000000000000000E+000,0.000000000000000E+000,0.000000000000000E+000,0.000000000000000E+000,6.397178750905712E-002,1.393782258092414E-002,6.422752921492920E-002,0.284568201201776,0.275056427848622 
 07/06  04:00:00,0.442441115838571,0.344082336497577,0.000000000000000E+000,0.000000000000000E+000,0.000000000000000E+000,0.000000000000000E+000,0.000000000000000E+000,0.000000000000000E+000,6.397178750905712E-002,1.393782258092414E-002,7.360089274675015E-002,0.273818599312238,0.325222337388648 
 07/06  05:00:00,0.490142109307002,0.566545812725699,0.000000000000000E+000,0.000000000000000E+000,0.000000000000000E+000,0.000000000000000E+000,0.000000000000000E+000,0.000000000000000E+000,6.733872589355760E-002,1.467139266972975E-002,8.546042728064268E-002,0.305559549773472,0.545499569516045 
 07/06  06:00:00,0.620802073509795,0.980776175763082,0.000000000000000E+000,0.000000000000000E+000,0.000000000000000E+000,0.000000000000000E+000,0.000000000000000E+000,0.000000000000000E+000,9.427424132885273E-002,2.053995520145101E-002,0.135831851626414,0.353044011663478,0.956459311378742 
 07/06  07:00:00,0.805169766485476,1.09454973820368,0.000000000000000E+000,0.000000000000000E+000,0.000000000000000E+000,0.000000000000000E+000,0.000000000000000E+000,0.000000000000000E+000,0.154879098812700,3.374420951484601E-002,0.209298719283835,0.375135713184494,1.06871124792524 
 07/06  08:00:00,0.747688299788583,1.06024738097164,0.000000000000000E+000,0.000000000000000E+000,0.000000000000000E+000,0.000000000000000E+000,0.000000000000000E+000,0.000000000000000E+000,0.117842759864612,2.567493489543148E-002,0.269903014330297,0.317155577008642,1.03840242991719 
 07/06  09:00:00,0.695801448639472,0.966028217242444,0.000000000000000E+000,0.000000000000000E+000,0.000000000000000E+000,0.000000000000000E+000,0.000000000000000E+000,0.000000000000000E+000,6.397178750905712E-002,1.393782258092414E-002,0.330854782137564,0.269925042722327,0.947436397409870 
 07/06  10:00:00,0.705762869829883,0.859330156372753,0.000000000000000E+000,0.000000000000000E+000,0.000000000000000E+000,0.000000000000000E+000,0.000000000000000E+000,0.000000000000000E+000,5.387098907413678E-002,1.173711413578380E-002,0.346769520115789,0.276273232814574,0.840301087720035 
 07/06  11:00:00,0.720147372709796,0.764011503281391,0.000000000000000E+000,0.000000000000000E+000,0.000000000000000E+000,0.000000000000000E+000,0.000000000000000E+000,0.000000000000000E+000,5.387098907413678E-002,1.173711413578380E-002,0.361069380461137,0.276357875349137,0.744976604644404 
 07/06  12:00:00,0.704950034174123,0.689364128310025,0.000000000000000E+000,0.000000000000000E+000,0.000000000000000E+000,0.000000000000000E+000,0.000000000000000E+000,0.000000000000000E+000,5.387098907413678E-002,1.173711413578380E-002,0.350527381326447,0.271702535948156,0.670649878807813 
 07/06  13:00:00,0.683263399734021,0.646022217986305,0.000000000000000E+000,0.000000000000000E+000,0.000000000000000E+000,0.000000000000000E+000,0.000000000000000E+000,0.000000000000000E+000,5.387098907413678E-002,1.173711413578380E-002,0.319445425549819,0.281097857284681,0.626660840230277 
 07/06  14:00:00,0.674277709769767,0.602968342570927,0.000000000000000E+000,0.000000000000000E+000,0.000000000000000E+000,0.000000000000000E+000,0.000000000000000E+000,0.000000000000000E+000,5.387098907413678E-002,1.173711413578380E-002,0.294631581622230,0.296926011248016,0.582516757756669 
 07/06  15:00:00,0.697696406470343,0.609694177793099,0.000000000000000E+000,0.000000000000000E+000,0.000000000000000E+000,0.000000000000000E+000,0.000000000000000E+000,0.000000000000000E+000,5.387098907413678E-002,1.173711413578380E-002,0.301544984082964,0.313431305487858,0.588105746046465 
 07/06  16:00:00,0.801015321651545,0.666548945669516,0.000000000000000E+000,0.000000000000000E+000,0.000000000000000E+000,0.000000000000000E+000,0.000000000000000E+000,0.000000000000000E+000,5.723791909934670E-002,1.247068240331294E-002,0.343460405072082,0.370734301387204,0.641013614573037 
 07/06  17:00:00,0.969827925697337,0.785866017653608,0.000000000000000E+000,0.000000000000000E+000,0.000000000000000E+000,0.000000000000000E+000,0.000000000000000E+000,0.000000000000000E+000,6.733872589355760E-002,1.467139266972975E-002,0.420322867033191,0.450382926411258,0.754844671360373 
 07/06  18:00:00,1.05046246143394,0.893747725782439,0.000000000000000E+000,0.000000000000000E+000,0.000000000000000E+000,0.000000000000000E+000,0.000000000000000E+000,0.000000000000000E+000,0.107741978148274,2.347423191412051E-002,0.383154291509830,0.488979922172116,0.860067906662722 
 07/06  19:00:00,1.08725015989275,0.912279301332374,0.000000000000000E+000,0.000000000000000E+000,0.000000000000000E+000,0.000000000000000E+000,0.000000000000000E+000,0.000000000000000E+000,0.205383090987301,4.474774263416546E-002,0.315283878980793,0.504723433600890,0.877515105138700 
 07/06  20:00:00,1.27237434739914,0.850901811997624,0.000000000000000E+000,0.000000000000000E+000,0.000000000000000E+000,0.000000000000000E+000,0.000000000000000E+000,0.000000000000000E+000,0.370362971516340,8.069265513032245E-002,0.282131553876513,0.522075153186363,0.814942469028884 
 07/06  21:00:00,1.44620102870169,0.773997347216827,0.000000000000000E+000,0.000000000000000E+000,0.000000000000000E+000,0.000000000000000E+000,0.000000000000000E+000,0.000000000000000E+000,0.535342852045378,0.116637567626479,0.267221967130982,0.509886628209248,0.738877521982767 
 07/06  22:00:00,1.22033501653347,0.648792157944430,0.000000000000000E+000,0.000000000000000E+000,0.000000000000000E+000,0.000000000000000E+000,0.000000000000000E+000,0.000000000000000E+000,0.447802520922691,9.756475988774546E-002,0.216614189355009,0.441241532678422,0.618400449952206 
 07/06  23:00:00,0.924835616099282,0.514736294418453,0.000000000000000E+000,0.000000000000000E+000,0.000000000000000E+000,0.000000000000000E+000,0.000000000000000E+000,0.000000000000000E+000,0.309758114032493,6.748840081692746E-002,0.147046405988563,0.383430681571697,0.488326465681685 
 07/06  24:00:00,0.629072831713790,0.371809799842655,0.000000000000000E+000,0.000000000000000E+000,0.000000000000000E+000,0.000000000000000E+000,0.000000000000000E+000,0.000000000000000E+000,0.161612925425957,3.521133876479848E-002,9.798097682479152E-002,0.317155577008642,0.349964848788202 
 07/07  01:00:00,0.511600754398437,0.306928527636751,0.000000000000000E+000,0.000000000000000E+000,0.000000000000000E+000,0.000000000000000E+000,0.000000000000000E+000,0.000000000000000E+000,9.764119643193464E-002,2.127351072004496E-002,8.355728931351325E-002,0.292016744243345,0.286815081910071 
 07/07  02:00:00,0.455369668274410,0.289776526242641,0.000000000000000E+000,0.000000000000000E+000,0.000000000000000E+000,0.000000000000000E+000,0.000000000000000E+000,0.000000000000000E+000,6.397178750905712E-002,1.393782258092414E-002,7.171700163401486E-002,0.288631042860813,0.269896279886708 
 07/07  03:00:00,0.443817354196285,0.294624920292564,0.000000000000000E+000,0.000000000000000E+000,0.000000000000000E+000,0.000000000000000E+000,0.000000000000000E+000,0.000000000000000E+000,6.397178750905712E-002,1.393782258092414E-002,6.422752921492920E-002,0.284568201201776,0.275024513181524 
 07/07  04:00:00,0.442441115838571,0.343927190939116,0.000000000000000E+000,0.000000000000000E+000,0.000000000000000E+000,0.000000000000000E+000,0.000000000000000E+000,0.000000000000000E+000,6.397178750905712E-002,1.393782258092414E-002,7.360089274675015E-002,0.273818599312238,0.325067191830187 
 07/07  05:00:00,0.490142109307002,0.565918668935270,0.000000000000000E+000,0.000000000000000E+000,0.000000000000000E+000,0.000000000000000E+000,0.000000000000000E+000,0.000000000000000E+000,6.733872589355760E-002,1.467139266972975E-002,8.546042728064268E-002,0.305559549773472,0.544872425725617 
 07/07  06:00:00,0.620802073509795,0.979136635090762,0.000000000000000E+000,0.000000000000000E+000,0.000000000000000E+000,0.000000000000000E+000,0.000000000000000E+000,0.000000000000000E+000,9.427424132885273E-002,2.053995520145101E-002,0.135831851626414,0.353044011663478,0.954819770706422 
 07/07  07:00:00,0.805169766485476,1.09255158322366,0.000000000000000E+000,0.000000000000000E+000,0.000000000000000E+000,0.000000000000000E+000,0.000000000000000E+000,0.000000000000000E+000,0.154879098812700,3.374420951484601E-002,0.209298719283835,0.375135713184494,1.06671309294521 
 07/07  08:00:00,0.747688299788583,1.05800840059261,0.000000000000000E+000,0.000000000000000E+000,0.000000000000000E+000,0.000000000000000E+000,0.000000000000000E+000,0.000000000000000E+000,0.117842759864612,2.567493489543148E-002,0.269903014330297,0.317155577008642,1.03616344953816 
 07/07  09:00:00,0.695801448639472,0.963633421858037,0.000000000000000E+000,0.000000000000000E+000,0.000000000000000E+000,0.000000000000000E+000,0.000000000000000E+000,0.000000000000000E+000,6.397178750905712E-002,1.393782258092414E-002,0.330854782137564,0.269925042722327,0.945041602025463 
 07/07  10:00:00,0.705762869829883,0.856816949843814,0.000000000000000E+000,0.000000000000000E+000,0.000000000000000E+000,0.000000000000000E+000,0.000000000000000E+000,0.000000000000000E+000,5.387098907413678E-002,1.173711413578380E-002,0.346769520115789,0.276273232814574,0.837787881191096 
 07/07  11:00:00,0.720147372709796,0.761331210422862,0.000000000000000E+000,0.000000000000000E+000,0.000000000000000E+000,0.000000000000000E+000,0.000000000000000E+000,0.000000000000000E+000,5.387098907413678E-002,1.173711413578380E-002,0.361069380461137,0.276357875349137,0.742296311785877 
 07/07  12:00:00,0.704950034174123,0.686417199837426,0.000000000000000E+000,0.000000000000000E+000,0.000000000000000E+000,0.000000000000000E+000,0.000000000000000E+000,0.000000000000000E+000,5.387098907413678E-002,1.173711413578380E-002,0.350527381326447,0.271702535948156,0.667702950335211 
 07/07  13:00:00,0.683263399734021,0.643016632813025,0.000000000000000E+000,0.000000000000000E+000,0.000000000000000E+000,0.000000000000000E+000,0.000000000000000E+000,0.000000000000000E+000,5.387098907413678E-002,1.173711413578380E-002,0.319445425549819,0.281097857284681,0.623655255056997 
 07/07  14:00:00,0.674277709769767,0.600085139957047,0.000000000000000E+000,0.000000000000000E+000,0.000000000000000E+000,0.000000000000000E+000,0.000000000000000E+000,0.000000000000000E+000,5.387098907413678E-002,1.173711413578380E-002,0.294631581622230,0.296926011248016,0.579633555142790 
 07/07  15:00:00,0.739812866859042,0.606652227578422,0.000000000000000E+000,0.000000000000000E+000,3.222559047969425E-002,9.890869909005959E-003,4.211646038870024E-002,9.890869909005959E-003,5.387098907413678E-002,1.173711413578380E-002,0.301544984082964,0.313431305487858,0.585063795831787 
 07/07  16:00:00,1.05007101942234,0.663465901803097,0.000000000000000E+000,0.000000000000000E+000,0.190586153845121,5.846954392567438E-002,0.249055697770795,5.846954392567438E-002,5.723791909934670E-002,1.247068240331294E-002,0.343460405072082,0.370734301387204,0.637930570706618 
 07/07  17:00:00,1.56537544010539,0.782567609571126,0.000000000000000E+000,0.000000000000000E+000,0.455761711505105,0.139785802902950,0.595547514408058,0.139785802902950,6.733872589355760E-002,1.467139266972975E-002,0.420322867033191,0.450382926411258,0.751546263277894 
 07/07  18:00:00,1.64064600747610,0.890630443173840,0.000000000000000E+000,0.000000000000000E+000,0.451658142810867,0.138525403231293,0.590183546042159,0.138525403231293,0.107741978148274,2.347423191412051E-002,0.383154291509830,0.488979922172116,0.856950624054126 
 07/07  19:00:00,1.64642274584793,0.909304045939677,0.000000000000000E+000,0.000000000000000E+000,0.422172689585195,0.136999896369985,0.559172585955180,0.136999896369985,0.205383090987301,4.474774263416546E-002,0.315283878980793,0.504723433600890,0.874539849746003 
 07/07  20:00:00,1.75337349540141,0.848327565048065,0.000000000000000E+000,0.000000000000000E+000,0.358448667156107,0.122550480846167,0.480999148002274,0.122550480846167,0.370362971516340,8.069265513032245E-002,0.282131553876513,0.522075153186363,0.812368222079327 
 07/07  21:00:00,1.82501912522321,0.771817680694751,0.000000000000000E+000,0.000000000000000E+000,0.278947292264036,9.987080425748199E-002,0.378818096521518,9.987080425748199E-002,0.535342852045378,0.116637567626479,0.267221967130982,0.509886628209248,0.736697855460691 
 07/07  22:00:00,1.48089007673192,0.646829198752175,0.000000000000000E+000,0.000000000000000E+000,0.191296204214223,6.925885598422823E-002,0.260555060198452,6.925885598422823E-002,0.447802520922691,9.756475988774546E-002,0.216614189355009,0.441241532678422,0.616437490759951 
 07/07  23:00:00,1.04373797994716,0.512895432525657,0.000000000000000E+000,0.000000000000000E+000,8.701585604966443E-002,3.188650779821694E-002,0.118902363847882,3.188650779821694E-002,0.309758114032493,6.748840081692746E-002,0.147046405988563,0.383430681571697,0.486485603788888 
 07/07  24:00:00,0.629072831713790,0.370104658282779,0.000000000000000E+000,0.000000000000000E+000,0.000000000000000E+000,0.000000000000000E+000,0.000000000000000E+000,0.000000000000000E+000,0.161612925425957,3.521133876479848E-002,9.798097682479152E-002,0.317155577008642,0.348259707228323 
 07/08  01:00:00,0.515547781631398,0.311528730103960,0.000000000000000E+000,0.000000000000000E+000,0.000000000000000E+000,0.000000000000000E+000,0.000000000000000E+000,0.000000000000000E+000,9.764119643193464E-002,2.127351072004496E-002,8.750431654647417E-002,0.292016744243345,0.291415284377280 
 07/08  02:00:00,0.457980908790631,0.292656166531151,0.000000000000000E+000,0.000000000000000E+000,0.000000000000000E+000,0.000000000000000E+000,0.000000000000000E+000,0.000000000000000E+000,6.397178750905712E-002,1.393782258092414E-002,7.432824215023587E-002,0.288631042860813,0.272775920175218 
 07/08  03:00:00,0.445182759460584,0.297742422433189,0.000000000000000E+000,0.000000000000000E+000,0.000000000000000E+000,0.000000000000000E+000,0.000000000000000E+000,0.000000000000000E+000,6.397178750905712E-002,1.393782258092414E-002,6.559293447922755E-002,0.284568201201776,0.278142015322148 
 07/08  04:00:00,0.445112273590970,0.352298217199371,0.000000000000000E+000,0.000000000000000E+000,0.000000000000000E+000,0.000000000000000E+000,0.000000000000000E+000,0.000000000000000E+000,6.397178750905712E-002,1.393782258092414E-002,7.627205049915019E-002,0.273818599312238,0.333438218090442 
 07/08  05:00:00,0.494238805184528,0.593274328399825,0.000000000000000E+000,0.000000000000000E+000,0.000000000000000E+000,0.000000000000000E+000,0.000000000000000E+000,0.000000000000000E+000,6.733872589355760E-002,1.467139266972975E-002,8.955712315816899E-002,0.305559549773472,0.572228085190171 
 07/08  06:00:00,0.631427594227707,1.04400232520902,0.000000000000000E+000,0.000000000000000E+000,0.000000000000000E+000,0.000000000000000E+000,0.000000000000000E+000,0.000000000000000E+000,9.427424132885273E-002,2.053995520145101E-002,0.146457372344328,0.353044011663478,1.01968546082468 
 07/08  07:00:00,0.826331145334135,1.17140388591574,0.000000000000000E+000,0.000000000000000E+000,0.000000000000000E+000,0.000000000000000E+000,0.000000000000000E+000,0.000000000000000E+000,0.154879098812700,3.374420951484601E-002,0.230460098132495,0.375135713184494,1.14556539563729 
 07/08  08:00:00,0.780125626630616,1.14033406173539,0.000000000000000E+000,0.000000000000000E+000,0.000000000000000E+000,0.000000000000000E+000,0.000000000000000E+000,0.000000000000000E+000,0.117842759864612,2.567493489543148E-002,0.302340341172329,0.317155577008642,1.11848911068093 
 07/08  09:00:00,0.740832543130202,1.03909282021806,0.000000000000000E+000,0.000000000000000E+000,0.000000000000000E+000,0.000000000000000E+000,0.000000000000000E+000,0.000000000000000E+000,6.397178750905712E-002,1.393782258092414E-002,0.375885876628294,0.269925042722327,1.02050100038549 
 07/08  10:00:00,0.756679139852164,0.921268077048216,0.000000000000000E+000,0.000000000000000E+000,0.000000000000000E+000,0.000000000000000E+000,0.000000000000000E+000,0.000000000000000E+000,5.387098907413678E-002,1.173711413578380E-002,0.397685790138072,0.276273232814574,0.902239008395499 
 07/08  11:00:00,0.772636174219814,0.814479497074346,0.000000000000000E+000,0.000000000000000E+000,0.000000000000000E+000,0.000000000000000E+000,0.000000000000000E+000,0.000000000000000E+000,5.387098907413678E-002,1.173711413578380E-002,0.413558181971159,0.276357875349137,0.795444598437361 
 07/08  12:00:00,0.752760578513620,0.732248289770933,0.000000000000000E+000,0.000000000000000E+000,0.000000000000000E+000,0.000000000000000E+000,0.000000000000000E+000,0.000000000000000E+000,5.387098907413678E-002,1.173711413578380E-002,0.398337925665944,0.271702535948156,0.713534040268720 
 07/08  13:00:00,0.802983136924579,0.682527920513211,0.000000000000000E+000,0.000000000000000E+000,5.820001503909644E-002,1.793165476631622E-002,7.613166980541268E-002,1.793165476631622E-002,5.387098907413678E-002,1.173711413578380E-002,0.363033492934962,0.281097857284681,0.663166542757182 
 07/08  14:00:00,0.995932371862832,0.635799918567578,0.000000000000000E+000,0.000000000000000E+000,0.217124819328869,6.540423928853208E-002,0.282529058617399,6.540423928853208E-002,5.387098907413678E-002,1.173711413578380E-002,0.333757185097896,0.296926011248016,0.615348333753320 
 07/08  15:00:00,1.22995550990150,0.642459341953487,0.000000000000000E+000,0.000000000000000E+000,0.382360395090507,0.112839705838206,0.495200100928711,0.112839705838206,5.387098907413678E-002,1.173711413578380E-002,0.338603986585406,0.313431305487858,0.620870910206853 
 07/08  16:00:00,1.55250590347840,0.707927951840411,0.000000000000000E+000,0.000000000000000E+000,0.550787915348344,0.164784718496454,0.715572633844796,0.164784718496454,5.723791909934670E-002,1.247068240331294E-002,0.379378353054140,0.370734301387204,0.682392620743932 
 07/08  17:00:00,2.02114765777475,0.836568195532743,0.000000000000000E+000,0.000000000000000E+000,0.779961773191019,0.236006000389666,1.01596777358069,0.236006000389666,6.733872589355760E-002,1.467139266972975E-002,0.455674825529913,0.450382926411258,0.805546849239511 
 07/08  18:00:00,2.03512328816785,0.961450195138141,0.000000000000000E+000,0.000000000000000E+000,0.727295382841363,0.223055100904745,0.950350483746107,0.223055100904745,0.107741978148274,2.347423191412051E-002,0.417464634497629,0.488979922172116,0.927770376018426 
 07/08  19:00:00,1.94671201743002,0.988882256024441,0.000000000000000E+000,0.000000000000000E+000,0.624325770161686,0.200891305786239,0.825217075947927,0.200891305786239,0.205383090987301,4.474774263416546E-002,0.349528660570141,0.504723433600890,0.954118059830768 
 07/08  20:00:00,2.00319241187911,0.923954802215559,0.000000000000000E+000,0.000000000000000E+000,0.520429243504159,0.175533422763930,0.695962666268090,0.175533422763930,0.370362971516340,8.069265513032245E-002,0.316986952088389,0.522075153186363,0.887995459246819 
 07/08  21:00:00,2.03770147752305,0.834899391026476,0.000000000000000E+000,0.000000000000000E+000,0.411348281814646,0.144545281052928,0.555893562867572,0.144545281052928,0.535342852045378,0.116637567626479,0.302828853084766,0.509886628209248,0.799779565792416 
 07/08  22:00:00,1.62887608102131,0.696383072774510,0.000000000000000E+000,0.000000000000000E+000,0.279178366827493,0.101069463101512,0.380247829929004,0.101069463101512,0.447802520922691,9.756475988774546E-002,0.244907423913850,0.441241532678422,0.665991364782285 
 07/08  23:00:00,1.12465664640169,0.543602451010557,0.000000000000000E+000,0.000000000000000E+000,0.134322396464175,4.996377607459249E-002,0.184286172538768,4.996377607459249E-002,0.309758114032493,6.748840081692746E-002,0.162581263752207,0.383430681571697,0.517192622273789 
 07/08  24:00:00,0.642722988178654,0.381194352899486,0.000000000000000E+000,0.000000000000000E+000,5.127802258553081E-003,1.948665870565272E-003,7.076468129118335E-003,1.948665870565272E-003,0.161612925425957,3.521133876479848E-002,0.104554665160539,0.317155577008642,0.359349401845030 
 07/09  01:00:00,0.515547781631398,0.310757660913319,0.000000000000000E+000,0.000000000000000E+000,0.000000000000000E+000,0.000000000000000E+000,0.000000000000000E+000,0.000000000000000E+000,9.764119643193464E-002,2.127351072004496E-002,8.750431654647417E-002,0.292016744243345,0.290644215186642 
 07/09  02:00:00,0.457980908790631,0.292107383915048,0.000000000000000E+000,0.000000000000000E+000,0.000000000000000E+000,0.000000000000000E+000,0.000000000000000E+000,0.000000000000000E+000,6.397178750905712E-002,1.393782258092414E-002,7.432824215023587E-002,0.288631042860813,0.272227137559115 
 07/09  03:00:00,0.445182759460584,0.297246956249247,0.000000000000000E+000,0.000000000000000E+000,0.000000000000000E+000,0.000000000000000E+000,0.000000000000000E+000,0.000000000000000E+000,6.397178750905712E-002,1.393782258092414E-002,6.559293447922755E-002,0.284568201201776,0.277646549138206 
 07/09  04:00:00,0.445112273590970,0.351724390811854,0.000000000000000E+000,0.000000000000000E+000,0.000000000000000E+000,0.000000000000000E+000,0.000000000000000E+000,0.000000000000000E+000,6.397178750905712E-002,1.393782258092414E-002,7.627205049915019E-002,0.273818599312238,0.332864391702925 
 07/09  05:00:00,0.494238805184528,0.592297782793489,0.000000000000000E+000,0.000000000000000E+000,0.000000000000000E+000,0.000000000000000E+000,0.000000000000000E+000,0.000000000000000E+000,6.733872589355760E-002,1.467139266972975E-002,8.955712315816899E-002,0.305559549773472,0.571251539583833 
 07/09  06:00:00,0.631427594227707,1.04182746405475,0.000000000000000E+000,0.000000000000000E+000,0.000000000000000E+000,0.000000000000000E+000,0.000000000000000E+000,0.000000000000000E+000,9.427424132885273E-002,2.053995520145101E-002,0.146457372344328,0.353044011663478,1.01751059967041 
 07/09  07:00:00,0.826331145334135,1.16908393621809,0.000000000000000E+000,0.000000000000000E+000,0.000000000000000E+000,0.000000000000000E+000,0.000000000000000E+000,0.000000000000000E+000,0.154879098812700,3.374420951484601E-002,0.230460098132495,0.375135713184494,1.14324544593964 
 07/09  08:00:00,0.780125626630616,1.13810913502490,0.000000000000000E+000,0.000000000000000E+000,0.000000000000000E+000,0.000000000000000E+000,0.000000000000000E+000,0.000000000000000E+000,0.117842759864612,2.567493489543148E-002,0.302340341172329,0.317155577008642,1.11626418397044 
 07/09  09:00:00,0.740832543130202,1.03711567536998,0.000000000000000E+000,0.000000000000000E+000,0.000000000000000E+000,0.000000000000000E+000,0.000000000000000E+000,0.000000000000000E+000,6.397178750905712E-002,1.393782258092414E-002,0.375885876628294,0.269925042722327,1.01852385553741 
 07/09  10:00:00,0.756679139852164,0.919665839575444,0.000000000000000E+000,0.000000000000000E+000,0.000000000000000E+000,0.000000000000000E+000,0.000000000000000E+000,0.000000000000000E+000,5.387098907413678E-002,1.173711413578380E-002,0.397685790138072,0.276273232814574,0.900636770922726 
 07/09  11:00:00,0.772636174219814,0.813276963428189,0.000000000000000E+000,0.000000000000000E+000,0.000000000000000E+000,0.000000000000000E+000,0.000000000000000E+000,0.000000000000000E+000,5.387098907413678E-002,1.173711413578380E-002,0.413558181971159,0.276357875349137,0.794242064791202 
 07/09  12:00:00,0.752760578513620,0.731384252643501,0.000000000000000E+000,0.000000000000000E+000,0.000000000000000E+000,0.000000000000000E+000,0.000000000000000E+000,0.000000000000000E+000,5.387098907413678E-002,1.173711413578380E-002,0.398337925665944,0.271702535948156,0.712670003141288 
 07/09  13:00:00,0.726851467119164,0.681866129536120,0.000000000000000E+000,0.000000000000000E+000,0.000000000000000E+000,0.000000000000000E+000,0.000000000000000E+000,0.000000000000000E+000,5.387098907413678E-002,1.173711413578380E-002,0.363033492934962,0.281097857284681,0.662504751780091 
 07/09  14:00:00,0.713403313245433,0.635213958864355,0.000000000000000E+000,0.000000000000000E+000,0.000000000000000E+000,0.000000000000000E+000,0.000000000000000E+000,0.000000000000000E+000,5.387098907413678E-002,1.173711413578380E-002,0.333757185097896,0.296926011248016,0.614762374050097 
 07/09  15:00:00,0.734755408972785,0.641750077304707,0.000000000000000E+000,0.000000000000000E+000,0.000000000000000E+000,0.000000000000000E+000,0.000000000000000E+000,0.000000000000000E+000,5.387098907413678E-002,1.173711413578380E-002,0.338603986585406,0.313431305487858,0.620161645558072 
 07/09  16:00:00,0.979697520002622,0.706900510679126,0.000000000000000E+000,0.000000000000000E+000,0.107180604798859,3.558364557016062E-002,0.142764250369019,3.558364557016062E-002,5.723791909934670E-002,1.247068240331294E-002,0.379378353054140,0.370734301387204,0.681365179582646 
 07/09  17:00:00,1.37168461853657,0.835121918710061,0.000000000000000E+000,0.000000000000000E+000,0.274745765568335,9.175896877417629E-002,0.366504734342511,9.175896877417629E-002,6.733872589355760E-002,1.467139266972975E-002,0.455674825529913,0.450382926411258,0.804100572416829 
 07/09  18:00:00,1.47127586423278,0.959594148173252,0.000000000000000E+000,0.000000000000000E+000,0.289158734127963,9.734432568307269E-002,0.386503059811037,9.734432568307269E-002,0.107741978148274,2.347423191412051E-002,0.417464634497629,0.488979922172116,0.925914329053535 
 07/09  19:00:00,1.48308563422881,0.987024167532680,0.000000000000000E+000,0.000000000000000E+000,0.267197769968892,9.439292277781586E-002,0.361590692746709,9.439292277781586E-002,0.205383090987301,4.474774263416546E-002,0.349528660570141,0.504723433600890,0.952259971339007 
 07/09  20:00:00,1.60358739934168,0.922474211750398,0.000000000000000E+000,0.000000000000000E+000,0.216632902630272,7.972475110038930E-002,0.296357653730661,7.972475110038930E-002,0.370362971516340,8.069265513032245E-002,0.316986952088389,0.522075153186363,0.886514868781658 
 07/09  21:00:00,1.67730711208730,0.833781953521343,0.000000000000000E+000,0.000000000000000E+000,0.141678992116863,5.382020531495758E-002,0.195499197431821,5.382020531495758E-002,0.535342852045378,0.116637567626479,0.302828853084766,0.509886628209248,0.798662128287283 
 07/09  22:00:00,1.34067327933169,0.695420614563941,0.000000000000000E+000,0.000000000000000E+000,6.666482106110140E-002,2.538020717828297E-002,9.204502823938451E-002,2.538020717828297E-002,0.447802520922691,9.756475988774546E-002,0.244907423913850,0.441241532678422,0.665028906571716 
 07/09  23:00:00,0.940370473862924,0.542737812534417,0.000000000000000E+000,0.000000000000000E+000,0.000000000000000E+000,0.000000000000000E+000,0.000000000000000E+000,0.000000000000000E+000,0.309758114032493,6.748840081692746E-002,0.162581263752207,0.383430681571697,0.516327983797648 
 07/09  24:00:00,0.635646520049537,0.380578949574699,0.000000000000000E+000,0.000000000000000E+000,0.000000000000000E+000,0.000000000000000E+000,0.000000000000000E+000,0.000000000000000E+000,0.161612925425957,3.521133876479848E-002,0.104554665160539,0.317155577008642,0.358733998520247 
 07/10  01:00:00,0.511600754398437,0.304109469467736,0.000000000000000E+000,0.000000000000000E+000,0.000000000000000E+000,0.000000000000000E+000,0.000000000000000E+000,0.000000000000000E+000,9.764119643193464E-002,2.127351072004496E-002,8.355728931351325E-002,0.292016744243345,0.283996023741059 
 07/10  02:00:00,0.455369668274410,0.287091890519126,0.000000000000000E+000,0.000000000000000E+000,0.000000000000000E+000,0.000000000000000E+000,0.000000000000000E+000,0.000000000000000E+000,6.397178750905712E-002,1.393782258092414E-002,7.171700163401486E-002,0.288631042860813,0.267211644163191 
 07/10  03:00:00,0.443817354196285,0.291936496452058,0.000000000000000E+000,0.000000000000000E+000,0.000000000000000E+000,0.000000000000000E+000,0.000000000000000E+000,0.000000000000000E+000,6.397178750905712E-002,1.393782258092414E-002,6.422752921492920E-002,0.284568201201776,0.272336089341015 
 07/10  04:00:00,0.442441115838571,0.340895728071917,0.000000000000000E+000,0.000000000000000E+000,0.000000000000000E+000,0.000000000000000E+000,0.000000000000000E+000,0.000000000000000E+000,6.397178750905712E-002,1.393782258092414E-002,7.360089274675015E-002,0.273818599312238,0.322035728962988 
 07/10  05:00:00,0.490142109307002,0.561391398254887,0.000000000000000E+000,0.000000000000000E+000,0.000000000000000E+000,0.000000000000000E+000,0.000000000000000E+000,0.000000000000000E+000,6.733872589355760E-002,1.467139266972975E-002,8.546042728064268E-002,0.305559549773472,0.540345155045234 
 07/10  06:00:00,0.620802073509795,0.971709118722459,0.000000000000000E+000,0.000000000000000E+000,0.000000000000000E+000,0.000000000000000E+000,0.000000000000000E+000,0.000000000000000E+000,9.427424132885273E-002,2.053995520145101E-002,0.135831851626414,0.353044011663478,0.947392254338119 
 07/10  07:00:00,0.805169766485476,1.08431756156043,0.000000000000000E+000,0.000000000000000E+000,0.000000000000000E+000,0.000000000000000E+000,0.000000000000000E+000,0.000000000000000E+000,0.154879098812700,3.374420951484601E-002,0.209298719283835,0.375135713184494,1.05847907128198 
 07/10  08:00:00,0.747688299788583,1.04989794963337,0.000000000000000E+000,0.000000000000000E+000,0.000000000000000E+000,0.000000000000000E+000,0.000000000000000E+000,0.000000000000000E+000,0.117842759864612,2.567493489543148E-002,0.269903014330297,0.317155577008642,1.02805299857892 
 07/10  09:00:00,0.695801448639472,0.956055674464089,0.000000000000000E+000,0.000000000000000E+000,0.000000000000000E+000,0.000000000000000E+000,0.000000000000000E+000,0.000000000000000E+000,6.397178750905712E-002,1.393782258092414E-002,0.330854782137564,0.269925042722327,0.937463854631514 
 07/10  10:00:00,0.705762869829883,0.849924874884848,0.000000000000000E+000,0.000000000000000E+000,0.000000000000000E+000,0.000000000000000E+000,0.000000000000000E+000,0.000000000000000E+000,5.387098907413678E-002,1.173711413578380E-002,0.346769520115789,0.276273232814574,0.830895806232130 
 07/10  11:00:00,0.720147372709796,0.755050730823512,0.000000000000000E+000,0.000000000000000E+000,0.000000000000000E+000,0.000000000000000E+000,0.000000000000000E+000,0.000000000000000E+000,5.387098907413678E-002,1.173711413578380E-002,0.361069380461137,0.276357875349137,0.736015832186525 
 07/10  12:00:00,0.704950034174123,0.680603565337886,0.000000000000000E+000,0.000000000000000E+000,0.000000000000000E+000,0.000000000000000E+000,0.000000000000000E+000,0.000000000000000E+000,5.387098907413678E-002,1.173711413578380E-002,0.350527381326447,0.271702535948156,0.661889315835673 
 07/10  13:00:00,0.683263399734021,0.637539163955020,0.000000000000000E+000,0.000000000000000E+000,0.000000000000000E+000,0.000000000000000E+000,0.000000000000000E+000,0.000000000000000E+000,5.387098907413678E-002,1.173711413578380E-002,0.319445425549819,0.281097857284681,0.618177786198992 
 07/10  14:00:00,0.709444618341641,0.594927942422187,0.000000000000000E+000,0.000000000000000E+000,2.699506344488126E-002,8.171845126992650E-003,3.516690857187380E-002,8.171845126992650E-003,5.387098907413678E-002,1.173711413578380E-002,0.294631581622230,0.296926011248016,0.574476357607930 
 07/10  15:00:00,0.968363470063290,0.601519681397305,0.000000000000000E+000,0.000000000000000E+000,0.208978989276040,6.168807431690858E-002,0.270667063592948,6.168807431690858E-002,5.387098907413678E-002,1.173711413578380E-002,0.301544984082964,0.313431305487858,0.579931249650670 
 07/10  16:00:00,1.26681318786209,0.658087829388781,0.000000000000000E+000,0.000000000000000E+000,0.358331552707396,0.107466313503151,0.465797866210548,0.107466313503151,5.723791909934670E-002,1.247068240331294E-002,0.343460405072082,0.370734301387204,0.632552498292302 
 07/10  17:00:00,1.68769943296926,0.776658838043626,0.000000000000000E+000,0.000000000000000E+000,0.549941475375512,0.167930031896410,0.717871507271921,0.167930031896410,6.733872589355760E-002,1.467139266972975E-002,0.420322867033191,0.450382926411258,0.745637491750391 
 07/10  18:00:00,1.73179646596742,0.884182642835004,0.000000000000000E+000,0.000000000000000E+000,0.520038480290554,0.161295524242923,0.681334004533479,0.161295524242923,0.107741978148274,2.347423191412051E-002,0.383154291509830,0.488979922172116,0.850502823715287 
 07/10  19:00:00,1.69065836441778,0.902900517965681,0.000000000000000E+000,0.000000000000000E+000,0.454857941518732,0.148550263006294,0.603408204525027,0.148550263006294,0.205383090987301,4.474774263416546E-002,0.315283878980793,0.504723433600890,0.868136321772005 
 07/10  20:00:00,1.76892974325283,0.842304223927126,0.000000000000000E+000,0.000000000000000E+000,0.369671292394164,0.126884103459527,0.496555395853691,0.126884103459527,0.370362971516340,8.069265513032245E-002,0.282131553876513,0.522075153186363,0.806344880958389 
 07/10  21:00:00,1.83118741273689,0.766270788116457,0.000000000000000E+000,0.000000000000000E+000,0.283473235062190,0.101513148973011,0.384986384035202,0.101513148973011,0.535342852045378,0.116637567626479,0.267221967130982,0.509886628209248,0.731150962882397 
 07/10  22:00:00,1.48942312698595,0.642143143547565,0.000000000000000E+000,0.000000000000000E+000,0.197711950903822,7.137615954865778E-002,0.269088110452480,7.137615954865778E-002,0.447802520922691,9.756475988774546E-002,0.216614189355009,0.441241532678422,0.611751435555340 
 07/10  23:00:00,1.06167031556596,0.509138752342537,0.000000000000000E+000,0.000000000000000E+000,0.100290618618421,3.654408084826379E-002,0.136834699466685,3.654408084826379E-002,0.309758114032493,6.748840081692746E-002,0.147046405988563,0.383430681571697,0.482728923605769 
 07/10  24:00:00,0.642813163767653,0.367347044518712,0.000000000000000E+000,0.000000000000000E+000,1.005009324407764E-002,3.690238809785297E-003,1.374033205386293E-002,3.690238809785297E-003,0.161612925425957,3.521133876479848E-002,9.798097682479152E-002,0.317155577008642,0.345502093464259 
 07/11  01:00:00,0.511600754398437,0.302834332916128,0.000000000000000E+000,0.000000000000000E+000,0.000000000000000E+000,0.000000000000000E+000,0.000000000000000E+000,0.000000000000000E+000,9.764119643193464E-002,2.127351072004496E-002,8.355728931351325E-002,0.292016744243345,0.282720887189451 
 07/11  02:00:00,0.455369668274410,0.285724855761877,0.000000000000000E+000,0.000000000000000E+000,0.000000000000000E+000,0.000000000000000E+000,0.000000000000000E+000,0.000000000000000E+000,6.397178750905712E-002,1.393782258092414E-002,7.171700163401486E-002,0.288631042860813,0.265844609405942 
 07/11  03:00:00,0.443817354196285,0.290321214422033,0.000000000000000E+000,0.000000000000000E+000,0.000000000000000E+000,0.000000000000000E+000,0.000000000000000E+000,0.000000000000000E+000,6.397178750905712E-002,1.393782258092414E-002,6.422752921492920E-002,0.284568201201776,0.270720807310991 
 07/11  04:00:00,0.442441115838571,0.339249268636362,0.000000000000000E+000,0.000000000000000E+000,0.000000000000000E+000,0.000000000000000E+000,0.000000000000000E+000,0.000000000000000E+000,6.397178750905712E-002,1.393782258092414E-002,7.360089274675015E-002,0.273818599312238,0.320389269527433 
 07/11  05:00:00,0.490142109307002,0.559085794167472,0.000000000000000E+000,0.000000000000000E+000,0.000000000000000E+000,0.000000000000000E+000,0.000000000000000E+000,0.000000000000000E+000,6.733872589355760E-002,1.467139266972975E-002,8.546042728064268E-002,0.305559549773472,0.538039550957819 
 07/11  06:00:00,0.620802073509795,0.968414189077784,0.000000000000000E+000,0.000000000000000E+000,0.000000000000000E+000,0.000000000000000E+000,0.000000000000000E+000,0.000000000000000E+000,9.427424132885273E-002,2.053995520145101E-002,0.135831851626414,0.353044011663478,0.944097324693444 
 07/11  07:00:00,0.805169766485476,1.08051958006070,0.000000000000000E+000,0.000000000000000E+000,0.000000000000000E+000,0.000000000000000E+000,0.000000000000000E+000,0.000000000000000E+000,0.154879098812700,3.374420951484601E-002,0.209298719283835,0.375135713184494,1.05468108978225 
 07/11  08:00:00,0.747688299788583,1.04594094004949,0.000000000000000E+000,0.000000000000000E+000,0.000000000000000E+000,0.000000000000000E+000,0.000000000000000E+000,0.000000000000000E+000,0.117842759864612,2.567493489543148E-002,0.269903014330297,0.317155577008642,1.02409598899503 
 07/11  09:00:00,0.695801448639472,0.952280663598724,0.000000000000000E+000,0.000000000000000E+000,0.000000000000000E+000,0.000000000000000E+000,0.000000000000000E+000,0.000000000000000E+000,6.397178750905712E-002,1.393782258092414E-002,0.330854782137564,0.269925042722327,0.933688843766152 
 07/11  10:00:00,0.726534171002272,0.846397709202806,0.000000000000000E+000,0.000000000000000E+000,1.581971874573682E-002,4.951582426653744E-003,2.077130117239056E-002,4.951582426653744E-003,5.387098907413678E-002,1.173711413578380E-002,0.346769520115789,0.276273232814574,0.827368640550089 
 07/11  11:00:00,0.833441665378324,0.751834053644781,0.000000000000000E+000,0.000000000000000E+000,8.710957253237282E-002,2.618472013615599E-002,0.113294292668529,2.618472013615599E-002,5.387098907413678E-002,1.173711413578380E-002,0.361069380461137,0.276357875349137,0.732799155007794 
 07/11  12:00:00,1.06783298803650,0.677685862408653,0.000000000000000E+000,0.000000000000000E+000,0.281794695800204,8.108825806217371E-002,0.362882953862378,8.108825806217371E-002,5.387098907413678E-002,1.173711413578380E-002,0.350527381326447,0.271702535948156,0.658971612906438 
 07/11  13:00:00,1.20042141385513,0.635092610087854,0.000000000000000E+000,0.000000000000000E+000,0.402011785791746,0.115146228329368,0.517158014121114,0.115146228329368,5.387098907413678E-002,1.173711413578380E-002,0.319445425549819,0.281097857284681,0.615731232331825 
 07/11  14:00:00,1.33015537689494,0.592941557102405,0.000000000000000E+000,0.000000000000000E+000,0.510105630517531,0.145772036607647,0.655877667125178,0.145772036607647,5.387098907413678E-002,1.173711413578380E-002,0.294631581622230,0.296926011248016,0.572489972288147 
 07/11  15:00:00,1.49608673791253,0.599832414912279,0.000000000000000E+000,0.000000000000000E+000,0.621578767406119,0.176811564036073,0.798390331442190,0.176811564036073,5.387098907413678E-002,1.173711413578380E-002,0.301544984082964,0.313431305487858,0.578243983165644 
 07/11  16:00:00,1.57765750915083,0.656672322965360,0.000000000000000E+000,0.000000000000000E+000,0.590943647793651,0.185698539705629,0.776642187499281,0.185698539705629,5.723791909934670E-002,1.247068240331294E-002,0.343460405072082,0.370734301387204,0.631136991868881 
 07/11  17:00:00,1.63492484495977,0.775605391635733,0.000000000000000E+000,0.000000000000000E+000,0.494691625181889,0.170405294080540,0.665096919262426,0.170405294080540,6.733872589355760E-002,1.467139266972975E-002,0.420322867033191,0.450382926411258,0.744584045342499 
 07/11  18:00:00,1.51312737776872,0.883321884738584,0.000000000000000E+000,0.000000000000000E+000,0.337719375612640,0.124945540722135,0.462664916334776,0.124945540722135,0.107741978148274,2.347423191412051E-002,0.383154291509830,0.488979922172116,0.849642065618867 
 07/11  19:00:00,1.44962482290092,0.901680605516566,0.000000000000000E+000,0.000000000000000E+000,0.264511861772194,9.786280123597613E-002,0.362374663008171,9.786280123597613E-002,0.205383090987301,4.474774263416546E-002,0.315283878980793,0.504723433600890,0.866916409322889 
 07/11  20:00:00,1.53905452401091,0.840720325580345,0.000000000000000E+000,0.000000000000000E+000,0.194660011206318,7.202016540545927E-002,0.266680176611778,7.202016540545927E-002,0.370362971516340,8.069265513032245E-002,0.282131553876513,0.522075153186363,0.804760982611604 
 07/11  21:00:00,1.62218038679391,0.764523100917469,0.000000000000000E+000,0.000000000000000E+000,0.128454241503204,4.752511658901175E-002,0.175979358092216,4.752511658901175E-002,0.535342852045378,0.116637567626479,0.267221967130982,0.509886628209248,0.729403275683409 
 07/11  22:00:00,1.29703018304626,0.640616495324456,0.000000000000000E+000,0.000000000000000E+000,5.590191024269269E-002,2.079325627009826E-002,7.669516651279107E-002,2.079325627009826E-002,0.447802520922691,9.756475988774546E-002,0.216614189355009,0.441241532678422,0.610224787332231 
 07/11  23:00:00,0.924835616099282,0.507966350950831,0.000000000000000E+000,0.000000000000000E+000,0.000000000000000E+000,0.000000000000000E+000,0.000000000000000E+000,0.000000000000000E+000,0.309758114032493,6.748840081692746E-002,0.147046405988563,0.383430681571697,0.481556522214062 
 07/11  24:00:00,0.629072831713790,0.366485874986990,0.000000000000000E+000,0.000000000000000E+000,0.000000000000000E+000,0.000000000000000E+000,0.000000000000000E+000,0.000000000000000E+000,0.161612925425957,3.521133876479848E-002,9.798097682479152E-002,0.317155577008642,0.344640923932538 
 07/12  01:00:00,0.511600754398437,0.302256604998760,0.000000000000000E+000,0.000000000000000E+000,0.000000000000000E+000,0.000000000000000E+000,0.000000000000000E+000,0.000000000000000E+000,9.764119643193464E-002,2.127351072004496E-002,8.355728931351325E-002,0.292016744243345,0.282143159272080 
 07/12  02:00:00,0.455369668274410,0.285258691828443,0.000000000000000E+000,0.000000000000000E+000,0.000000000000000E+000,0.000000000000000E+000,0.000000000000000E+000,0.000000000000000E+000,6.397178750905712E-002,1.393782258092414E-002,7.171700163401486E-002,0.288631042860813,0.265378445472510 
 07/12  03:00:00,0.443817354196285,0.289864619941619,0.000000000000000E+000,0.000000000000000E+000,0.000000000000000E+000,0.000000000000000E+000,0.000000000000000E+000,0.000000000000000E+000,6.397178750905712E-002,1.393782258092414E-002,6.422752921492920E-002,0.284568201201776,0.270264212830578 
 07/12  04:00:00,0.442441115838571,0.338594576882284,0.000000000000000E+000,0.000000000000000E+000,0.000000000000000E+000,0.000000000000000E+000,0.000000000000000E+000,0.000000000000000E+000,6.397178750905712E-002,1.393782258092414E-002,7.360089274675015E-002,0.273818599312238,0.319734577773355 
 07/12  05:00:00,0.490142109307002,0.558036437667896,0.000000000000000E+000,0.000000000000000E+000,0.000000000000000E+000,0.000000000000000E+000,0.000000000000000E+000,0.000000000000000E+000,6.733872589355760E-002,1.467139266972975E-002,8.546042728064268E-002,0.305559549773472,0.536990194458242 
 07/12  06:00:00,0.620802073509795,0.966517338393822,0.000000000000000E+000,0.000000000000000E+000,0.000000000000000E+000,0.000000000000000E+000,0.000000000000000E+000,0.000000000000000E+000,9.427424132885273E-002,2.053995520145101E-002,0.135831851626414,0.353044011663478,0.942200474009482 
 07/12  07:00:00,0.805169766485476,1.07863398354712,0.000000000000000E+000,0.000000000000000E+000,0.000000000000000E+000,0.000000000000000E+000,0.000000000000000E+000,0.000000000000000E+000,0.154879098812700,3.374420951484601E-002,0.209298719283835,0.375135713184494,1.05279549326867 
 07/12  08:00:00,0.747688299788583,1.04467018545405,0.000000000000000E+000,0.000000000000000E+000,0.000000000000000E+000,0.000000000000000E+000,0.000000000000000E+000,0.000000000000000E+000,0.117842759864612,2.567493489543148E-002,0.269903014330297,0.317155577008642,1.02282523439960 
 07/12  09:00:00,0.695801448639472,0.951644848395845,0.000000000000000E+000,0.000000000000000E+000,0.000000000000000E+000,0.000000000000000E+000,0.000000000000000E+000,0.000000000000000E+000,6.397178750905712E-002,1.393782258092414E-002,0.330854782137564,0.269925042722327,0.933053028563270 
 07/12  10:00:00,0.705762869829883,0.846227653137192,0.000000000000000E+000,0.000000000000000E+000,0.000000000000000E+000,0.000000000000000E+000,0.000000000000000E+000,0.000000000000000E+000,5.387098907413678E-002,1.173711413578380E-002,0.346769520115789,0.276273232814574,0.827198584484474 
 07/12  11:00:00,0.720147372709796,0.751912211841349,0.000000000000000E+000,0.000000000000000E+000,0.000000000000000E+000,0.000000000000000E+000,0.000000000000000E+000,0.000000000000000E+000,5.387098907413678E-002,1.173711413578380E-002,0.361069380461137,0.276357875349137,0.732877313204362 
 07/12  12:00:00,0.704950034174123,0.677975601173080,0.000000000000000E+000,0.000000000000000E+000,0.000000000000000E+000,0.000000000000000E+000,0.000000000000000E+000,0.000000000000000E+000,5.387098907413678E-002,1.173711413578380E-002,0.350527381326447,0.271702535948156,0.659261351670865 
 07/12  13:00:00,0.683263399734021,0.635324432065222,0.000000000000000E+000,0.000000000000000E+000,0.000000000000000E+000,0.000000000000000E+000,0.000000000000000E+000,0.000000000000000E+000,5.387098907413678E-002,1.173711413578380E-002,0.319445425549819,0.281097857284681,0.615963054309194 
 07/12  14:00:00,0.674277709769767,0.593145547622181,0.000000000000000E+000,0.000000000000000E+000,0.000000000000000E+000,0.000000000000000E+000,0.000000000000000E+000,0.000000000000000E+000,5.387098907413678E-002,1.173711413578380E-002,0.294631581622230,0.296926011248016,0.572693962807923 
 07/12  15:00:00,0.697696406470343,0.599890052971553,0.000000000000000E+000,0.000000000000000E+000,0.000000000000000E+000,0.000000000000000E+000,0.000000000000000E+000,0.000000000000000E+000,5.387098907413678E-002,1.173711413578380E-002,0.301544984082964,0.313431305487858,0.578301621224918 
 07/12  16:00:00,0.830679213893812,0.655982083783617,0.000000000000000E+000,0.000000000000000E+000,2.225889853869581E-002,7.404993703570445E-003,2.966389224226620E-002,7.404993703570445E-003,5.723791909934670E-002,1.247068240331294E-002,0.343460405072082,0.370734301387204,0.630446752687138 
 07/12  17:00:00,1.24627206938994,0.773526723970704,0.000000000000000E+000,0.000000000000000E+000,0.209131545487395,6.731259820521075E-002,0.276444143692606,6.731259820521075E-002,6.733872589355760E-002,1.467139266972975E-002,0.420322867033191,0.450382926411258,0.742505377677471 
 07/12  18:00:00,1.40805793570393,0.880136693026086,0.000000000000000E+000,0.000000000000000E+000,0.272926435001078,8.466903926891278E-002,0.357595474269992,8.466903926891278E-002,0.107741978148274,2.347423191412051E-002,0.383154291509830,0.488979922172116,0.846456873906371 
 07/12  19:00:00,1.46888887977320,0.898581769449393,0.000000000000000E+000,0.000000000000000E+000,0.288994359255983,9.264436062447087E-002,0.381638719880454,9.264436062447087E-002,0.205383090987301,4.474774263416546E-002,0.315283878980793,0.504723433600890,0.863817573255717 
 07/12  20:00:00,1.64905406102622,0.838170124148446,0.000000000000000E+000,0.000000000000000E+000,0.283045027530444,9.363468609663785E-002,0.376679713627080,9.363468609663785E-002,0.370362971516340,8.069265513032245E-002,0.282131553876513,0.522075153186363,0.802210781179706 
 07/12  21:00:00,1.79777852522148,0.762443233147912,0.000000000000000E+000,0.000000000000000E+000,0.262215462284957,8.936203423483298E-002,0.351577496519789,8.936203423483298E-002,0.535342852045378,0.116637567626479,0.267221967130982,0.509886628209248,0.727323407913850 
 07/12  22:00:00,1.48945890934689,0.639013486281572,0.000000000000000E+000,0.000000000000000E+000,0.199669361829140,6.945453098428783E-002,0.269123892813428,6.945453098428783E-002,0.447802520922691,9.756475988774546E-002,0.216614189355009,0.441241532678422,0.608621778289347 
 07/12  23:00:00,1.08046672903954,0.506785008163618,0.000000000000000E+000,0.000000000000000E+000,0.114890760786881,4.074035215337398E-002,0.155631112940255,4.074035215337398E-002,0.309758114032493,6.748840081692746E-002,0.147046405988563,0.383430681571697,0.480375179426847 
 07/12  24:00:00,0.659292350105208,0.365712821389295,0.000000000000000E+000,0.000000000000000E+000,2.220457672641189E-002,8.014941665007063E-003,3.021951839141898E-002,8.014941665007063E-003,0.161612925425957,3.521133876479848E-002,9.798097682479152E-002,0.317155577008642,0.343867870334843 
 07/13  01:00:00,0.511600754398437,0.301553990085691,0.000000000000000E+000,0.000000000000000E+000,0.000000000000000E+000,0.000000000000000E+000,0.000000000000000E+000,0.000000000000000E+000,9.764119643193464E-002,2.127351072004496E-002,8.355728931351325E-002,0.292016744243345,0.281440544359011 
 07/13  02:00:00,0.455369668274410,0.284544754052632,0.000000000000000E+000,0.000000000000000E+000,0.000000000000000E+000,0.000000000000000E+000,0.000000000000000E+000,0.000000000000000E+000,6.397178750905712E-002,1.393782258092414E-002,7.171700163401486E-002,0.288631042860813,0.264664507696697 
 07/13  03:00:00,0.443817354196285,0.289176872261040,0.000000000000000E+000,0.000000000000000E+000,0.000000000000000E+000,0.000000000000000E+000,0.000000000000000E+000,0.000000000000000E+000,6.397178750905712E-002,1.393782258092414E-002,6.422752921492920E-002,0.284568201201776,0.269576465150001 
 07/13  04:00:00,0.442441115838571,0.337754868891296,0.000000000000000E+000,0.000000000000000E+000,0.000000000000000E+000,0.000000000000000E+000,0.000000000000000E+000,0.000000000000000E+000,6.397178750905712E-002,1.393782258092414E-002,7.360089274675015E-002,0.273818599312238,0.318894869782367 
 07/13  05:00:00,0.490142109307002,0.556769698008294,0.000000000000000E+000,0.000000000000000E+000,0.000000000000000E+000,0.000000000000000E+000,0.000000000000000E+000,0.000000000000000E+000,6.733872589355760E-002,1.467139266972975E-002,8.546042728064268E-002,0.305559549773472,0.535723454798638 
 07/13  06:00:00,0.620802073509795,0.964233699528095,0.000000000000000E+000,0.000000000000000E+000,0.000000000000000E+000,0.000000000000000E+000,0.000000000000000E+000,0.000000000000000E+000,9.427424132885273E-002,2.053995520145101E-002,0.135831851626414,0.353044011663478,0.939916835143755 
 07/13  07:00:00,0.805169766485476,1.07585458371580,0.000000000000000E+000,0.000000000000000E+000,0.000000000000000E+000,0.000000000000000E+000,0.000000000000000E+000,0.000000000000000E+000,0.154879098812700,3.374420951484601E-002,0.209298719283835,0.375135713184494,1.05001609343735 
 07/13  08:00:00,0.747688299788583,1.04159710882415,0.000000000000000E+000,0.000000000000000E+000,0.000000000000000E+000,0.000000000000000E+000,0.000000000000000E+000,0.000000000000000E+000,0.117842759864612,2.567493489543148E-002,0.269903014330297,0.317155577008642,1.01975215776970 
 07/13  09:00:00,0.695801448639472,0.948345555456607,0.000000000000000E+000,0.000000000000000E+000,0.000000000000000E+000,0.000000000000000E+000,0.000000000000000E+000,0.000000000000000E+000,6.397178750905712E-002,1.393782258092414E-002,0.330854782137564,0.269925042722327,0.929753735624035 
 07/13  10:00:00,0.705762869829883,0.843031611842347,0.000000000000000E+000,0.000000000000000E+000,0.000000000000000E+000,0.000000000000000E+000,0.000000000000000E+000,0.000000000000000E+000,5.387098907413678E-002,1.173711413578380E-002,0.346769520115789,0.276273232814574,0.824002543189629 
 07/13  11:00:00,0.752761079536187,0.748955741867245,0.000000000000000E+000,0.000000000000000E+000,2.472366011004988E-002,7.890046716342157E-003,3.261370682639209E-002,7.890046716342157E-003,5.387098907413678E-002,1.173711413578380E-002,0.361069380461137,0.276357875349137,0.729920843230257 
 07/13  12:00:00,0.914701315218739,0.675196143498374,0.000000000000000E+000,0.000000000000000E+000,0.160069013776874,4.968226726774090E-002,0.209751281044615,4.968226726774090E-002,5.387098907413678E-002,1.173711413578380E-002,0.350527381326447,0.271702535948156,0.656481893996162 
 07/13  13:00:00,1.07565537211336,0.632659471428339,0.000000000000000E+000,0.000000000000000E+000,0.301173081804439,9.121889057489853E-002,0.392391972379341,9.121889057489853E-002,5.387098907413678E-002,1.173711413578380E-002,0.319445425549819,0.281097857284681,0.613298093672313 
 07/13  14:00:00,1.24512818859822,0.590583568330696,0.000000000000000E+000,0.000000000000000E+000,0.440701877318125,0.130148601510329,0.570850478828454,0.130148601510329,5.387098907413678E-002,1.173711413578380E-002,0.294631581622230,0.296926011248016,0.570131983516439 
 07/13  15:00:00,1.47958230274665,0.597366493038154,0.000000000000000E+000,0.000000000000000E+000,0.607124914340598,0.174760981935705,0.781885896276305,0.174760981935705,5.387098907413678E-002,1.173711413578380E-002,0.301544984082964,0.313431305487858,0.575778061291519 
 07/13  16:00:00,1.75140276975391,0.653523976053424,0.000000000000000E+000,0.000000000000000E+000,0.737197285542665,0.213190162559694,0.950387448102361,0.213190162559694,5.723791909934670E-002,1.247068240331294E-002,0.343460405072082,0.370734301387204,0.627988644956945 
 07/13  17:00:00,2.06685995525149,0.771222207509400,0.000000000000000E+000,0.000000000000000E+000,0.850066749401416,0.246965280152740,1.09703202955416,0.246965280152740,6.733872589355760E-002,1.467139266972975E-002,0.420322867033191,0.450382926411258,0.740200861216168 
 07/13  18:00:00,2.15687694346186,0.877914860907852,0.000000000000000E+000,0.000000000000000E+000,0.856450228014645,0.249964254013269,1.10641448202792,0.249964254013269,0.107741978148274,2.347423191412051E-002,0.383154291509830,0.488979922172116,0.844235041788137 
 07/13  19:00:00,2.10942902466504,0.896467550414078,0.000000000000000E+000,0.000000000000000E+000,0.783789743681724,0.238389121090562,1.02217886477229,0.238389121090562,0.205383090987301,4.474774263416546E-002,0.315283878980793,0.504723433600890,0.861703354220401 
 07/13  20:00:00,2.19762405279207,0.836249359424808,0.000000000000000E+000,0.000000000000000E+000,0.702408522712021,0.222841182680914,0.925249705392933,0.222841182680914,0.370362971516340,8.069265513032245E-002,0.282131553876513,0.522075153186363,0.800290016456068 
 07/13  21:00:00,2.24656614589796,0.760651281347513,0.000000000000000E+000,0.000000000000000E+000,0.601979727302677,0.198385389893589,0.800365117196268,0.198385389893589,0.535342852045378,0.116637567626479,0.267221967130982,0.509886628209248,0.725531456113453 
 07/13  22:00:00,1.86768567612212,0.637430127950458,0.000000000000000E+000,0.000000000000000E+000,0.484700010280892,0.162650649307764,0.647350659588658,0.162650649307764,0.447802520922691,9.756475988774546E-002,0.216614189355009,0.441241532678422,0.607038419958236 
 07/13  23:00:00,1.38720439031255,0.505426484866501,0.000000000000000E+000,0.000000000000000E+000,0.344501509411723,0.117867264801546,0.462368774213268,0.117867264801546,0.309758114032493,6.748840081692746E-002,0.147046405988563,0.383430681571697,0.479016656129732 
 07/13  24:00:00,0.910281054934772,0.364597021218114,0.000000000000000E+000,0.000000000000000E+000,0.208628737749915,7.257948547106720E-002,0.281208223220982,7.257948547106720E-002,0.161612925425957,3.521133876479848E-002,9.798097682479152E-002,0.317155577008642,0.342752070163662 
 07/14  01:00:00,0.663850402750795,0.300515141384112,0.000000000000000E+000,0.000000000000000E+000,0.112591481089684,3.965816726267093E-002,0.152249648352356,3.965816726267093E-002,9.764119643193464E-002,2.127351072004496E-002,8.355728931351325E-002,0.292016744243345,0.280401695657435 
 07/14  02:00:00,0.516078852059918,0.283549468243101,0.000000000000000E+000,0.000000000000000E+000,4.473713179334430E-002,1.597205199216512E-002,6.070918378550928E-002,1.597205199216512E-002,6.397178750905712E-002,1.393782258092414E-002,7.171700163401486E-002,0.288631042860813,0.263669221887167 
 07/14  03:00:00,0.443817354196285,0.288084188643944,0.000000000000000E+000,0.000000000000000E+000,0.000000000000000E+000,0.000000000000000E+000,0.000000000000000E+000,0.000000000000000E+000,6.397178750905712E-002,1.393782258092414E-002,6.422752921492920E-002,0.284568201201776,0.268483781532903 
 07/14  04:00:00,0.442441115838571,0.336505169980604,0.000000000000000E+000,0.000000000000000E+000,0.000000000000000E+000,0.000000000000000E+000,0.000000000000000E+000,0.000000000000000E+000,6.397178750905712E-002,1.393782258092414E-002,7.360089274675015E-002,0.273818599312238,0.317645170871675 
 07/14  05:00:00,0.490142109307002,0.554878473991046,0.000000000000000E+000,0.000000000000000E+000,0.000000000000000E+000,0.000000000000000E+000,0.000000000000000E+000,0.000000000000000E+000,6.733872589355760E-002,1.467139266972975E-002,8.546042728064268E-002,0.305559549773472,0.533832230781390 
 07/14  06:00:00,0.620802073509795,0.961451436084086,0.000000000000000E+000,0.000000000000000E+000,0.000000000000000E+000,0.000000000000000E+000,0.000000000000000E+000,0.000000000000000E+000,9.427424132885273E-002,2.053995520145101E-002,0.135831851626414,0.353044011663478,0.937134571699746 
 07/14  07:00:00,0.805169766485476,1.07283243175244,0.000000000000000E+000,0.000000000000000E+000,0.000000000000000E+000,0.000000000000000E+000,0.000000000000000E+000,0.000000000000000E+000,0.154879098812700,3.374420951484601E-002,0.209298719283835,0.375135713184494,1.04699394147399 
 07/14  08:00:00,0.747688299788583,1.03868783625772,0.000000000000000E+000,0.000000000000000E+000,0.000000000000000E+000,0.000000000000000E+000,0.000000000000000E+000,0.000000000000000E+000,0.117842759864612,2.567493489543148E-002,0.269903014330297,0.317155577008642,1.01684288520326 
 07/14  09:00:00,0.695801448639472,0.945737614382933,0.000000000000000E+000,0.000000000000000E+000,0.000000000000000E+000,0.000000000000000E+000,0.000000000000000E+000,0.000000000000000E+000,6.397178750905712E-002,1.393782258092414E-002,0.330854782137564,0.269925042722327,0.927145794550362 
 07/14  10:00:00,0.881922755102090,0.840621242249172,0.000000000000000E+000,0.000000000000000E+000,0.132894850827491,4.326503444471653E-002,0.176159885272208,4.326503444471653E-002,5.387098907413678E-002,1.173711413578380E-002,0.346769520115789,0.276273232814574,0.821592173596452 
 07/14  11:00:00,0.994631933640860,0.746895081325737,0.000000000000000E+000,0.000000000000000E+000,0.208783685411084,6.570087551998254E-002,0.274484560931066,6.570087551998254E-002,5.387098907413678E-002,1.173711413578380E-002,0.361069380461137,0.276357875349137,0.727860182688750 
 07/14  12:00:00,1.12186632298507,0.673355738885113,0.000000000000000E+000,0.000000000000000E+000,0.319982099416866,9.693418939407558E-002,0.416916288810939,9.693418939407558E-002,5.387098907413678E-002,1.173711413578380E-002,0.350527381326447,0.271702535948156,0.654641489382897 
 07/14  13:00:00,1.26344546654099,0.630889291233590,0.000000000000000E+000,0.000000000000000E+000,0.447890110921319,0.132291955885649,0.580182066806965,0.132291955885649,5.387098907413678E-002,1.173711413578380E-002,0.319445425549819,0.281097857284681,0.611527913477562 
 07/14  14:00:00,1.43100246816935,0.588905775896269,0.000000000000000E+000,0.000000000000000E+000,0.587576887668159,0.169147870731425,0.756724758399584,0.169147870731425,5.387098907413678E-002,1.173711413578380E-002,0.294631581622230,0.296926011248016,0.568454191082014 
 07/14  15:00:00,1.66405886881825,0.595693152529632,0.000000000000000E+000,0.000000000000000E+000,0.754663099633177,0.211699362714738,0.966362462347915,0.211699362714738,5.387098907413678E-002,1.173711413578380E-002,0.301544984082964,0.313431305487858,0.574104720782998 
 07/14  16:00:00,1.95865779501826,0.651666429167421,0.000000000000000E+000,0.000000000000000E+000,0.901243232021667,0.256399241345049,1.15764247336672,0.256399241345049,5.723791909934670E-002,1.247068240331294E-002,0.343460405072082,0.370734301387204,0.626131098070942 
 07/14  17:00:00,2.44514022711657,0.769316762310662,0.000000000000000E+000,0.000000000000000E+000,1.14557977045019,0.329732530969041,1.47531230141924,0.329732530969041,6.733872589355760E-002,1.467139266972975E-002,0.420322867033191,0.450382926411258,0.738295416017427 
 07/14  18:00:00,2.36363590175241,0.876087093557495,0.000000000000000E+000,0.000000000000000E+000,1.01650580209330,0.296667638225168,1.31317344031847,0.296667638225168,0.107741978148274,2.347423191412051E-002,0.383154291509830,0.488979922172116,0.842407274437778 
 07/14  19:00:00,2.24313479616714,0.894580602848682,0.000000000000000E+000,0.000000000000000E+000,0.885386435221218,0.270498201053177,1.15588463627439,0.270498201053177,0.205383090987301,4.474774263416546E-002,0.315283878980793,0.504723433600890,0.859816406655006 
 07/14  20:00:00,2.26864833942300,0.834486664925956,0.000000000000000E+000,0.000000000000000E+000,0.754763081907480,0.241510910116383,0.996273992023861,0.241510910116383,0.370362971516340,8.069265513032245E-002,0.282131553876513,0.522075153186363,0.798527321957216 
 07/14  21:00:00,2.27652687425922,0.759068774459536,0.000000000000000E+000,0.000000000000000E+000,0.622632730207438,0.207693115350089,0.830325845557528,0.207693115350089,0.535342852045378,0.116637567626479,0.267221967130982,0.509886628209248,0.723948949225477 
 07/14  22:00:00,1.89730246993474,0.636010926074675,0.000000000000000E+000,0.000000000000000E+000,0.506640100085903,0.170327353315374,0.676967453401277,0.170327353315374,0.447802520922691,9.756475988774546E-002,0.216614189355009,0.441241532678422,0.605619218082454 
 07/14  23:00:00,1.43743282849153,0.504208238920413,0.000000000000000E+000,0.000000000000000E+000,0.383062715803227,0.129534496589024,0.512597212392250,0.129534496589024,0.309758114032493,6.748840081692746E-002,0.147046405988563,0.383430681571697,0.477798410183645 
 07/14  24:00:00,0.974986460682128,0.363595143446251,0.000000000000000E+000,0.000000000000000E+000,0.257996109819559,8.791751914877849E-002,0.345913628968337,8.791751914877849E-002,0.161612925425957,3.521133876479848E-002,9.798097682479152E-002,0.317155577008642,0.341750192391799 
 07/15  01:00:00,0.723939710794683,0.305829590253232,0.000000000000000E+000,0.000000000000000E+000,0.154757997463396,5.363393169988797E-002,0.208391929163284,5.363393169988797E-002,9.764119643193464E-002,2.127351072004496E-002,8.750431654647417E-002,0.292016744243345,0.285716144526555 
 07/15  02:00:00,0.563961071542807,0.287276852693062,0.000000000000000E+000,0.000000000000000E+000,7.834187078986676E-002,2.763829196230994E-002,0.105980162752177,2.763829196230994E-002,6.397178750905712E-002,1.393782258092414E-002,7.432824215023587E-002,0.288631042860813,0.267396606337129 
 07/15  03:00:00,0.472563307219085,0.292181079963949,0.000000000000000E+000,0.000000000000000E+000,2.016037432707406E-002,7.220173431426957E-003,2.738054775850104E-002,7.220173431426957E-003,6.397178750905712E-002,1.393782258092414E-002,6.559293447922755E-002,0.284568201201776,0.272580672852909 
 07/15  04:00:00,0.445112273590970,0.345650237686641,0.000000000000000E+000,0.000000000000000E+000,0.000000000000000E+000,0.000000000000000E+000,0.000000000000000E+000,0.000000000000000E+000,6.397178750905712E-002,1.393782258092414E-002,7.627205049915019E-002,0.273818599312238,0.326790238577712 
 07/15  05:00:00,0.494238805184528,0.582660680693211,0.000000000000000E+000,0.000000000000000E+000,0.000000000000000E+000,0.000000000000000E+000,0.000000000000000E+000,0.000000000000000E+000,6.733872589355760E-002,1.467139266972975E-002,8.955712315816899E-002,0.305559549773472,0.561614437483557 
 07/15  06:00:00,0.631427594227707,1.02623136668377,0.000000000000000E+000,0.000000000000000E+000,0.000000000000000E+000,0.000000000000000E+000,0.000000000000000E+000,0.000000000000000E+000,9.427424132885273E-002,2.053995520145101E-002,0.146457372344328,0.353044011663478,1.00191450229943 
 07/15  07:00:00,0.826331145334135,1.15155828522176,0.000000000000000E+000,0.000000000000000E+000,0.000000000000000E+000,0.000000000000000E+000,0.000000000000000E+000,0.000000000000000E+000,0.154879098812700,3.374420951484601E-002,0.230460098132495,0.375135713184494,1.12571979494332 
 07/15  08:00:00,0.780125626630616,1.12086815934940,0.000000000000000E+000,0.000000000000000E+000,0.000000000000000E+000,0.000000000000000E+000,0.000000000000000E+000,0.000000000000000E+000,0.117842759864612,2.567493489543148E-002,0.302340341172329,0.317155577008642,1.09902320829495 
 07/15  09:00:00,0.740832543130202,1.02125469711423,0.000000000000000E+000,0.000000000000000E+000,0.000000000000000E+000,0.000000000000000E+000,0.000000000000000E+000,0.000000000000000E+000,6.397178750905712E-002,1.393782258092414E-002,0.375885876628294,0.269925042722327,1.00266287728166 
 07/15  10:00:00,0.897254430397320,0.905373379564357,0.000000000000000E+000,0.000000000000000E+000,0.105408087091552,3.516720345360192E-002,0.140575290545154,3.516720345360192E-002,5.387098907413678E-002,1.173711413578380E-002,0.397685790138072,0.276273232814574,0.886344310911640 
 07/15  11:00:00,0.996404444067115,0.800565924088966,0.000000000000000E+000,0.000000000000000E+000,0.168709784952636,5.505848489466295E-002,0.223768269847299,5.505848489466295E-002,5.387098907413678E-002,1.173711413578380E-002,0.413558181971159,0.276357875349137,0.781531025451978 
 07/15  12:00:00,1.08001957225024,0.719920197137569,0.000000000000000E+000,0.000000000000000E+000,0.248143923683354,7.911507005326401E-002,0.327258993736619,7.911507005326401E-002,5.387098907413678E-002,1.173711413578380E-002,0.398337925665944,0.271702535948156,0.701205947635357 
 07/15  13:00:00,1.15049113654728,0.671303849940367,0.000000000000000E+000,0.000000000000000E+000,0.322237752548318,0.101401916879796,0.423639669428114,0.101401916879796,5.387098907413678E-002,1.173711413578380E-002,0.363033492934962,0.281097857284681,0.651942472184338 
 07/15  14:00:00,1.23552099962712,0.625548781045422,0.000000000000000E+000,0.000000000000000E+000,0.398196476358904,0.123921210022785,0.522117686381687,0.123921210022785,5.387098907413678E-002,1.173711413578380E-002,0.333757185097896,0.296926011248016,0.605097196231164 
 07/15  15:00:00,1.38274695661580,0.632199078069313,0.000000000000000E+000,0.000000000000000E+000,0.495771503473360,0.152220044169655,0.647991547643018,0.152220044169655,5.387098907413678E-002,1.173711413578380E-002,0.338603986585406,0.313431305487858,0.610610646322679 
 07/15  16:00:00,1.63587370797500,0.696641859714217,0.000000000000000E+000,0.000000000000000E+000,0.610624065756659,0.188316372584740,0.798940438341398,0.188316372584740,5.723791909934670E-002,1.247068240331294E-002,0.379378353054140,0.370734301387204,0.671106528617738 
 07/15  17:00:00,2.04779462861606,0.823423753370589,0.000000000000000E+000,0.000000000000000E+000,0.796449695962580,0.246165048459420,1.04261474442200,0.246165048459420,6.733872589355760E-002,1.467139266972975E-002,0.455674825529913,0.450382926411258,0.792402407077355 
 07/15  18:00:00,2.05164484660952,0.946458522079281,0.000000000000000E+000,0.000000000000000E+000,0.737827766436566,0.229044275751211,0.966872042187776,0.229044275751211,0.107741978148274,2.347423191412051E-002,0.417464634497629,0.488979922172116,0.912778702959567 
 07/15  19:00:00,1.98926862052888,0.973588137022842,0.000000000000000E+000,0.000000000000000E+000,0.656333216416114,0.211440462630664,0.867773679046777,0.211440462630664,0.205383090987301,4.474774263416546E-002,0.349528660570141,0.504723433600890,0.938823940829166 
 07/15  20:00:00,2.08267911214324,0.909676515726428,0.000000000000000E+000,0.000000000000000E+000,0.581716743856926,0.193732622675300,0.775449366532225,0.193732622675300,0.370362971516340,8.069265513032245E-002,0.316986952088389,0.522075153186363,0.873717172757687 
 07/15  21:00:00,2.13805596363542,0.821956206565470,0.000000000000000E+000,0.000000000000000E+000,0.488191270410698,0.168056778569251,0.656248048979950,0.168056778569251,0.535342852045378,0.116637567626479,0.302828853084766,0.509886628209248,0.786836381331410 
 07/15  22:00:00,1.75997127045768,0.685516030906944,0.000000000000000E+000,0.000000000000000E+000,0.378973253934908,0.132369765430465,0.511343019365372,0.132369765430465,0.447802520922691,9.756475988774546E-002,0.244907423913850,0.441241532678422,0.655124322914722 
 07/15  23:00:00,1.28475758432544,0.535021635435024,0.000000000000000E+000,0.000000000000000E+000,0.254426942927514,8.996016753499757E-002,0.344387110462512,8.996016753499757E-002,0.309758114032493,6.748840081692746E-002,0.162581263752207,0.383430681571697,0.508611806698256 
 07/15  24:00:00,0.813597046097935,0.374952723874628,0.000000000000000E+000,0.000000000000000E+000,0.131008579341179,4.694194670722009E-002,0.177950526048399,4.694194670722009E-002,0.161612925425957,3.521133876479848E-002,0.104554665160539,0.317155577008642,0.353107772820173 
 07/16  01:00:00,0.587466553963431,0.305569949701523,0.000000000000000E+000,0.000000000000000E+000,5.283721572468459E-002,1.908155660734777E-002,7.191877233203239E-002,1.908155660734777E-002,9.764119643193464E-002,2.127351072004496E-002,8.750431654647417E-002,0.292016744243345,0.285456503974845 
 07/16  02:00:00,0.457980908790631,0.287017341183595,0.000000000000000E+000,0.000000000000000E+000,0.000000000000000E+000,0.000000000000000E+000,0.000000000000000E+000,0.000000000000000E+000,6.397178750905712E-002,1.393782258092414E-002,7.432824215023587E-002,0.288631042860813,0.267137094827661 
 07/16  03:00:00,0.445182759460584,0.291858724121173,0.000000000000000E+000,0.000000000000000E+000,0.000000000000000E+000,0.000000000000000E+000,0.000000000000000E+000,0.000000000000000E+000,6.397178750905712E-002,1.393782258092414E-002,6.559293447922755E-002,0.284568201201776,0.272258317010132 
 07/16  04:00:00,0.445112273590970,0.345233470832497,0.000000000000000E+000,0.000000000000000E+000,0.000000000000000E+000,0.000000000000000E+000,0.000000000000000E+000,0.000000000000000E+000,6.397178750905712E-002,1.393782258092414E-002,7.627205049915019E-002,0.273818599312238,0.326373471723569 
 07/16  05:00:00,0.494238805184528,0.581811936272216,0.000000000000000E+000,0.000000000000000E+000,0.000000000000000E+000,0.000000000000000E+000,0.000000000000000E+000,0.000000000000000E+000,6.733872589355760E-002,1.467139266972975E-002,8.955712315816899E-002,0.305559549773472,0.560765693062562 
 07/16  06:00:00,0.631427594227707,1.02439679729930,0.000000000000000E+000,0.000000000000000E+000,0.000000000000000E+000,0.000000000000000E+000,0.000000000000000E+000,0.000000000000000E+000,9.427424132885273E-002,2.053995520145101E-002,0.146457372344328,0.353044011663478,1.00007993291496 
 07/16  07:00:00,0.826331145334135,1.14947154172229,0.000000000000000E+000,0.000000000000000E+000,0.000000000000000E+000,0.000000000000000E+000,0.000000000000000E+000,0.000000000000000E+000,0.154879098812700,3.374420951484601E-002,0.230460098132495,0.375135713184494,1.12363305144384 
 07/16  08:00:00,0.780125626630616,1.11877101385925,0.000000000000000E+000,0.000000000000000E+000,0.000000000000000E+000,0.000000000000000E+000,0.000000000000000E+000,0.000000000000000E+000,0.117842759864612,2.567493489543148E-002,0.302340341172329,0.317155577008642,1.09692606280480 
 07/16  09:00:00,0.740832543130202,1.01925939868703,0.000000000000000E+000,0.000000000000000E+000,0.000000000000000E+000,0.000000000000000E+000,0.000000000000000E+000,0.000000000000000E+000,6.397178750905712E-002,1.393782258092414E-002,0.375885876628294,0.269925042722327,1.00066757885445 
 07/16  10:00:00,0.855544463084720,0.903519825612366,0.000000000000000E+000,0.000000000000000E+000,7.458673270539953E-002,2.427859052715649E-002,9.886532323255615E-002,2.427859052715649E-002,5.387098907413678E-002,1.173711413578380E-002,0.397685790138072,0.276273232814574,0.884490756959648 
 07/16  11:00:00,0.978041127097848,0.798808091659332,0.000000000000000E+000,0.000000000000000E+000,0.156238915301661,4.916603757637109E-002,0.205404952878032,4.916603757637109E-002,5.387098907413678E-002,1.173711413578380E-002,0.413558181971159,0.276357875349137,0.779773193022344 
 07/16  12:00:00,1.13246542866931,0.718214286966542,0.000000000000000E+000,0.000000000000000E+000,0.291416329670661,8.828852048502737E-002,0.379704850155687,8.828852048502737E-002,5.387098907413678E-002,1.173711413578380E-002,0.398337925665944,0.271702535948156,0.699500037464329 
 07/16  13:00:00,1.25897939848984,0.669714177955717,0.000000000000000E+000,0.000000000000000E+000,0.409919974642178,0.122207956728497,0.532127931370674,0.122207956728497,5.387098907413678E-002,1.173711413578380E-002,0.363033492934962,0.281097857284681,0.650352800199688 
 07/16  14:00:00,1.42146461041838,0.624060209140132,0.000000000000000E+000,0.000000000000000E+000,0.547769042839514,0.160292254333440,0.708061297172954,0.160292254333440,5.387098907413678E-002,1.173711413578380E-002,0.333757185097896,0.296926011248016,0.603608624325877 
 07/16  15:00:00,1.64111671118647,0.630716349423181,0.000000000000000E+000,0.000000000000000E+000,0.703768375963125,0.202592926250559,0.906361302213684,0.202592926250559,5.387098907413678E-002,1.173711413578380E-002,0.338603986585406,0.313431305487858,0.609127917676547 
 07/16  16:00:00,1.93762159670115,0.695058039188273,0.000000000000000E+000,0.000000000000000E+000,0.853779709680230,0.246908617387320,1.10068832706755,0.246908617387320,5.723791909934670E-002,1.247068240331294E-002,0.379378353054140,0.370734301387204,0.669522708091793 
 07/16  17:00:00,2.45076443168930,0.821686813736920,0.000000000000000E+000,0.000000000000000E+000,1.12015572594393,0.325428821551307,1.44558454749524,0.325428821551307,6.733872589355760E-002,1.467139266972975E-002,0.455674825529913,0.450382926411258,0.790665467443687 
 07/16  18:00:00,2.41649959803556,0.944601782766236,0.000000000000000E+000,0.000000000000000E+000,1.03087292822024,0.300853865393578,1.33172679361381,0.300853865393578,0.107741978148274,2.347423191412051E-002,0.417464634497629,0.488979922172116,0.910921963646518 
 07/16  19:00:00,2.31455688513249,0.971628737746671,0.000000000000000E+000,0.000000000000000E+000,0.915312689068124,0.277749254582262,1.19306194365039,0.277749254582262,0.205383090987301,4.474774263416546E-002,0.349528660570141,0.504723433600890,0.936864541552995 
 07/16  20:00:00,2.35037772529025,0.907802575427493,0.000000000000000E+000,0.000000000000000E+000,0.793596109085285,0.249551870593947,1.04314797967923,0.249551870593947,0.370362971516340,8.069265513032245E-002,0.316986952088389,0.522075153186363,0.871843232458753 
 07/16  21:00:00,2.37165998958589,0.820204457713811,0.000000000000000E+000,0.000000000000000E+000,0.671019946416886,0.218832128513529,0.889852074930415,0.218832128513529,0.535342852045378,0.116637567626479,0.302828853084766,0.509886628209248,0.785084632479751 
 07/16  22:00:00,1.89123265173428,0.684301989211414,0.000000000000000E+000,0.000000000000000E+000,0.477411107434516,0.165193293207460,0.642604400641976,0.165193293207460,0.447802520922691,9.756475988774546E-002,0.244907423913850,0.441241532678422,0.653910281219193 
 07/16  23:00:00,1.33041696995819,0.534440817058470,0.000000000000000E+000,0.000000000000000E+000,0.286104310960005,0.103942185135259,0.390046496095264,0.103942185135259,0.309758114032493,6.748840081692746E-002,0.162581263752207,0.383430681571697,0.508030988321702 
 07/16  24:00:00,0.753959036266252,0.374983531472532,0.000000000000000E+000,0.000000000000000E+000,8.587981598550143E-002,3.243270023121359E-002,0.118312516216715,3.243270023121359E-002,0.161612925425957,3.521133876479848E-002,0.104554665160539,0.317155577008642,0.353138580418080 
 07/17  01:00:00,0.511600754398437,0.299405890744027,0.000000000000000E+000,0.000000000000000E+000,0.000000000000000E+000,0.000000000000000E+000,0.000000000000000E+000,0.000000000000000E+000,9.764119643193464E-002,2.127351072004496E-002,8.355728931351325E-002,0.292016744243345,0.279292445017350 
 07/17  02:00:00,0.455369668274410,0.282490303317406,0.000000000000000E+000,0.000000000000000E+000,0.000000000000000E+000,0.000000000000000E+000,0.000000000000000E+000,0.000000000000000E+000,6.397178750905712E-002,1.393782258092414E-002,7.171700163401486E-002,0.288631042860813,0.262610056961473 
 07/17  03:00:00,0.443817354196285,0.286959184099691,0.000000000000000E+000,0.000000000000000E+000,0.000000000000000E+000,0.000000000000000E+000,0.000000000000000E+000,0.000000000000000E+000,6.397178750905712E-002,1.393782258092414E-002,6.422752921492920E-002,0.284568201201776,0.267358776988651 
 07/17  04:00:00,0.442441115838571,0.335233178793887,0.000000000000000E+000,0.000000000000000E+000,0.000000000000000E+000,0.000000000000000E+000,0.000000000000000E+000,0.000000000000000E+000,6.397178750905712E-002,1.393782258092414E-002,7.360089274675015E-002,0.273818599312238,0.316373179684958 
 07/17  05:00:00,0.490142109307002,0.552420484356653,0.000000000000000E+000,0.000000000000000E+000,0.000000000000000E+000,0.000000000000000E+000,0.000000000000000E+000,0.000000000000000E+000,6.733872589355760E-002,1.467139266972975E-002,8.546042728064268E-002,0.305559549773472,0.531374241147000 
 07/17  06:00:00,0.620802073509795,0.956641030906740,0.000000000000000E+000,0.000000000000000E+000,0.000000000000000E+000,0.000000000000000E+000,0.000000000000000E+000,0.000000000000000E+000,9.427424132885273E-002,2.053995520145101E-002,0.135831851626414,0.353044011663478,0.932324166522400 
 07/17  07:00:00,0.805169766485476,1.06725879884090,0.000000000000000E+000,0.000000000000000E+000,0.000000000000000E+000,0.000000000000000E+000,0.000000000000000E+000,0.000000000000000E+000,0.154879098812700,3.374420951484601E-002,0.209298719283835,0.375135713184494,1.04142030856246 
 07/17  08:00:00,0.747688299788583,1.03324206938869,0.000000000000000E+000,0.000000000000000E+000,0.000000000000000E+000,0.000000000000000E+000,0.000000000000000E+000,0.000000000000000E+000,0.117842759864612,2.567493489543148E-002,0.269903014330297,0.317155577008642,1.01139711833424 
 07/17  09:00:00,0.695801448639472,0.940759573387673,0.000000000000000E+000,0.000000000000000E+000,0.000000000000000E+000,0.000000000000000E+000,0.000000000000000E+000,0.000000000000000E+000,6.397178750905712E-002,1.393782258092414E-002,0.330854782137564,0.269925042722327,0.922167753555101 
 07/17  10:00:00,0.705762869829883,0.836332490710007,0.000000000000000E+000,0.000000000000000E+000,0.000000000000000E+000,0.000000000000000E+000,0.000000000000000E+000,0.000000000000000E+000,5.387098907413678E-002,1.173711413578380E-002,0.346769520115789,0.276273232814574,0.817303422057290 
 07/17  11:00:00,0.720147372709796,0.743083888664938,0.000000000000000E+000,0.000000000000000E+000,0.000000000000000E+000,0.000000000000000E+000,0.000000000000000E+000,0.000000000000000E+000,5.387098907413678E-002,1.173711413578380E-002,0.361069380461137,0.276357875349137,0.724048990027951 
 07/17  12:00:00,0.726472785969572,0.669935994836873,0.000000000000000E+000,0.000000000000000E+000,1.619018728319258E-002,5.332564512255641E-003,2.152275179544824E-002,5.332564512255641E-003,5.387098907413678E-002,1.173711413578380E-002,0.350527381326447,0.271702535948156,0.651221745334660 
 07/17  13:00:00,0.831978795975107,0.627737203409336,0.000000000000000E+000,0.000000000000000E+000,0.112252598324713,3.646279791637361E-002,0.148715396241086,3.646279791637361E-002,5.387098907413678E-002,1.173711413578380E-002,0.319445425549819,0.281097857284681,0.608375825653307 
 07/17  14:00:00,0.959638296377720,0.586048215218566,0.000000000000000E+000,0.000000000000000E+000,0.216268814246535,6.909177236142033E-002,0.285360586607956,6.909177236142033E-002,5.387098907413678E-002,1.173711413578380E-002,0.294631581622230,0.296926011248016,0.565596630404309 
 07/17  15:00:00,1.13477527234384,0.592822428284194,0.000000000000000E+000,0.000000000000000E+000,0.332471777997512,0.104607087875991,0.437078865873502,0.104607087875991,5.387098907413678E-002,1.173711413578380E-002,0.301544984082964,0.313431305487858,0.571233996537559 
 07/17  16:00:00,1.43666307525462,0.648565984171283,0.000000000000000E+000,0.000000000000000E+000,0.483525127452145,0.152122626150932,0.635647753603077,0.152122626150932,5.723791909934670E-002,1.247068240331294E-002,0.343460405072082,0.370734301387204,0.623030653074807 
 07/17  17:00:00,1.89287540787320,0.765384093157437,0.000000000000000E+000,0.000000000000000E+000,0.702153356274755,0.220894125901108,0.923047482175864,0.220894125901108,6.733872589355760E-002,1.467139266972975E-002,0.420322867033191,0.450382926411258,0.734362746864205 
 07/17  18:00:00,1.92924375458831,0.871478607569800,0.000000000000000E+000,0.000000000000000E+000,0.668504327221473,0.210276965932897,0.878781293154369,0.210276965932897,0.107741978148274,2.347423191412051E-002,0.383154291509830,0.488979922172116,0.837798788450083 
 07/17  19:00:00,1.91863056599684,0.889883781987948,0.000000000000000E+000,0.000000000000000E+000,0.628174042403393,0.203206363700700,0.831380406104093,0.203206363700700,0.205383090987301,4.474774263416546E-002,0.315283878980793,0.504723433600890,0.855119585794271 
 07/17  20:00:00,2.04542994972581,0.830090121229685,0.000000000000000E+000,0.000000000000000E+000,0.580231788033523,0.192823814293150,0.773055602326673,0.192823814293150,0.370362971516340,8.069265513032245E-002,0.282131553876513,0.522075153186363,0.794130778260948 
 07/17  21:00:00,2.13024560207661,0.755062787087352,0.000000000000000E+000,0.000000000000000E+000,0.510127060909639,0.173917512465283,0.684044573374924,0.173917512465283,0.535342852045378,0.116637567626479,0.267221967130982,0.509886628209248,0.719942961853292 
 07/17  22:00:00,1.76749844418908,0.632858630371599,0.000000000000000E+000,0.000000000000000E+000,0.406296320577491,0.140867107078126,0.547163427655617,0.140867107078126,0.447802520922691,9.756475988774546E-002,0.216614189355009,0.441241532678422,0.602466922379377 
 07/17  23:00:00,1.29931440812878,0.501971774519654,0.000000000000000E+000,0.000000000000000E+000,0.276795289607862,9.768350242163193E-002,0.374478792029494,9.768350242163193E-002,0.309758114032493,6.748840081692746E-002,0.147046405988563,0.383430681571697,0.475561945782883 
 07/17  24:00:00,0.831939831652566,0.362258881720624,0.000000000000000E+000,0.000000000000000E+000,0.149358261328452,5.350873861032386E-002,0.202866999938776,5.350873861032386E-002,0.161612925425957,3.521133876479848E-002,9.798097682479152E-002,0.317155577008642,0.340413930666171 
 07/18  01:00:00,0.600413999814854,0.298709610033205,0.000000000000000E+000,0.000000000000000E+000,6.525105037760354E-002,2.356219503881225E-002,8.881324541641589E-002,2.356219503881225E-002,9.764119643193464E-002,2.127351072004496E-002,8.355728931351325E-002,0.292016744243345,0.278596164306525 
 07/18  02:00:00,0.455369668274410,0.281849892481784,0.000000000000000E+000,0.000000000000000E+000,0.000000000000000E+000,0.000000000000000E+000,0.000000000000000E+000,0.000000000000000E+000,6.397178750905712E-002,1.393782258092414E-002,7.171700163401486E-002,0.288631042860813,0.261969646125851 
 07/18  03:00:00,0.443817354196285,0.286311368101283,0.000000000000000E+000,0.000000000000000E+000,0.000000000000000E+000,0.000000000000000E+000,0.000000000000000E+000,0.000000000000000E+000,6.397178750905712E-002,1.393782258092414E-002,6.422752921492920E-002,0.284568201201776,0.266710960990241 
 07/18  04:00:00,0.442441115838571,0.334473526426832,0.000000000000000E+000,0.000000000000000E+000,0.000000000000000E+000,0.000000000000000E+000,0.000000000000000E+000,0.000000000000000E+000,6.397178750905712E-002,1.393782258092414E-002,7.360089274675015E-002,0.273818599312238,0.315613527317903 
 07/18  05:00:00,0.490142109307002,0.551369773459699,0.000000000000000E+000,0.000000000000000E+000,0.000000000000000E+000,0.000000000000000E+000,0.000000000000000E+000,0.000000000000000E+000,6.733872589355760E-002,1.467139266972975E-002,8.546042728064268E-002,0.305559549773472,0.530323530250043 
 07/18  06:00:00,0.620802073509795,0.954728849315471,0.000000000000000E+000,0.000000000000000E+000,0.000000000000000E+000,0.000000000000000E+000,0.000000000000000E+000,0.000000000000000E+000,9.427424132885273E-002,2.053995520145101E-002,0.135831851626414,0.353044011663478,0.930411984931131 
 07/18  07:00:00,0.805169766485476,1.06532389079063,0.000000000000000E+000,0.000000000000000E+000,0.000000000000000E+000,0.000000000000000E+000,0.000000000000000E+000,0.000000000000000E+000,0.154879098812700,3.374420951484601E-002,0.209298719283835,0.375135713184494,1.03948540051219 
 07/18  08:00:00,0.747688299788583,1.03137482304955,0.000000000000000E+000,0.000000000000000E+000,0.000000000000000E+000,0.000000000000000E+000,0.000000000000000E+000,0.000000000000000E+000,0.117842759864612,2.567493489543148E-002,0.269903014330297,0.317155577008642,1.00952987199510 
 07/18  09:00:00,0.695801448639472,0.939051119904803,0.000000000000000E+000,0.000000000000000E+000,0.000000000000000E+000,0.000000000000000E+000,0.000000000000000E+000,0.000000000000000E+000,6.397178750905712E-002,1.393782258092414E-002,0.330854782137564,0.269925042722327,0.920459300072232 
 07/18  10:00:00,0.705762869829883,0.834893769373348,0.000000000000000E+000,0.000000000000000E+000,0.000000000000000E+000,0.000000000000000E+000,0.000000000000000E+000,0.000000000000000E+000,5.387098907413678E-002,1.173711413578380E-002,0.346769520115789,0.276273232814574,0.815864700720630 
 07/18  11:00:00,0.720147372709796,0.741898613468533,0.000000000000000E+000,0.000000000000000E+000,0.000000000000000E+000,0.000000000000000E+000,0.000000000000000E+000,0.000000000000000E+000,5.387098907413678E-002,1.173711413578380E-002,0.361069380461137,0.276357875349137,0.722863714831545 
 07/18  12:00:00,0.729361807931082,0.668970081210445,0.000000000000000E+000,0.000000000000000E+000,1.826021520683367E-002,6.151558550124125E-003,2.441177375695780E-002,6.151558550124125E-003,5.387098907413678E-002,1.173711413578380E-002,0.350527381326447,0.271702535948156,0.650255831708230 
 07/18  13:00:00,0.802801385042400,0.626987312744749,0.000000000000000E+000,0.000000000000000E+000,8.962456040093235E-002,2.991342490744578E-002,0.119537985308378,2.991342490744578E-002,5.387098907413678E-002,1.173711413578380E-002,0.319445425549819,0.281097857284681,0.607625934988720 
 07/18  14:00:00,0.902963739643997,0.585384517112022,0.000000000000000E+000,0.000000000000000E+000,0.171955936164595,5.673009370963644E-002,0.228686029874231,5.673009370963644E-002,5.387098907413678E-002,1.173711413578380E-002,0.294631581622230,0.296926011248016,0.564932932297765 
 07/18  15:00:00,1.02213774708408,0.592161850512885,0.000000000000000E+000,0.000000000000000E+000,0.244576834631486,7.986450598225311E-002,0.324441340613740,7.986450598225311E-002,5.387098907413678E-002,1.173711413578380E-002,0.301544984082964,0.313431305487858,0.570573418766250 
 07/18  16:00:00,1.24480211730422,0.647778270266266,0.000000000000000E+000,0.000000000000000E+000,0.334195975819958,0.109590819832721,0.443786795652680,0.109590819832721,5.723791909934670E-002,1.247068240331294E-002,0.343460405072082,0.370734301387204,0.622242939169786 
 07/18  17:00:00,1.52284579291927,0.764363252607963,0.000000000000000E+000,0.000000000000000E+000,0.416238943257846,0.136778923964085,0.553017867221931,0.136778923964085,6.733872589355760E-002,1.467139266972975E-002,0.420322867033191,0.450382926411258,0.733341906314728 
 07/18  18:00:00,1.73970925232879,0.870106386304288,0.000000000000000E+000,0.000000000000000E+000,0.518258277432815,0.170988513462037,0.689246790894853,0.170988513462037,0.107741978148274,2.347423191412051E-002,0.383154291509830,0.488979922172116,0.836426567184574 
 07/18  19:00:00,1.66146063883777,0.888756229200651,0.000000000000000E+000,0.000000000000000E+000,0.427698649936963,0.146511829008057,0.574210478945021,0.146511829008057,0.205383090987301,4.474774263416546E-002,0.315283878980793,0.504723433600890,0.853992033006974 
 07/18  20:00:00,1.77309259157366,0.829225503078830,0.000000000000000E+000,0.000000000000000E+000,0.369841008106684,0.130877236067837,0.500718244174522,0.130877236067837,0.370362971516340,8.069265513032245E-002,0.282131553876513,0.522075153186363,0.793266160110093 
 07/18  21:00:00,1.85729056759848,0.754393127342997,0.000000000000000E+000,0.000000000000000E+000,0.301218283424995,0.109871255471793,0.411089538896787,0.109871255471793,0.535342852045378,0.116637567626479,0.267221967130982,0.509886628209248,0.719273302108937 
 07/18  22:00:00,1.50346361475933,0.632443493416712,0.000000000000000E+000,0.000000000000000E+000,0.206755965592205,7.637263263366112E-002,0.283128598225867,7.637263263366112E-002,0.447802520922691,9.756475988774546E-002,0.216614189355009,0.441241532678422,0.602051785424487 
 07/18  23:00:00,1.05293161052122,0.501815806950416,0.000000000000000E+000,0.000000000000000E+000,9.322427250813556E-002,3.487172191380494E-002,0.128095994421941,3.487172191380494E-002,0.309758114032493,6.748840081692746E-002,0.147046405988563,0.383430681571697,0.475405978213648 
 07/18  24:00:00,0.629072831713790,0.362402775154902,0.000000000000000E+000,0.000000000000000E+000,0.000000000000000E+000,0.000000000000000E+000,0.000000000000000E+000,0.000000000000000E+000,0.161612925425957,3.521133876479848E-002,9.798097682479152E-002,0.317155577008642,0.340557824100450 
 07/19  01:00:00,0.511600754398437,0.299008249367008,0.000000000000000E+000,0.000000000000000E+000,0.000000000000000E+000,0.000000000000000E+000,0.000000000000000E+000,0.000000000000000E+000,9.764119643193464E-002,2.127351072004496E-002,8.355728931351325E-002,0.292016744243345,0.278894803640331 
 07/19  02:00:00,0.455369668274410,0.282263067543001,0.000000000000000E+000,0.000000000000000E+000,0.000000000000000E+000,0.000000000000000E+000,0.000000000000000E+000,0.000000000000000E+000,6.397178750905712E-002,1.393782258092414E-002,7.171700163401486E-002,0.288631042860813,0.262382821187066 
 07/19  03:00:00,0.443817354196285,0.286820246245402,0.000000000000000E+000,0.000000000000000E+000,0.000000000000000E+000,0.000000000000000E+000,0.000000000000000E+000,0.000000000000000E+000,6.397178750905712E-002,1.393782258092414E-002,6.422752921492920E-002,0.284568201201776,0.267219839134361 
 07/19  04:00:00,0.442441115838571,0.334994090774914,0.000000000000000E+000,0.000000000000000E+000,0.000000000000000E+000,0.000000000000000E+000,0.000000000000000E+000,0.000000000000000E+000,6.397178750905712E-002,1.393782258092414E-002,7.360089274675015E-002,0.273818599312238,0.316134091665988 
 07/19  05:00:00,0.490142109307002,0.551274332603105,0.000000000000000E+000,0.000000000000000E+000,0.000000000000000E+000,0.000000000000000E+000,0.000000000000000E+000,0.000000000000000E+000,6.733872589355760E-002,1.467139266972975E-002,8.546042728064268E-002,0.305559549773472,0.530228089393452 
 07/19  06:00:00,0.620802073509795,0.953937259027622,0.000000000000000E+000,0.000000000000000E+000,0.000000000000000E+000,0.000000000000000E+000,0.000000000000000E+000,0.000000000000000E+000,9.427424132885273E-002,2.053995520145101E-002,0.135831851626414,0.353044011663478,0.929620394643279 
 07/19  07:00:00,0.805169766485476,1.06428701934520,0.000000000000000E+000,0.000000000000000E+000,0.000000000000000E+000,0.000000000000000E+000,0.000000000000000E+000,0.000000000000000E+000,0.154879098812700,3.374420951484601E-002,0.209298719283835,0.375135713184494,1.03844852906676 
 07/19  08:00:00,0.747688299788583,1.03045420312768,0.000000000000000E+000,0.000000000000000E+000,0.000000000000000E+000,0.000000000000000E+000,0.000000000000000E+000,0.000000000000000E+000,0.117842759864612,2.567493489543148E-002,0.269903014330297,0.317155577008642,1.00860925207323 
 07/19  09:00:00,0.695801448639472,0.938471496178291,0.000000000000000E+000,0.000000000000000E+000,0.000000000000000E+000,0.000000000000000E+000,0.000000000000000E+000,0.000000000000000E+000,6.397178750905712E-002,1.393782258092414E-002,0.330854782137564,0.269925042722327,0.919879676345716 
 07/19  10:00:00,0.705762869829883,0.834507941030085,0.000000000000000E+000,0.000000000000000E+000,0.000000000000000E+000,0.000000000000000E+000,0.000000000000000E+000,0.000000000000000E+000,5.387098907413678E-002,1.173711413578380E-002,0.346769520115789,0.276273232814574,0.815478872377365 
 07/19  11:00:00,0.720147372709796,0.741705044157138,0.000000000000000E+000,0.000000000000000E+000,0.000000000000000E+000,0.000000000000000E+000,0.000000000000000E+000,0.000000000000000E+000,5.387098907413678E-002,1.173711413578380E-002,0.361069380461137,0.276357875349137,0.722670145520151 
 07/19  12:00:00,0.704950034174123,0.668962000948345,0.000000000000000E+000,0.000000000000000E+000,0.000000000000000E+000,0.000000000000000E+000,0.000000000000000E+000,0.000000000000000E+000,5.387098907413678E-002,1.173711413578380E-002,0.350527381326447,0.271702535948156,0.650247751446129 
 07/19  13:00:00,0.683263399734021,0.626972528500388,0.000000000000000E+000,0.000000000000000E+000,0.000000000000000E+000,0.000000000000000E+000,0.000000000000000E+000,0.000000000000000E+000,5.387098907413678E-002,1.173711413578380E-002,0.319445425549819,0.281097857284681,0.607611150744359 
 07/19  14:00:00,0.674277709769767,0.585339939245305,0.000000000000000E+000,0.000000000000000E+000,0.000000000000000E+000,0.000000000000000E+000,0.000000000000000E+000,0.000000000000000E+000,5.387098907413678E-002,1.173711413578380E-002,0.294631581622230,0.296926011248016,0.564888354431050 
 07/19  15:00:00,0.722291053651850,0.591934254032527,0.000000000000000E+000,0.000000000000000E+000,1.844287067206476E-002,6.151776509444770E-003,2.459464718150953E-002,6.151776509444770E-003,5.387098907413678E-002,1.173711413578380E-002,0.301544984082964,0.313431305487858,0.570345822285893 
 07/19  16:00:00,1.01273630851266,0.647328636253978,0.000000000000000E+000,0.000000000000000E+000,0.159218259176969,5.250272768414577E-002,0.211720986861115,5.250272768414577E-002,5.723791909934670E-002,1.247068240331294E-002,0.343460405072082,0.370734301387204,0.621793305157499 
 07/19  17:00:00,1.43387217395891,0.763644262723330,0.000000000000000E+000,0.000000000000000E+000,0.349850599314550,0.114193648947025,0.464044248261574,0.114193648947025,6.733872589355760E-002,1.467139266972975E-002,0.420322867033191,0.450382926411258,0.732622916430098 
 07/19  18:00:00,1.65314125022892,0.869106404468273,0.000000000000000E+000,0.000000000000000E+000,0.455771063567859,0.146907725227116,0.602678788794973,0.146907725227116,0.107741978148274,2.347423191412051E-002,0.383154291509830,0.488979922172116,0.835426585348556 
 07/19  19:00:00,1.60176791961645,0.887628085847142,0.000000000000000E+000,0.000000000000000E+000,0.386128884624991,0.128388875098717,0.514517759723706,0.128388875098717,0.205383090987301,4.474774263416546E-002,0.315283878980793,0.504723433600890,0.852863889653466 
 07/19  20:00:00,1.74420352387934,0.828071564586266,0.000000000000000E+000,0.000000000000000E+000,0.351467446711619,0.120361729768586,0.471829176480206,0.120361729768586,0.370362971516340,8.069265513032245E-002,0.282131553876513,0.522075153186363,0.792112221617526 
 07/19  21:00:00,1.85730968703331,0.753302612012457,0.000000000000000E+000,0.000000000000000E+000,0.304084408179965,0.107024250151652,0.411108658331616,0.107024250151652,0.535342852045378,0.116637567626479,0.267221967130982,0.509886628209248,0.718182786778398 
 07/19  22:00:00,1.53268654291793,0.631537542672941,0.000000000000000E+000,0.000000000000000E+000,0.230525910355097,8.182561602936990E-002,0.312351526384466,8.182561602936990E-002,0.447802520922691,9.756475988774546E-002,0.216614189355009,0.441241532678422,0.601145834680716 
 07/19  23:00:00,1.10970012010164,0.501114005056939,0.000000000000000E+000,0.000000000000000E+000,0.136083507538143,4.878099646421317E-002,0.184864504002357,4.878099646421317E-002,0.309758114032493,6.748840081692746E-002,0.147046405988563,0.383430681571697,0.474704176320171 
 07/19  24:00:00,0.692650900245149,0.361911377175098,0.000000000000000E+000,0.000000000000000E+000,4.670507285544784E-002,1.687299567591274E-002,6.357806853136053E-002,1.687299567591274E-002,0.161612925425957,3.521133876479848E-002,9.798097682479152E-002,0.317155577008642,0.340066426120645 
 07/20  01:00:00,0.511600754398437,0.298615840387631,0.000000000000000E+000,0.000000000000000E+000,0.000000000000000E+000,0.000000000000000E+000,0.000000000000000E+000,0.000000000000000E+000,9.764119643193464E-002,2.127351072004496E-002,8.355728931351325E-002,0.292016744243345,0.278502394660951 
 07/20  02:00:00,0.455369668274410,0.281837027700286,0.000000000000000E+000,0.000000000000000E+000,0.000000000000000E+000,0.000000000000000E+000,0.000000000000000E+000,0.000000000000000E+000,6.397178750905712E-002,1.393782258092414E-002,7.171700163401486E-002,0.288631042860813,0.261956781344353 
 07/20  03:00:00,0.443817354196285,0.286364219975040,0.000000000000000E+000,0.000000000000000E+000,0.000000000000000E+000,0.000000000000000E+000,0.000000000000000E+000,0.000000000000000E+000,6.397178750905712E-002,1.393782258092414E-002,6.422752921492920E-002,0.284568201201776,0.266763812863998 
 07/20  04:00:00,0.442441115838571,0.334346219377825,0.000000000000000E+000,0.000000000000000E+000,0.000000000000000E+000,0.000000000000000E+000,0.000000000000000E+000,0.000000000000000E+000,6.397178750905712E-002,1.393782258092414E-002,7.360089274675015E-002,0.273818599312238,0.315486220268899 
 07/20  05:00:00,0.490142109307002,0.550224831934663,0.000000000000000E+000,0.000000000000000E+000,0.000000000000000E+000,0.000000000000000E+000,0.000000000000000E+000,0.000000000000000E+000,6.733872589355760E-002,1.467139266972975E-002,8.546042728064268E-002,0.305559549773472,0.529178588725010 
 07/20  06:00:00,0.620802073509795,0.952127893431816,0.000000000000000E+000,0.000000000000000E+000,0.000000000000000E+000,0.000000000000000E+000,0.000000000000000E+000,0.000000000000000E+000,9.427424132885273E-002,2.053995520145101E-002,0.135831851626414,0.353044011663478,0.927811029047477 
 07/20  07:00:00,0.805169766485476,1.06206843733956,0.000000000000000E+000,0.000000000000000E+000,0.000000000000000E+000,0.000000000000000E+000,0.000000000000000E+000,0.000000000000000E+000,0.154879098812700,3.374420951484601E-002,0.209298719283835,0.375135713184494,1.03622994706111 
 07/20  08:00:00,0.747688299788583,1.02803922188009,0.000000000000000E+000,0.000000000000000E+000,0.000000000000000E+000,0.000000000000000E+000,0.000000000000000E+000,0.000000000000000E+000,0.117842759864612,2.567493489543148E-002,0.269903014330297,0.317155577008642,1.00619427082563 
 07/20  09:00:00,0.695801448639472,0.935858880875586,0.000000000000000E+000,0.000000000000000E+000,0.000000000000000E+000,0.000000000000000E+000,0.000000000000000E+000,0.000000000000000E+000,6.397178750905712E-002,1.393782258092414E-002,0.330854782137564,0.269925042722327,0.917267061043012 
 07/20  10:00:00,0.791884259022209,0.831930350105678,0.000000000000000E+000,0.000000000000000E+000,6.534434440778036E-002,2.077704478454606E-002,8.612138919232651E-002,2.077704478454606E-002,5.387098907413678E-002,1.173711413578380E-002,0.346769520115789,0.276273232814574,0.812901281452960 
 07/20  11:00:00,0.938986759986399,0.739269633994926,0.000000000000000E+000,0.000000000000000E+000,0.167424203689945,5.141518358665841E-002,0.218839387276603,5.141518358665841E-002,5.387098907413678E-002,1.173711413578380E-002,0.361069380461137,0.276357875349137,0.720234735357938 
 07/20  12:00:00,1.15950877967913,0.666602569258001,0.000000000000000E+000,0.000000000000000E+000,0.350896502033416,0.103662243471589,0.454558745505006,0.103662243471589,5.387098907413678E-002,1.173711413578380E-002,0.350527381326447,0.271702535948156,0.647888319755788 
 07/20  13:00:00,1.31443416136416,0.624815779769896,0.000000000000000E+000,0.000000000000000E+000,0.489559641989561,0.141611119640574,0.631170761630136,0.141611119640574,5.387098907413678E-002,1.173711413578380E-002,0.319445425549819,0.281097857284681,0.605454402013867 
 07/20  14:00:00,1.50112261393687,0.583420061767104,0.000000000000000E+000,0.000000000000000E+000,0.644700271095418,0.182144633071686,0.826844904167105,0.182144633071686,5.387098907413678E-002,1.173711413578380E-002,0.294631581622230,0.296926011248016,0.562968476952849 
 07/20  15:00:00,1.73790489962628,0.590195234045529,0.000000000000000E+000,0.000000000000000E+000,0.814840028181312,0.225368464974629,1.04020849315594,0.225368464974629,5.387098907413678E-002,1.173711413578380E-002,0.301544984082964,0.313431305487858,0.568606802298895 
 07/20  16:00:00,2.03282240131044,0.645587736056459,0.000000000000000E+000,0.000000000000000E+000,0.960975755186914,0.270831324471983,1.23180707965890,0.270831324471983,5.723791909934670E-002,1.247068240331294E-002,0.343460405072082,0.370734301387204,0.620052404959983 
 07/20  17:00:00,2.45377226482797,0.762031372873144,0.000000000000000E+000,0.000000000000000E+000,1.15349738819494,0.330446950935696,1.48394433913064,0.330446950935696,6.733872589355760E-002,1.467139266972975E-002,0.420322867033191,0.450382926411258,0.731010026579912 
 07/20  18:00:00,2.35256932071660,0.867712285571631,0.000000000000000E+000,0.000000000000000E+000,1.00795371832117,0.294153140961488,1.30210685928265,0.294153140961488,0.107741978148274,2.347423191412051E-002,0.383154291509830,0.488979922172116,0.834032466451914 
 07/20  19:00:00,2.25131293725889,0.886033801549213,0.000000000000000E+000,0.000000000000000E+000,0.893084814274283,0.270977963091856,1.16406277736614,0.270977963091856,0.205383090987301,4.474774263416546E-002,0.315283878980793,0.504723433600890,0.851269605355537 
 07/20  20:00:00,2.29788739230980,0.826550430292110,0.000000000000000E+000,0.000000000000000E+000,0.780208136339810,0.245304908570853,1.02551304491066,0.245304908570853,0.370362971516340,8.069265513032245E-002,0.282131553876513,0.522075153186363,0.790591087323372 
 07/20  21:00:00,2.31998009611540,0.751922183399568,0.000000000000000E+000,0.000000000000000E+000,0.658937096247541,0.214841971166171,0.873779067413711,0.214841971166171,0.535342852045378,0.116637567626479,0.267221967130982,0.509886628209248,0.716802358165506 
 07/20  22:00:00,1.93539445813416,0.630329873778279,0.000000000000000E+000,0.000000000000000E+000,0.537338825148275,0.177720616452414,0.715059441600687,0.177720616452414,0.447802520922691,9.756475988774546E-002,0.216614189355009,0.441241532678422,0.599938165786057 
 07/20  23:00:00,1.46312203371358,0.500134614692416,0.000000000000000E+000,0.000000000000000E+000,0.402884511920241,0.135401905694056,0.538286417614298,0.135401905694056,0.309758114032493,6.748840081692746E-002,0.147046405988563,0.383430681571697,0.473724785955648 
 07/20  24:00:00,0.993626094986723,0.361122708226138,0.000000000000000E+000,0.000000000000000E+000,0.271918052557228,9.263521071570567E-002,0.364553263272933,9.263521071570567E-002,0.161612925425957,3.521133876479848E-002,9.798097682479152E-002,0.317155577008642,0.339277757171683 
 07/21  01:00:00,0.753138226444660,0.297934919392264,0.000000000000000E+000,0.000000000000000E+000,0.179814135411429,6.172333663479425E-002,0.241537472046223,6.172333663479425E-002,9.764119643193464E-002,2.127351072004496E-002,8.355728931351325E-002,0.292016744243345,0.277821473665587 
 07/21  02:00:00,0.609992597275390,0.281030822932926,0.000000000000000E+000,0.000000000000000E+000,0.114945599765720,3.967732923526104E-002,0.154622929000981,3.967732923526104E-002,6.397178750905712E-002,1.393782258092414E-002,7.171700163401486E-002,0.288631042860813,0.261150576576991 
 07/21  03:00:00,0.537681003484928,0.285477299139398,0.000000000000000E+000,0.000000000000000E+000,6.964619797540075E-002,2.421745131323969E-002,9.386364928864047E-002,2.421745131323969E-002,6.397178750905712E-002,1.393782258092414E-002,6.422752921492920E-002,0.284568201201776,0.265876892028358 
 07/21  04:00:00,0.470246509561396,0.333228319333498,0.000000000000000E+000,0.000000000000000E+000,2.056520132803173E-002,7.240192394793810E-003,2.780539372282552E-002,7.240192394793810E-003,6.397178750905712E-002,1.393782258092414E-002,7.360089274675015E-002,0.273818599312238,0.314368320224569 
 07/21  05:00:00,0.490142109307002,0.548766584343422,0.000000000000000E+000,0.000000000000000E+000,0.000000000000000E+000,0.000000000000000E+000,0.000000000000000E+000,0.000000000000000E+000,6.733872589355760E-002,1.467139266972975E-002,8.546042728064268E-002,0.305559549773472,0.527720341133766 
 07/21  06:00:00,0.620802073509795,0.949956345123396,0.000000000000000E+000,0.000000000000000E+000,0.000000000000000E+000,0.000000000000000E+000,0.000000000000000E+000,0.000000000000000E+000,9.427424132885273E-002,2.053995520145101E-002,0.135831851626414,0.353044011663478,0.925639480739056 
 07/21  07:00:00,0.820836828866949,1.05960036154522,0.000000000000000E+000,0.000000000000000E+000,1.160352627510195E-002,4.063536106371312E-003,1.566706238147327E-002,4.063536106371312E-003,0.154879098812700,3.374420951484601E-002,0.209298719283835,0.375135713184494,1.03376187126678 
 07/21  08:00:00,0.773225597874900,1.02571247050967,0.000000000000000E+000,0.000000000000000E+000,1.908575447551567E-002,6.451543610801065E-003,2.553729808631671E-002,6.451543610801065E-003,0.117842759864612,2.567493489543148E-002,0.269903014330297,0.317155577008642,1.00386751945522 
 07/21  09:00:00,0.805649098990691,0.933783444721991,0.000000000000000E+000,0.000000000000000E+000,8.284208208624959E-002,2.700556826496955E-002,0.109847650351219,2.700556826496955E-002,6.397178750905712E-002,1.393782258092414E-002,0.330854782137564,0.269925042722327,0.915191624889417 
 07/21  10:00:00,1.06017685288328,0.830211678485953,0.000000000000000E+000,0.000000000000000E+000,0.269080715677270,8.533326737612622E-002,0.354413983053396,8.533326737612622E-002,5.387098907413678E-002,1.173711413578380E-002,0.346769520115789,0.276273232814574,0.811182609833235 
 07/21  11:00:00,1.11449102095461,0.737982441357653,0.000000000000000E+000,0.000000000000000E+000,0.301445561309028,9.289808693578731E-002,0.394343648244816,9.289808693578731E-002,5.387098907413678E-002,1.173711413578380E-002,0.361069380461137,0.276357875349137,0.718947542720666 
 07/21  12:00:00,1.22144611617099,0.665512257526172,0.000000000000000E+000,0.000000000000000E+000,0.397533899108334,0.118962182888527,0.516496081996863,0.118962182888527,5.387098907413678E-002,1.173711413578380E-002,0.350527381326447,0.271702535948156,0.646798008023959 
 07/21  13:00:00,1.31439093718651,0.623843455439637,0.000000000000000E+000,0.000000000000000E+000,0.485765330454120,0.145362206998373,0.631127537452493,0.145362206998373,5.387098907413678E-002,1.173711413578380E-002,0.319445425549819,0.281097857284681,0.604482077683609 
 07/21  14:00:00,1.42875173191938,0.582627521195289,0.000000000000000E+000,0.000000000000000E+000,0.580704136219148,0.173769885930465,0.754474022149613,0.173769885930465,5.387098907413678E-002,1.173711413578380E-002,0.294631581622230,0.296926011248016,0.562175936381034 
 07/21  15:00:00,1.58431517687512,0.589484063954682,0.000000000000000E+000,0.000000000000000E+000,0.682416075593185,0.204202694811594,0.886618770404779,0.204202694811594,5.387098907413678E-002,1.173711413578380E-002,0.301544984082964,0.313431305487858,0.567895632208048 
 07/21  16:00:00,1.83455986537508,0.644969153449999,0.000000000000000E+000,0.000000000000000E+000,0.792583638878812,0.240960904844727,1.03354454372354,0.240960904844727,5.723791909934670E-002,1.247068240331294E-002,0.343460405072082,0.370734301387204,0.619433822353520 
 07/21  17:00:00,2.16528301894501,0.761202069639166,0.000000000000000E+000,0.000000000000000E+000,0.912908606901860,0.282546486345811,1.19545509324767,0.282546486345811,6.733872589355760E-002,1.467139266972975E-002,0.420322867033191,0.450382926411258,0.730180723345934 
 07/21  18:00:00,2.12143896973648,0.866686999745534,0.000000000000000E+000,0.000000000000000E+000,0.814868339598831,0.256108168703706,1.07097650830254,0.256108168703706,0.107741978148274,2.347423191412051E-002,0.383154291509830,0.488979922172116,0.833007180625820 
 07/21  19:00:00,1.99327795840091,0.885154105764299,0.000000000000000E+000,0.000000000000000E+000,0.682620280549435,0.223407517958724,0.906027798508159,0.223407517958724,0.205383090987301,4.474774263416546E-002,0.315283878980793,0.504723433600890,0.850389909570622 
 07/21  20:00:00,2.02481693967346,0.825719116849282,0.000000000000000E+000,0.000000000000000E+000,0.561818649406543,0.190623942867778,0.752442592274323,0.190623942867778,0.370362971516340,8.069265513032245E-002,0.282131553876513,0.522075153186363,0.789759773880541 
 07/21  21:00:00,2.04606515339586,0.751176767079758,0.000000000000000E+000,0.000000000000000E+000,0.443886006064787,0.155978118629380,0.599864124694169,0.155978118629380,0.535342852045378,0.116637567626479,0.267221967130982,0.509886628209248,0.716056941845698 
 07/21  22:00:00,1.57706802010389,0.629786972396067,0.000000000000000E+000,0.000000000000000E+000,0.263140684023025,9.359231954739741E-002,0.356733003570422,9.359231954739741E-002,0.447802520922691,9.756475988774546E-002,0.216614189355009,0.441241532678422,0.599395264403842 
 07/21  23:00:00,0.981108417083339,0.499682048108324,0.000000000000000E+000,0.000000000000000E+000,4.135885434659201E-002,1.491394663746707E-002,5.627280098405894E-002,1.491394663746707E-002,0.309758114032493,6.748840081692746E-002,0.147046405988563,0.383430681571697,0.473272219371556 
 07/21  24:00:00,0.629072831713790,0.360752717245415,0.000000000000000E+000,0.000000000000000E+000,0.000000000000000E+000,0.000000000000000E+000,0.000000000000000E+000,0.000000000000000E+000,0.161612925425957,3.521133876479848E-002,9.798097682479152E-002,0.317155577008642,0.338907766190963 
 07/22  01:00:00,0.515547781631398,0.303749001363315,0.000000000000000E+000,0.000000000000000E+000,0.000000000000000E+000,0.000000000000000E+000,0.000000000000000E+000,0.000000000000000E+000,9.764119643193464E-002,2.127351072004496E-002,8.750431654647417E-002,0.292016744243345,0.283635555636638 
 07/22  02:00:00,0.457980908790631,0.285782893814282,0.000000000000000E+000,0.000000000000000E+000,0.000000000000000E+000,0.000000000000000E+000,0.000000000000000E+000,0.000000000000000E+000,6.397178750905712E-002,1.393782258092414E-002,7.432824215023587E-002,0.288631042860813,0.265902647458347 
 07/22  03:00:00,0.445182759460584,0.290912749758825,0.000000000000000E+000,0.000000000000000E+000,0.000000000000000E+000,0.000000000000000E+000,0.000000000000000E+000,0.000000000000000E+000,6.397178750905712E-002,1.393782258092414E-002,6.559293447922755E-002,0.284568201201776,0.271312342647785 
 07/22  04:00:00,0.445112273590970,0.343777307059856,0.000000000000000E+000,0.000000000000000E+000,0.000000000000000E+000,0.000000000000000E+000,0.000000000000000E+000,0.000000000000000E+000,6.397178750905712E-002,1.393782258092414E-002,7.627205049915019E-002,0.273818599312238,0.324917307950927 
 07/22  05:00:00,0.494238805184528,0.578000185370170,0.000000000000000E+000,0.000000000000000E+000,0.000000000000000E+000,0.000000000000000E+000,0.000000000000000E+000,0.000000000000000E+000,6.733872589355760E-002,1.467139266972975E-002,8.955712315816899E-002,0.305559549773472,0.556953942160514 
 07/22  06:00:00,0.631427594227707,1.01573633951211,0.000000000000000E+000,0.000000000000000E+000,0.000000000000000E+000,0.000000000000000E+000,0.000000000000000E+000,0.000000000000000E+000,9.427424132885273E-002,2.053995520145101E-002,0.146457372344328,0.353044011663478,0.991419475127765 
 07/22  07:00:00,0.826331145334135,1.13931421610121,0.000000000000000E+000,0.000000000000000E+000,0.000000000000000E+000,0.000000000000000E+000,0.000000000000000E+000,0.000000000000000E+000,0.154879098812700,3.374420951484601E-002,0.230460098132495,0.375135713184494,1.11347572582277 
 07/22  08:00:00,0.780125626630616,1.10881005656809,0.000000000000000E+000,0.000000000000000E+000,0.000000000000000E+000,0.000000000000000E+000,0.000000000000000E+000,0.000000000000000E+000,0.117842759864612,2.567493489543148E-002,0.302340341172329,0.317155577008642,1.08696510551363 
 07/22  09:00:00,0.740832543130202,1.01025863613108,0.000000000000000E+000,0.000000000000000E+000,0.000000000000000E+000,0.000000000000000E+000,0.000000000000000E+000,0.000000000000000E+000,6.397178750905712E-002,1.393782258092414E-002,0.375885876628294,0.269925042722327,0.991666816298504 
 07/22  10:00:00,0.756679139852164,0.895834710215373,0.000000000000000E+000,0.000000000000000E+000,0.000000000000000E+000,0.000000000000000E+000,0.000000000000000E+000,0.000000000000000E+000,5.387098907413678E-002,1.173711413578380E-002,0.397685790138072,0.276273232814574,0.876805641562655 
 07/22  11:00:00,0.772636174219814,0.792265434399504,0.000000000000000E+000,0.000000000000000E+000,0.000000000000000E+000,0.000000000000000E+000,0.000000000000000E+000,0.000000000000000E+000,5.387098907413678E-002,1.173711413578380E-002,0.413558181971159,0.276357875349137,0.773230535762517 
 07/22  12:00:00,0.752760578513620,0.712543086536660,0.000000000000000E+000,0.000000000000000E+000,0.000000000000000E+000,0.000000000000000E+000,0.000000000000000E+000,0.000000000000000E+000,5.387098907413678E-002,1.173711413578380E-002,0.398337925665944,0.271702535948156,0.693828837034448 
 07/22  13:00:00,0.796132230050061,0.664468864564283,0.000000000000000E+000,0.000000000000000E+000,5.235577014291372E-002,1.692499278798176E-002,6.928076293089544E-002,1.692499278798176E-002,5.387098907413678E-002,1.173711413578380E-002,0.363033492934962,0.281097857284681,0.645107486808254 
 07/22  14:00:00,0.942794473137828,0.619254674099226,0.000000000000000E+000,0.000000000000000E+000,0.174264692642306,5.512646725008851E-002,0.229391159892395,5.512646725008851E-002,5.387098907413678E-002,1.173711413578380E-002,0.333757185097896,0.296926011248016,0.598803089284969 
 07/22  15:00:00,1.12724988101684,0.625863259123515,0.000000000000000E+000,0.000000000000000E+000,0.299581666753528,9.291280529052810E-002,0.392494472044057,9.291280529052810E-002,5.387098907413678E-002,1.173711413578380E-002,0.338603986585406,0.313431305487858,0.604274827376881 
 07/22  16:00:00,1.41003776577085,0.689609339097438,0.000000000000000E+000,0.000000000000000E+000,0.436523503409696,0.136580992727548,0.573104496137241,0.136580992727548,5.723791909934670E-002,1.247068240331294E-002,0.379378353054140,0.370734301387204,0.664074008000959 
 07/22  17:00:00,1.78793353203635,0.815010910433512,0.000000000000000E+000,0.000000000000000E+000,0.594967128345044,0.187786519497249,0.782753647842292,0.187786519497249,6.733872589355760E-002,1.467139266972975E-002,0.455674825529913,0.450382926411258,0.783989564140277 
 07/22  18:00:00,1.85653980440889,0.936695941811284,0.000000000000000E+000,0.000000000000000E+000,0.585395772955830,0.186371227031312,0.771766999987142,0.186371227031312,0.107741978148274,2.347423191412051E-002,0.417464634497629,0.488979922172116,0.903016122691567 
 07/22  19:00:00,1.83950377007741,0.963613499495277,0.000000000000000E+000,0.000000000000000E+000,0.540980341378044,0.177028487217275,0.718008828595317,0.177028487217275,0.205383090987301,4.474774263416546E-002,0.349528660570141,0.504723433600890,0.928849303301601 
 07/22  20:00:00,1.95360453005550,0.900390613555448,0.000000000000000E+000,0.000000000000000E+000,0.484064742356903,0.162310042087575,0.646374784444481,0.162310042087575,0.370362971516340,8.069265513032245E-002,0.316986952088389,0.522075153186363,0.864431270586708 
 07/22  21:00:00,2.00685329613690,0.813668158659892,0.000000000000000E+000,0.000000000000000E+000,0.390706406923148,0.134338974558275,0.525045381481422,0.134338974558275,0.535342852045378,0.116637567626479,0.302828853084766,0.509886628209248,0.778548333425832 
 07/22  22:00:00,1.66856090979289,0.678811955247841,0.000000000000000E+000,0.000000000000000E+000,0.313091500407425,0.106841158293155,0.419932658700580,0.106841158293155,0.447802520922691,9.756475988774546E-002,0.244907423913850,0.441241532678422,0.648420247255619 
 07/22  23:00:00,1.24584426407602,0.530233094627811,0.000000000000000E+000,0.000000000000000E+000,0.228087454925981,7.738633528711369E-002,0.305473790213095,7.738633528711369E-002,0.309758114032493,6.748840081692746E-002,0.162581263752207,0.383430681571697,0.503823265891043 
 07/22  24:00:00,0.843923073076935,0.372059203670272,0.000000000000000E+000,0.000000000000000E+000,0.155820520705063,5.245603232233701E-002,0.208276553027400,5.245603232233701E-002,0.161612925425957,3.521133876479848E-002,0.104554665160539,0.317155577008642,0.350214252615820 
 07/23  01:00:00,0.633046519906391,0.303464599062260,0.000000000000000E+000,0.000000000000000E+000,8.726836931836322E-002,3.023036895662943E-002,0.117498738274993,3.023036895662943E-002,9.764119643193464E-002,2.127351072004496E-002,8.750431654647417E-002,0.292016744243345,0.283351153335580 
 07/23  02:00:00,0.490377043938999,0.285318287182955,0.000000000000000E+000,0.000000000000000E+000,2.389640071935711E-002,8.499734429011908E-003,3.239613514836905E-002,8.499734429011908E-003,6.397178750905712E-002,1.393782258092414E-002,7.432824215023587E-002,0.288631042860813,0.265438040827022 
 07/23  03:00:00,0.445182759460584,0.290245934817254,0.000000000000000E+000,0.000000000000000E+000,0.000000000000000E+000,0.000000000000000E+000,0.000000000000000E+000,0.000000000000000E+000,6.397178750905712E-002,1.393782258092414E-002,6.559293447922755E-002,0.284568201201776,0.270645527706213 
 07/23  04:00:00,0.445112273590970,0.342968600271783,0.000000000000000E+000,0.000000000000000E+000,0.000000000000000E+000,0.000000000000000E+000,0.000000000000000E+000,0.000000000000000E+000,6.397178750905712E-002,1.393782258092414E-002,7.627205049915019E-002,0.273818599312238,0.324108601162854 
 07/23  05:00:00,0.494238805184528,0.576569928675418,0.000000000000000E+000,0.000000000000000E+000,0.000000000000000E+000,0.000000000000000E+000,0.000000000000000E+000,0.000000000000000E+000,6.733872589355760E-002,1.467139266972975E-002,8.955712315816899E-002,0.305559549773472,0.555523685465762 
 07/23  06:00:00,0.631427594227707,1.01372920902102,0.000000000000000E+000,0.000000000000000E+000,0.000000000000000E+000,0.000000000000000E+000,0.000000000000000E+000,0.000000000000000E+000,9.427424132885273E-002,2.053995520145101E-002,0.146457372344328,0.353044011663478,0.989412344636676 
 07/23  07:00:00,0.826331145334135,1.13715729704053,0.000000000000000E+000,0.000000000000000E+000,0.000000000000000E+000,0.000000000000000E+000,0.000000000000000E+000,0.000000000000000E+000,0.154879098812700,3.374420951484601E-002,0.230460098132495,0.375135713184494,1.11131880676208 
 07/23  08:00:00,0.780125626630616,1.10691949970218,0.000000000000000E+000,0.000000000000000E+000,0.000000000000000E+000,0.000000000000000E+000,0.000000000000000E+000,0.000000000000000E+000,0.117842759864612,2.567493489543148E-002,0.302340341172329,0.317155577008642,1.08507454864773 
 07/23  09:00:00,0.740832543130202,1.00886184617529,0.000000000000000E+000,0.000000000000000E+000,0.000000000000000E+000,0.000000000000000E+000,0.000000000000000E+000,0.000000000000000E+000,6.397178750905712E-002,1.393782258092414E-002,0.375885876628294,0.269925042722327,0.990270026342715 
 07/23  10:00:00,0.756679139852164,0.894854116604937,0.000000000000000E+000,0.000000000000000E+000,0.000000000000000E+000,0.000000000000000E+000,0.000000000000000E+000,0.000000000000000E+000,5.387098907413678E-002,1.173711413578380E-002,0.397685790138072,0.276273232814574,0.875825047952219 
 07/23  11:00:00,0.772636174219814,0.791675445731908,0.000000000000000E+000,0.000000000000000E+000,0.000000000000000E+000,0.000000000000000E+000,0.000000000000000E+000,0.000000000000000E+000,5.387098907413678E-002,1.173711413578380E-002,0.413558181971159,0.276357875349137,0.772640547094921 
 07/23  12:00:00,0.752760578513620,0.712358767800897,0.000000000000000E+000,0.000000000000000E+000,0.000000000000000E+000,0.000000000000000E+000,0.000000000000000E+000,0.000000000000000E+000,5.387098907413678E-002,1.173711413578380E-002,0.398337925665944,0.271702535948156,0.693644518298682 
 07/23  13:00:00,0.726851467119164,0.664632992810158,0.000000000000000E+000,0.000000000000000E+000,0.000000000000000E+000,0.000000000000000E+000,0.000000000000000E+000,0.000000000000000E+000,5.387098907413678E-002,1.173711413578380E-002,0.363033492934962,0.281097857284681,0.645271615054129 
 07/23  14:00:00,0.713403313245433,0.619708436170508,0.000000000000000E+000,0.000000000000000E+000,0.000000000000000E+000,0.000000000000000E+000,0.000000000000000E+000,0.000000000000000E+000,5.387098907413678E-002,1.173711413578380E-002,0.333757185097896,0.296926011248016,0.599256851356250 
 07/23  15:00:00,0.734755408972785,0.626383426198904,0.000000000000000E+000,0.000000000000000E+000,0.000000000000000E+000,0.000000000000000E+000,0.000000000000000E+000,0.000000000000000E+000,5.387098907413678E-002,1.173711413578380E-002,0.338603986585406,0.313431305487858,0.604794994452270 
 07/23  16:00:00,0.849011013102686,0.689920337233612,0.000000000000000E+000,0.000000000000000E+000,8.874401841719544E-003,3.203341627365696E-003,1.207774346908524E-002,3.203341627365696E-003,5.723791909934670E-002,1.247068240331294E-002,0.379378353054140,0.370734301387204,0.664385006137135 
 07/23  17:00:00,1.03549508326622,0.814727351911774,0.000000000000000E+000,0.000000000000000E+000,2.232328433618874E-002,7.991914735968312E-003,3.031519907215708E-002,7.991914735968312E-003,6.733872589355760E-002,1.467139266972975E-002,0.455674825529913,0.450382926411258,0.783706005618539 
 07/23  18:00:00,1.20698740050717,0.935874067639586,0.000000000000000E+000,0.000000000000000E+000,9.023332164467733E-002,3.198127444075297E-002,0.122214596085431,3.198127444075297E-002,0.107741978148274,2.347423191412051E-002,0.417464634497629,0.488979922172116,0.902194248519871 
 07/23  19:00:00,1.27719986765678,0.962580614389625,0.000000000000000E+000,0.000000000000000E+000,0.114504875033734,4.120005114095093E-002,0.155704926174685,4.120005114095093E-002,0.205383090987301,4.474774263416546E-002,0.349528660570141,0.504723433600890,0.927816418195949 
 07/23  20:00:00,1.46331184608285,0.899639896682753,0.000000000000000E+000,0.000000000000000E+000,0.114313834566508,4.176826590532627E-002,0.156082100471835,4.176826590532627E-002,0.370362971516340,8.069265513032245E-002,0.316986952088389,0.522075153186363,0.863680553714012 
 07/23  21:00:00,1.62106713176810,0.813106320431786,0.000000000000000E+000,0.000000000000000E+000,0.101647704617421,3.761151249520286E-002,0.139259217112624,3.761151249520286E-002,0.535342852045378,0.116637567626479,0.302828853084766,0.509886628209248,0.777986495197726 
 07/23  22:00:00,1.32046603959686,0.678649891802035,0.000000000000000E+000,0.000000000000000E+000,5.236208133881128E-002,1.947570716574666E-002,7.183778850455788E-002,1.947570716574666E-002,0.447802520922691,9.756475988774546E-002,0.244907423913850,0.441241532678422,0.648258183809813 
 07/23  23:00:00,0.940370473862924,0.530440339798588,0.000000000000000E+000,0.000000000000000E+000,0.000000000000000E+000,0.000000000000000E+000,0.000000000000000E+000,0.000000000000000E+000,0.309758114032493,6.748840081692746E-002,0.162581263752207,0.383430681571697,0.504030511061820 
 07/23  24:00:00,0.635646520049537,0.372744116860544,0.000000000000000E+000,0.000000000000000E+000,0.000000000000000E+000,0.000000000000000E+000,0.000000000000000E+000,0.000000000000000E+000,0.161612925425957,3.521133876479848E-002,0.104554665160539,0.317155577008642,0.350899165806091 
 07/24  01:00:00,0.511600754398437,0.298420810937727,0.000000000000000E+000,0.000000000000000E+000,0.000000000000000E+000,0.000000000000000E+000,0.000000000000000E+000,0.000000000000000E+000,9.764119643193464E-002,2.127351072004496E-002,8.355728931351325E-002,0.292016744243345,0.278307365211050 
 07/24  02:00:00,0.455369668274410,0.281892554358519,0.000000000000000E+000,0.000000000000000E+000,0.000000000000000E+000,0.000000000000000E+000,0.000000000000000E+000,0.000000000000000E+000,6.397178750905712E-002,1.393782258092414E-002,7.171700163401486E-002,0.288631042860813,0.262012308002584 
 07/24  03:00:00,0.443817354196285,0.286437367477200,0.000000000000000E+000,0.000000000000000E+000,0.000000000000000E+000,0.000000000000000E+000,0.000000000000000E+000,0.000000000000000E+000,6.397178750905712E-002,1.393782258092414E-002,6.422752921492920E-002,0.284568201201776,0.266836960366158 
 07/24  04:00:00,0.442441115838571,0.334237159432355,0.000000000000000E+000,0.000000000000000E+000,0.000000000000000E+000,0.000000000000000E+000,0.000000000000000E+000,0.000000000000000E+000,6.397178750905712E-002,1.393782258092414E-002,7.360089274675015E-002,0.273818599312238,0.315377160323426 
 07/24  05:00:00,0.490142109307002,0.548812250911424,0.000000000000000E+000,0.000000000000000E+000,0.000000000000000E+000,0.000000000000000E+000,0.000000000000000E+000,0.000000000000000E+000,6.733872589355760E-002,1.467139266972975E-002,8.546042728064268E-002,0.305559549773472,0.527766007701768 
 07/24  06:00:00,0.620802073509795,0.947948210952295,0.000000000000000E+000,0.000000000000000E+000,0.000000000000000E+000,0.000000000000000E+000,0.000000000000000E+000,0.000000000000000E+000,9.427424132885273E-002,2.053995520145101E-002,0.135831851626414,0.353044011663478,0.923631346567956 
 07/24  07:00:00,0.805169766485476,1.05723882511464,0.000000000000000E+000,0.000000000000000E+000,0.000000000000000E+000,0.000000000000000E+000,0.000000000000000E+000,0.000000000000000E+000,0.154879098812700,3.374420951484601E-002,0.209298719283835,0.375135713184494,1.03140033483620 
 07/24  08:00:00,0.747688299788583,1.02360402295941,0.000000000000000E+000,0.000000000000000E+000,0.000000000000000E+000,0.000000000000000E+000,0.000000000000000E+000,0.000000000000000E+000,0.117842759864612,2.567493489543148E-002,0.269903014330297,0.317155577008642,1.00175907190496 
 07/24  09:00:00,0.695801448639472,0.932294450034116,0.000000000000000E+000,0.000000000000000E+000,0.000000000000000E+000,0.000000000000000E+000,0.000000000000000E+000,0.000000000000000E+000,6.397178750905712E-002,1.393782258092414E-002,0.330854782137564,0.269925042722327,0.913702630201544 
 07/24  10:00:00,0.705762869829883,0.829229038113978,0.000000000000000E+000,0.000000000000000E+000,0.000000000000000E+000,0.000000000000000E+000,0.000000000000000E+000,0.000000000000000E+000,5.387098907413678E-002,1.173711413578380E-002,0.346769520115789,0.276273232814574,0.810199969461260 
 07/24  11:00:00,0.720147372709796,0.737206365788024,0.000000000000000E+000,0.000000000000000E+000,0.000000000000000E+000,0.000000000000000E+000,0.000000000000000E+000,0.000000000000000E+000,5.387098907413678E-002,1.173711413578380E-002,0.361069380461137,0.276357875349137,0.718171467151036 
 07/24  12:00:00,0.704950034174123,0.665041615581892,0.000000000000000E+000,0.000000000000000E+000,0.000000000000000E+000,0.000000000000000E+000,0.000000000000000E+000,0.000000000000000E+000,5.387098907413678E-002,1.173711413578380E-002,0.350527381326447,0.271702535948156,0.646327366079679 
 07/24  13:00:00,0.683263399734021,0.623427347747507,0.000000000000000E+000,0.000000000000000E+000,0.000000000000000E+000,0.000000000000000E+000,0.000000000000000E+000,0.000000000000000E+000,5.387098907413678E-002,1.173711413578380E-002,0.319445425549819,0.281097857284681,0.604065969991478 
 07/24  14:00:00,0.674277709769767,0.582167871814847,0.000000000000000E+000,0.000000000000000E+000,0.000000000000000E+000,0.000000000000000E+000,0.000000000000000E+000,0.000000000000000E+000,5.387098907413678E-002,1.173711413578380E-002,0.294631581622230,0.296926011248016,0.561716287000590 
 07/24  15:00:00,0.711926928872104,0.588722261654216,0.000000000000000E+000,0.000000000000000E+000,1.070463208973538E-002,3.525890312025854E-003,1.423052240176123E-002,3.525890312025854E-003,5.387098907413678E-002,1.173711413578380E-002,0.301544984082964,0.313431305487858,0.567133829907581 
 07/24  16:00:00,0.992021796589738,0.643728126941528,0.000000000000000E+000,0.000000000000000E+000,0.143642822128198,4.736365280999472E-002,0.191006474938193,4.736365280999472E-002,5.723791909934670E-002,1.247068240331294E-002,0.343460405072082,0.370734301387204,0.618192795845052 
 07/24  17:00:00,1.33299690337801,0.759078739525186,0.000000000000000E+000,0.000000000000000E+000,0.273034128436706,9.013484924396725E-002,0.363168977680675,9.013484924396725E-002,6.733872589355760E-002,1.467139266972975E-002,0.420322867033191,0.450382926411258,0.728057393231951 
 07/24  18:00:00,1.51077112749858,0.863886917923554,0.000000000000000E+000,0.000000000000000E+000,0.346068536059605,0.114240130005034,0.460308666064638,0.114240130005034,0.107741978148274,2.347423191412051E-002,0.383154291509830,0.488979922172116,0.830207098803837 
 07/24  19:00:00,1.56067946219658,0.882222852062742,0.000000000000000E+000,0.000000000000000E+000,0.352901870335001,0.120527431968830,0.473429302303830,0.120527431968830,0.205383090987301,4.474774263416546E-002,0.315283878980793,0.504723433600890,0.847458655869068 
 07/24  20:00:00,1.72019207318243,0.823271059086379,0.000000000000000E+000,0.000000000000000E+000,0.331284193023979,0.116533532759315,0.447817725783294,0.116533532759315,0.370362971516340,8.069265513032245E-002,0.282131553876513,0.522075153186363,0.787311716117638 
 07/24  21:00:00,1.83156783409600,0.749203769355928,0.000000000000000E+000,0.000000000000000E+000,0.282977608671989,0.102389196722319,0.385366805394306,0.102389196722319,0.535342852045378,0.116637567626479,0.267221967130982,0.509886628209248,0.714083944121865 
 07/24  22:00:00,1.49224511021539,0.628527117384364,0.000000000000000E+000,0.000000000000000E+000,0.198952599290892,7.295749439102882E-002,0.271910093681921,7.295749439102882E-002,0.447802520922691,9.756475988774546E-002,0.216614189355009,0.441241532678422,0.598135409392139 
 07/24  23:00:00,1.05131217961886,0.499275192311079,0.000000000000000E+000,0.000000000000000E+000,9.220650862241150E-002,3.427005489716615E-002,0.126476563519578,3.427005489716615E-002,0.309758114032493,6.748840081692746E-002,0.147046405988563,0.383430681571697,0.472865363574310 
 07/24  24:00:00,0.629072831713790,0.361272169094537,0.000000000000000E+000,0.000000000000000E+000,0.000000000000000E+000,0.000000000000000E+000,0.000000000000000E+000,0.000000000000000E+000,0.161612925425957,3.521133876479848E-002,9.798097682479152E-002,0.317155577008642,0.339427218040082 
 07/25  01:00:00,0.511600754398437,0.298531316842879,0.000000000000000E+000,0.000000000000000E+000,0.000000000000000E+000,0.000000000000000E+000,0.000000000000000E+000,0.000000000000000E+000,9.764119643193464E-002,2.127351072004496E-002,8.355728931351325E-002,0.292016744243345,0.278417871116199 
 07/25  02:00:00,0.455369668274410,0.282011071670080,0.000000000000000E+000,0.000000000000000E+000,0.000000000000000E+000,0.000000000000000E+000,0.000000000000000E+000,0.000000000000000E+000,6.397178750905712E-002,1.393782258092414E-002,7.171700163401486E-002,0.288631042860813,0.262130825314146 
 07/25  03:00:00,0.443817354196285,0.286637472587461,0.000000000000000E+000,0.000000000000000E+000,0.000000000000000E+000,0.000000000000000E+000,0.000000000000000E+000,0.000000000000000E+000,6.397178750905712E-002,1.393782258092414E-002,6.422752921492920E-002,0.284568201201776,0.267037065476419 
 07/25  04:00:00,0.442441115838571,0.334095183364336,0.000000000000000E+000,0.000000000000000E+000,0.000000000000000E+000,0.000000000000000E+000,0.000000000000000E+000,0.000000000000000E+000,6.397178750905712E-002,1.393782258092414E-002,7.360089274675015E-002,0.273818599312238,0.315235184255407 
 07/25  05:00:00,0.490142109307002,0.548291089251848,0.000000000000000E+000,0.000000000000000E+000,0.000000000000000E+000,0.000000000000000E+000,0.000000000000000E+000,0.000000000000000E+000,6.733872589355760E-002,1.467139266972975E-002,8.546042728064268E-002,0.305559549773472,0.527244846042195 
 07/25  06:00:00,0.620802073509795,0.946876468580372,0.000000000000000E+000,0.000000000000000E+000,0.000000000000000E+000,0.000000000000000E+000,0.000000000000000E+000,0.000000000000000E+000,9.427424132885273E-002,2.053995520145101E-002,0.135831851626414,0.353044011663478,0.922559604196032 
 07/25  07:00:00,0.805169766485476,1.05603745140920,0.000000000000000E+000,0.000000000000000E+000,0.000000000000000E+000,0.000000000000000E+000,0.000000000000000E+000,0.000000000000000E+000,0.154879098812700,3.374420951484601E-002,0.209298719283835,0.375135713184494,1.03019896113075 
 07/25  08:00:00,0.747688299788583,1.02248255204799,0.000000000000000E+000,0.000000000000000E+000,0.000000000000000E+000,0.000000000000000E+000,0.000000000000000E+000,0.000000000000000E+000,0.117842759864612,2.567493489543148E-002,0.269903014330297,0.317155577008642,1.00063760099354 
 07/25  09:00:00,0.695801448639472,0.931393356253925,0.000000000000000E+000,0.000000000000000E+000,0.000000000000000E+000,0.000000000000000E+000,0.000000000000000E+000,0.000000000000000E+000,6.397178750905712E-002,1.393782258092414E-002,0.330854782137564,0.269925042722327,0.912801536421350 
 07/25  10:00:00,0.705762869829883,0.828423392683817,0.000000000000000E+000,0.000000000000000E+000,0.000000000000000E+000,0.000000000000000E+000,0.000000000000000E+000,0.000000000000000E+000,5.387098907413678E-002,1.173711413578380E-002,0.346769520115789,0.276273232814574,0.809394324031100 
 07/25  11:00:00,0.720147372709796,0.736485864897418,0.000000000000000E+000,0.000000000000000E+000,0.000000000000000E+000,0.000000000000000E+000,0.000000000000000E+000,0.000000000000000E+000,5.387098907413678E-002,1.173711413578380E-002,0.361069380461137,0.276357875349137,0.717450966260430 
 07/25  12:00:00,0.704950034174123,0.664379605884029,0.000000000000000E+000,0.000000000000000E+000,0.000000000000000E+000,0.000000000000000E+000,0.000000000000000E+000,0.000000000000000E+000,5.387098907413678E-002,1.173711413578380E-002,0.350527381326447,0.271702535948156,0.645665356381816 
 07/25  13:00:00,0.683263399734021,0.622821732044526,0.000000000000000E+000,0.000000000000000E+000,0.000000000000000E+000,0.000000000000000E+000,0.000000000000000E+000,0.000000000000000E+000,5.387098907413678E-002,1.173711413578380E-002,0.319445425549819,0.281097857284681,0.603460354288497 
 07/25  14:00:00,0.674277709769767,0.581632877508174,0.000000000000000E+000,0.000000000000000E+000,0.000000000000000E+000,0.000000000000000E+000,0.000000000000000E+000,0.000000000000000E+000,5.387098907413678E-002,1.173711413578380E-002,0.294631581622230,0.296926011248016,0.561181292693917 
 07/25  15:00:00,0.756894161457234,0.588181355935330,0.000000000000000E+000,0.000000000000000E+000,4.462549338821420E-002,1.457226159867876E-002,5.919775498689304E-002,1.457226159867876E-002,5.387098907413678E-002,1.173711413578380E-002,0.301544984082964,0.313431305487858,0.566592924188696 
 07/25  16:00:00,1.07026344887099,0.643120128527491,0.000000000000000E+000,0.000000000000000E+000,0.202655593701609,6.659253351783447E-002,0.269248127219443,6.659253351783447E-002,5.723791909934670E-002,1.247068240331294E-002,0.343460405072082,0.370734301387204,0.617584797431015 
 07/25  17:00:00,1.40811039401663,0.758407379232568,0.000000000000000E+000,0.000000000000000E+000,0.329667879184540,0.108614589134750,0.438282468319289,0.108614589134750,6.733872589355760E-002,1.467139266972975E-002,0.420322867033191,0.450382926411258,0.727386032939336 
 07/25  18:00:00,1.58360683699202,0.863089317471035,0.000000000000000E+000,0.000000000000000E+000,0.400609912309918,0.132534463248159,0.533144375558076,0.132534463248159,0.107741978148274,2.347423191412051E-002,0.383154291509830,0.488979922172116,0.829409498351318 
 07/25  19:00:00,1.61913168799218,0.881403749462230,0.000000000000000E+000,0.000000000000000E+000,0.396245448682636,0.135636079416798,0.531881528099435,0.135636079416798,0.205383090987301,4.474774263416546E-002,0.315283878980793,0.504723433600890,0.846639553268554 
 07/25  20:00:00,1.76076783530692,0.822529120511339,0.000000000000000E+000,0.000000000000000E+000,0.361076140170070,0.127317347737709,0.488393487907780,0.127317347737709,0.370362971516340,8.069265513032245E-002,0.282131553876513,0.522075153186363,0.786569777542602 
 07/25  21:00:00,1.85879004035433,0.748551291034348,0.000000000000000E+000,0.000000000000000E+000,0.302774481317305,0.109814530335338,0.412589011652645,0.109814530335338,0.535342852045378,0.116637567626479,0.267221967130982,0.509886628209248,0.713431465800288 
 07/25  22:00:00,1.52175389004259,0.627985703865564,0.000000000000000E+000,0.000000000000000E+000,0.220846721603537,8.057215190558301E-002,0.301418873509120,8.057215190558301E-002,0.447802520922691,9.756475988774546E-002,0.216614189355009,0.441241532678422,0.597593995873342 
 07/25  23:00:00,1.09184220452881,0.498823110595280,0.000000000000000E+000,0.000000000000000E+000,0.122226456030710,4.478013239882309E-002,0.167006588429534,4.478013239882309E-002,0.309758114032493,6.748840081692746E-002,0.147046405988563,0.383430681571697,0.472413281858512 
 07/25  24:00:00,0.666180774822027,0.360974924767289,0.000000000000000E+000,0.000000000000000E+000,2.711915915172374E-002,9.988783956513939E-003,3.710794310823769E-002,9.988783956513939E-003,0.161612925425957,3.521133876479848E-002,9.798097682479152E-002,0.317155577008642,0.339129973712837 
 07/26  01:00:00,0.511600754398437,0.298279836853323,0.000000000000000E+000,0.000000000000000E+000,0.000000000000000E+000,0.000000000000000E+000,0.000000000000000E+000,0.000000000000000E+000,9.764119643193464E-002,2.127351072004496E-002,8.355728931351325E-002,0.292016744243345,0.278166391126646 
 07/26  02:00:00,0.455369668274410,0.281699373797699,0.000000000000000E+000,0.000000000000000E+000,0.000000000000000E+000,0.000000000000000E+000,0.000000000000000E+000,0.000000000000000E+000,6.397178750905712E-002,1.393782258092414E-002,7.171700163401486E-002,0.288631042860813,0.261819127441765 
 07/26  03:00:00,0.443817354196285,0.286121701539881,0.000000000000000E+000,0.000000000000000E+000,0.000000000000000E+000,0.000000000000000E+000,0.000000000000000E+000,0.000000000000000E+000,6.397178750905712E-002,1.393782258092414E-002,6.422752921492920E-002,0.284568201201776,0.266521294428839 
 07/26  04:00:00,0.442441115838571,0.333568941282912,0.000000000000000E+000,0.000000000000000E+000,0.000000000000000E+000,0.000000000000000E+000,0.000000000000000E+000,0.000000000000000E+000,6.397178750905712E-002,1.393782258092414E-002,7.360089274675015E-002,0.273818599312238,0.314708942173983 
 07/26  05:00:00,0.490142109307002,0.547412849495218,0.000000000000000E+000,0.000000000000000E+000,0.000000000000000E+000,0.000000000000000E+000,0.000000000000000E+000,0.000000000000000E+000,6.733872589355760E-002,1.467139266972975E-002,8.546042728064268E-002,0.305559549773472,0.526366606285565 
 07/26  06:00:00,0.620802073509795,0.945366255685438,0.000000000000000E+000,0.000000000000000E+000,0.000000000000000E+000,0.000000000000000E+000,0.000000000000000E+000,0.000000000000000E+000,9.427424132885273E-002,2.053995520145101E-002,0.135831851626414,0.353044011663478,0.921049391301096 
 07/26  07:00:00,0.805169766485476,1.05423817004178,0.000000000000000E+000,0.000000000000000E+000,0.000000000000000E+000,0.000000000000000E+000,0.000000000000000E+000,0.000000000000000E+000,0.154879098812700,3.374420951484601E-002,0.209298719283835,0.375135713184494,1.02839967976334 
 07/26  08:00:00,0.747688299788583,1.02067952425574,0.000000000000000E+000,0.000000000000000E+000,0.000000000000000E+000,0.000000000000000E+000,0.000000000000000E+000,0.000000000000000E+000,0.117842759864612,2.567493489543148E-002,0.269903014330297,0.317155577008642,0.998834573201286 
 07/26  09:00:00,0.695801448639472,0.929675813524964,0.000000000000000E+000,0.000000000000000E+000,0.000000000000000E+000,0.000000000000000E+000,0.000000000000000E+000,0.000000000000000E+000,6.397178750905712E-002,1.393782258092414E-002,0.330854782137564,0.269925042722327,0.911083993692392 
 07/26  10:00:00,0.705762869829883,0.826884277180829,0.000000000000000E+000,0.000000000000000E+000,0.000000000000000E+000,0.000000000000000E+000,0.000000000000000E+000,0.000000000000000E+000,5.387098907413678E-002,1.173711413578380E-002,0.346769520115789,0.276273232814574,0.807855208528108 
 07/26  11:00:00,0.720147372709796,0.735136574433658,0.000000000000000E+000,0.000000000000000E+000,0.000000000000000E+000,0.000000000000000E+000,0.000000000000000E+000,0.000000000000000E+000,5.387098907413678E-002,1.173711413578380E-002,0.361069380461137,0.276357875349137,0.716101675796671 
 07/26  12:00:00,0.704950034174123,0.663184169405969,0.000000000000000E+000,0.000000000000000E+000,0.000000000000000E+000,0.000000000000000E+000,0.000000000000000E+000,0.000000000000000E+000,5.387098907413678E-002,1.173711413578380E-002,0.350527381326447,0.271702535948156,0.644469919903754 
 07/26  13:00:00,0.778054644654323,0.621684123283726,0.000000000000000E+000,0.000000000000000E+000,7.126898881845987E-002,2.352225610184269E-002,9.479124492030250E-002,2.352225610184269E-002,5.387098907413678E-002,1.173711413578380E-002,0.319445425549819,0.281097857284681,0.602322745527697 
 07/26  14:00:00,0.911448184801887,0.580631779875747,0.000000000000000E+000,0.000000000000000E+000,0.178979213525844,5.819126150627752E-002,0.237170475032122,5.819126150627752E-002,5.387098907413678E-002,1.173711413578380E-002,0.294631581622230,0.296926011248016,0.560180195061489 
 07/26  15:00:00,1.11038289585456,0.587316929637304,0.000000000000000E+000,0.000000000000000E+000,0.312566979236872,0.100119510147348,0.412686489384219,0.100119510147348,5.387098907413678E-002,1.173711413578380E-002,0.301544984082964,0.313431305487858,0.565728497890670 
 07/26  16:00:00,1.35674931683116,0.642209444553739,0.000000000000000E+000,0.000000000000000E+000,0.420016915637569,0.135717079542043,0.555733995179613,0.135717079542043,5.723791909934670E-002,1.247068240331294E-002,0.343460405072082,0.370734301387204,0.616674113457260 
 07/26  17:00:00,1.77256866105148,0.757461149493743,0.000000000000000E+000,0.000000000000000E+000,0.605780450394548,0.196960284959594,0.802740735354141,0.196960284959594,6.733872589355760E-002,1.467139266972975E-002,0.420322867033191,0.450382926411258,0.726439803200508 
 07/26  18:00:00,1.82324052698607,0.862078388228784,0.000000000000000E+000,0.000000000000000E+000,0.581986273243021,0.190791792309107,0.772778065552127,0.190791792309107,0.107741978148274,2.347423191412051E-002,0.383154291509830,0.488979922172116,0.828398569109070 
 07/26  19:00:00,1.82552200950581,0.880290588697691,0.000000000000000E+000,0.000000000000000E+000,0.552861689608495,0.185410160004567,0.738271849613063,0.185410160004567,0.205383090987301,4.474774263416546E-002,0.315283878980793,0.504723433600890,0.845526392504017 
 07/26  20:00:00,1.94734428677362,0.821349700997946,0.000000000000000E+000,0.000000000000000E+000,0.502684529887952,0.172285409486525,0.674969939374478,0.172285409486525,0.370362971516340,8.069265513032245E-002,0.282131553876513,0.522075153186363,0.785390358029206 
 07/26  21:00:00,2.04224896504440,0.747365573454858,0.000000000000000E+000,0.000000000000000E+000,0.441580201686498,0.154467734656215,0.596047936342712,0.154467734656215,0.535342852045378,0.116637567626479,0.267221967130982,0.509886628209248,0.712245748220795 
 07/26  22:00:00,1.69997125420467,0.626919145441293,0.000000000000000E+000,0.000000000000000E+000,0.355034756321597,0.124601481349601,0.479636237671200,0.124601481349601,0.447802520922691,9.756475988774546E-002,0.216614189355009,0.441241532678422,0.596527437449071 
 07/26  23:00:00,1.26282187762662,0.497972340558081,0.000000000000000E+000,0.000000000000000E+000,0.249953761087001,8.803250044033456E-002,0.337986261527335,8.803250044033456E-002,0.309758114032493,6.748840081692746E-002,0.147046405988563,0.383430681571697,0.471562511821313 
 07/26  24:00:00,0.825012329038657,0.360223530640058,0.000000000000000E+000,0.000000000000000E+000,0.144776697155139,5.116280016972823E-002,0.195939497324867,5.116280016972823E-002,0.161612925425957,3.521133876479848E-002,9.798097682479152E-002,0.317155577008642,0.338378579585605 
 07/27  01:00:00,0.612663669819408,0.297606465537951,0.000000000000000E+000,0.000000000000000E+000,7.453873247977161E-002,2.652418294119779E-002,0.101062915420969,2.652418294119779E-002,9.764119643193464E-002,2.127351072004496E-002,8.355728931351325E-002,0.292016744243345,0.277493019811274 
 07/27  02:00:00,0.474592826158624,0.281065753448145,0.000000000000000E+000,0.000000000000000E+000,1.415973444546060E-002,5.063423438754149E-003,1.922315788421475E-002,5.063423438754149E-003,6.397178750905712E-002,1.393782258092414E-002,7.171700163401486E-002,0.288631042860813,0.261185507092210 
 07/27  03:00:00,0.443817354196285,0.285451212978746,0.000000000000000E+000,0.000000000000000E+000,0.000000000000000E+000,0.000000000000000E+000,0.000000000000000E+000,0.000000000000000E+000,6.397178750905712E-002,1.393782258092414E-002,6.422752921492920E-002,0.284568201201776,0.265850805867705 
 07/27  04:00:00,0.442441115838571,0.332754340474132,0.000000000000000E+000,0.000000000000000E+000,0.000000000000000E+000,0.000000000000000E+000,0.000000000000000E+000,0.000000000000000E+000,6.397178750905712E-002,1.393782258092414E-002,7.360089274675015E-002,0.273818599312238,0.313894341365203 
 07/27  05:00:00,0.490142109307002,0.546387658293774,0.000000000000000E+000,0.000000000000000E+000,0.000000000000000E+000,0.000000000000000E+000,0.000000000000000E+000,0.000000000000000E+000,6.733872589355760E-002,1.467139266972975E-002,8.546042728064268E-002,0.305559549773472,0.525341415084118 
 07/27  06:00:00,0.620802073509795,0.943765172078650,0.000000000000000E+000,0.000000000000000E+000,0.000000000000000E+000,0.000000000000000E+000,0.000000000000000E+000,0.000000000000000E+000,9.427424132885273E-002,2.053995520145101E-002,0.135831851626414,0.353044011663478,0.919448307694308 
 07/27  07:00:00,0.805169766485476,1.05254776209841,0.000000000000000E+000,0.000000000000000E+000,0.000000000000000E+000,0.000000000000000E+000,0.000000000000000E+000,0.000000000000000E+000,0.154879098812700,3.374420951484601E-002,0.209298719283835,0.375135713184494,1.02670927181996 
 07/27  08:00:00,0.747688299788583,1.01910659823079,0.000000000000000E+000,0.000000000000000E+000,0.000000000000000E+000,0.000000000000000E+000,0.000000000000000E+000,0.000000000000000E+000,0.117842759864612,2.567493489543148E-002,0.269903014330297,0.317155577008642,0.997261647176335 
 07/27  09:00:00,0.695801448639472,0.928293870353541,0.000000000000000E+000,0.000000000000000E+000,0.000000000000000E+000,0.000000000000000E+000,0.000000000000000E+000,0.000000000000000E+000,6.397178750905712E-002,1.393782258092414E-002,0.330854782137564,0.269925042722327,0.909702050520969 
 07/27  10:00:00,0.705762869829883,0.825748625058674,0.000000000000000E+000,0.000000000000000E+000,0.000000000000000E+000,0.000000000000000E+000,0.000000000000000E+000,0.000000000000000E+000,5.387098907413678E-002,1.173711413578380E-002,0.346769520115789,0.276273232814574,0.806719556405954 
 07/27  11:00:00,0.720147372709796,0.734178807419670,0.000000000000000E+000,0.000000000000000E+000,0.000000000000000E+000,0.000000000000000E+000,0.000000000000000E+000,0.000000000000000E+000,5.387098907413678E-002,1.173711413578380E-002,0.361069380461137,0.276357875349137,0.715143908782683 
 07/27  12:00:00,0.731871051712965,0.662392999701559,0.000000000000000E+000,0.000000000000000E+000,2.000305776073207E-002,6.917959778108728E-003,2.692101753884080E-002,6.917959778108728E-003,5.387098907413678E-002,1.173711413578380E-002,0.350527381326447,0.271702535948156,0.643678750199347 
 07/27  13:00:00,0.817269803256889,0.620999889201972,0.000000000000000E+000,0.000000000000000E+000,9.997608691559526E-002,3.403031660727428E-002,0.134006403522870,3.403031660727428E-002,5.387098907413678E-002,1.173711413578380E-002,0.319445425549819,0.281097857284681,0.601638511445943 
 07/27  14:00:00,0.906874321340285,0.580027372141518,0.000000000000000E+000,0.000000000000000E+000,0.174309474521075,5.828713704944289E-002,0.232596611570518,5.828713704944289E-002,5.387098907413678E-002,1.173711413578380E-002,0.294631581622230,0.296926011248016,0.559575787327261 
 07/27  15:00:00,1.06138612865439,0.586680405281879,0.000000000000000E+000,0.000000000000000E+000,0.273864532652587,8.982518953145802E-002,0.363689722184045,8.982518953145802E-002,5.387098907413678E-002,1.173711413578380E-002,0.301544984082964,0.313431305487858,0.565091973535245 
 07/27  16:00:00,1.34786817678296,0.641545120244080,0.000000000000000E+000,0.000000000000000E+000,0.411815009615858,0.135037845515554,0.546852855131415,0.135037845515554,5.723791909934670E-002,1.247068240331294E-002,0.343460405072082,0.370734301387204,0.616009789147601 
 07/27  17:00:00,1.73344021542670,0.756559054312831,0.000000000000000E+000,0.000000000000000E+000,0.575100965091465,0.188511324637896,0.763612289729363,0.188511324637896,6.733872589355760E-002,1.467139266972975E-002,0.420322867033191,0.450382926411258,0.725537708019599 
 07/27  18:00:00,1.78855246448387,0.860988646780936,0.000000000000000E+000,0.000000000000000E+000,0.555983499113002,0.182106503936930,0.738090003049930,0.182106503936930,0.107741978148274,2.347423191412051E-002,0.383154291509830,0.488979922172116,0.827308827661219 
 07/27  19:00:00,1.74539438884018,0.879284367119495,0.000000000000000E+000,0.000000000000000E+000,0.490763126599459,0.167381102347970,0.658144228947429,0.167381102347970,0.205383090987301,4.474774263416546E-002,0.315283878980793,0.504723433600890,0.844520170925821 
 07/27  20:00:00,1.83688923531975,0.820626686059432,0.000000000000000E+000,0.000000000000000E+000,0.416794469200417,0.147720418720191,0.564514887920610,0.147720418720191,0.370362971516340,8.069265513032245E-002,0.282131553876513,0.522075153186363,0.784667343090695 
 07/27  21:00:00,1.90460673741699,0.746906363603721,0.000000000000000E+000,0.000000000000000E+000,0.335617164138511,0.122788544576786,0.458405708715296,0.122788544576786,0.535342852045378,0.116637567626479,0.267221967130982,0.509886628209248,0.711786538369661 
 07/27  22:00:00,1.53247915786643,0.626757129000355,0.000000000000000E+000,0.000000000000000E+000,0.227609721334284,8.453441999867523E-002,0.312144141332960,8.453441999867523E-002,0.447802520922691,9.756475988774546E-002,0.216614189355009,0.441241532678422,0.596365421008133 
 07/27  23:00:00,1.06562362996731,0.498088520562281,0.000000000000000E+000,0.000000000000000E+000,0.102294926622411,3.849308724561543E-002,0.140788013868027,3.849308724561543E-002,0.309758114032493,6.748840081692746E-002,0.147046405988563,0.383430681571697,0.471678691825513 
 07/27  24:00:00,0.629072831713790,0.360706018521453,0.000000000000000E+000,0.000000000000000E+000,0.000000000000000E+000,0.000000000000000E+000,0.000000000000000E+000,0.000000000000000E+000,0.161612925425957,3.521133876479848E-002,9.798097682479152E-002,0.317155577008642,0.338861067467001 
 07/28  01:00:00,0.511600754398437,0.298264170484604,0.000000000000000E+000,0.000000000000000E+000,0.000000000000000E+000,0.000000000000000E+000,0.000000000000000E+000,0.000000000000000E+000,9.764119643193464E-002,2.127351072004496E-002,8.355728931351325E-002,0.292016744243345,0.278150724757927 
 07/28  02:00:00,0.455369668274410,0.281885037466072,0.000000000000000E+000,0.000000000000000E+000,0.000000000000000E+000,0.000000000000000E+000,0.000000000000000E+000,0.000000000000000E+000,6.397178750905712E-002,1.393782258092414E-002,7.171700163401486E-002,0.288631042860813,0.262004791110137 
 07/28  03:00:00,0.443817354196285,0.286555443933736,0.000000000000000E+000,0.000000000000000E+000,0.000000000000000E+000,0.000000000000000E+000,0.000000000000000E+000,0.000000000000000E+000,6.397178750905712E-002,1.393782258092414E-002,6.422752921492920E-002,0.284568201201776,0.266955036822694 
 07/28  04:00:00,0.442441115838571,0.333908798795259,0.000000000000000E+000,0.000000000000000E+000,0.000000000000000E+000,0.000000000000000E+000,0.000000000000000E+000,0.000000000000000E+000,6.397178750905712E-002,1.393782258092414E-002,7.360089274675015E-002,0.273818599312238,0.315048799686330 
 07/28  05:00:00,0.490142109307002,0.547428924007553,0.000000000000000E+000,0.000000000000000E+000,0.000000000000000E+000,0.000000000000000E+000,0.000000000000000E+000,0.000000000000000E+000,6.733872589355760E-002,1.467139266972975E-002,8.546042728064268E-002,0.305559549773472,0.526382680797897 
 07/28  06:00:00,0.620802073509795,0.944367270232787,0.000000000000000E+000,0.000000000000000E+000,0.000000000000000E+000,0.000000000000000E+000,0.000000000000000E+000,0.000000000000000E+000,9.427424132885273E-002,2.053995520145101E-002,0.135831851626414,0.353044011663478,0.920050405848447 
 07/28  07:00:00,0.805169766485476,1.05289823679354,0.000000000000000E+000,0.000000000000000E+000,0.000000000000000E+000,0.000000000000000E+000,0.000000000000000E+000,0.000000000000000E+000,0.154879098812700,3.374420951484601E-002,0.209298719283835,0.375135713184494,1.02705974651509 
 07/28  08:00:00,0.747688299788583,1.01930949942059,0.000000000000000E+000,0.000000000000000E+000,0.000000000000000E+000,0.000000000000000E+000,0.000000000000000E+000,0.000000000000000E+000,0.117842759864612,2.567493489543148E-002,0.269903014330297,0.317155577008642,0.997464548366139 
 07/28  09:00:00,0.695801448639472,0.928359210558519,0.000000000000000E+000,0.000000000000000E+000,0.000000000000000E+000,0.000000000000000E+000,0.000000000000000E+000,0.000000000000000E+000,6.397178750905712E-002,1.393782258092414E-002,0.330854782137564,0.269925042722327,0.909767390725947 
 07/28  10:00:00,0.705762869829883,0.825928952209272,0.000000000000000E+000,0.000000000000000E+000,0.000000000000000E+000,0.000000000000000E+000,0.000000000000000E+000,0.000000000000000E+000,5.387098907413678E-002,1.173711413578380E-002,0.346769520115789,0.276273232814574,0.806899883556554 
 07/28  11:00:00,0.720147372709796,0.734536016853377,0.000000000000000E+000,0.000000000000000E+000,0.000000000000000E+000,0.000000000000000E+000,0.000000000000000E+000,0.000000000000000E+000,5.387098907413678E-002,1.173711413578380E-002,0.361069380461137,0.276357875349137,0.715501118216389 
 07/28  12:00:00,0.704950034174123,0.662853676586237,0.000000000000000E+000,0.000000000000000E+000,0.000000000000000E+000,0.000000000000000E+000,0.000000000000000E+000,0.000000000000000E+000,5.387098907413678E-002,1.173711413578380E-002,0.350527381326447,0.271702535948156,0.644139427084024 
 07/28  13:00:00,0.683263399734021,0.621482366342842,0.000000000000000E+000,0.000000000000000E+000,0.000000000000000E+000,0.000000000000000E+000,0.000000000000000E+000,0.000000000000000E+000,5.387098907413678E-002,1.173711413578380E-002,0.319445425549819,0.281097857284681,0.602120988586814 
 07/28  14:00:00,0.674277709769767,0.580418653137315,0.000000000000000E+000,0.000000000000000E+000,0.000000000000000E+000,0.000000000000000E+000,0.000000000000000E+000,0.000000000000000E+000,5.387098907413678E-002,1.173711413578380E-002,0.294631581622230,0.296926011248016,0.559967068323057 
 07/28  15:00:00,0.727190458963174,0.586900525849606,0.000000000000000E+000,0.000000000000000E+000,2.210747676215109E-002,7.386575730682106E-003,2.949405249283312E-002,7.386575730682106E-003,5.387098907413678E-002,1.173711413578380E-002,0.301544984082964,0.313431305487858,0.565312094102972 
 07/28  16:00:00,1.01630039188764,0.641644604125728,0.000000000000000E+000,0.000000000000000E+000,0.161174664092170,5.411040614392500E-002,0.215285070236095,5.411040614392500E-002,5.723791909934670E-002,1.247068240331294E-002,0.343460405072082,0.370734301387204,0.616109273029249 
 07/28  17:00:00,1.40566995975811,0.756457932230687,0.000000000000000E+000,0.000000000000000E+000,0.326103651286457,0.109738382774313,0.435842034060770,0.109738382774313,6.733872589355760E-002,1.467139266972975E-002,0.420322867033191,0.450382926411258,0.725436585937454 
 07/28  18:00:00,1.51820492716008,0.860733721537182,0.000000000000000E+000,0.000000000000000E+000,0.349650629290710,0.118091836435426,0.467742465726134,0.118091836435426,0.107741978148274,2.347423191412051E-002,0.383154291509830,0.488979922172116,0.827053902417468 
 07/28  19:00:00,1.54428693079859,0.878948418862986,0.000000000000000E+000,0.000000000000000E+000,0.339167061156285,0.117869709749555,0.457036770905841,0.117869709749555,0.205383090987301,4.474774263416546E-002,0.315283878980793,0.504723433600890,0.844184222669310 
 07/28  20:00:00,1.68630385151214,0.820261810373523,0.000000000000000E+000,0.000000000000000E+000,0.305084943404154,0.108844560708850,0.413929504113005,0.108844560708850,0.370362971516340,8.069265513032245E-002,0.282131553876513,0.522075153186363,0.784302467404783 
 07/28  21:00:00,1.78979676838043,0.746550033293263,0.000000000000000E+000,0.000000000000000E+000,0.251677451603554,9.191828807518496E-002,0.343595739678738,9.191828807518496E-002,0.535342852045378,0.116637567626479,0.267221967130982,0.509886628209248,0.711430208059203 
 07/28  22:00:00,1.44408002615452,0.626534441323488,0.000000000000000E+000,0.000000000000000E+000,0.163341866058187,6.040314356286091E-002,0.223745009621048,6.040314356286091E-002,0.447802520922691,9.756475988774546E-002,0.216614189355009,0.441241532678422,0.596142733331263 
 07/28  23:00:00,1.00680717770852,0.498028923122895,0.000000000000000E+000,0.000000000000000E+000,5.964143933207663E-002,2.233012227716339E-002,8.197156160924016E-002,2.233012227716339E-002,0.309758114032493,6.748840081692746E-002,0.147046405988563,0.383430681571697,0.471619094386126 
 07/28  24:00:00,0.629072831713790,0.360803389634253,0.000000000000000E+000,0.000000000000000E+000,0.000000000000000E+000,0.000000000000000E+000,0.000000000000000E+000,0.000000000000000E+000,0.161612925425957,3.521133876479848E-002,9.798097682479152E-002,0.317155577008642,0.338958438579798 
 07/29  01:00:00,0.515547781631398,0.304548578493735,0.000000000000000E+000,0.000000000000000E+000,0.000000000000000E+000,0.000000000000000E+000,0.000000000000000E+000,0.000000000000000E+000,9.764119643193464E-002,2.127351072004496E-002,8.750431654647417E-002,0.292016744243345,0.284435132767058 
 07/29  02:00:00,0.457980908790631,0.286633726382795,0.000000000000000E+000,0.000000000000000E+000,0.000000000000000E+000,0.000000000000000E+000,0.000000000000000E+000,0.000000000000000E+000,6.397178750905712E-002,1.393782258092414E-002,7.432824215023587E-002,0.288631042860813,0.266753480026860 
 07/29  03:00:00,0.445182759460584,0.291678592939132,0.000000000000000E+000,0.000000000000000E+000,0.000000000000000E+000,0.000000000000000E+000,0.000000000000000E+000,0.000000000000000E+000,6.397178750905712E-002,1.393782258092414E-002,6.559293447922755E-002,0.284568201201776,0.272078185828092 
 07/29  04:00:00,0.445112273590970,0.343929307671198,0.000000000000000E+000,0.000000000000000E+000,0.000000000000000E+000,0.000000000000000E+000,0.000000000000000E+000,0.000000000000000E+000,6.397178750905712E-002,1.393782258092414E-002,7.627205049915019E-002,0.273818599312238,0.325069308562269 
 07/29  05:00:00,0.494238805184528,0.575591507282474,0.000000000000000E+000,0.000000000000000E+000,0.000000000000000E+000,0.000000000000000E+000,0.000000000000000E+000,0.000000000000000E+000,6.733872589355760E-002,1.467139266972975E-002,8.955712315816899E-002,0.305559549773472,0.554545264072817 
 07/29  06:00:00,0.631427594227707,1.00904168909942,0.000000000000000E+000,0.000000000000000E+000,0.000000000000000E+000,0.000000000000000E+000,0.000000000000000E+000,0.000000000000000E+000,9.427424132885273E-002,2.053995520145101E-002,0.146457372344328,0.353044011663478,0.984724824715079 
 07/29  07:00:00,0.826331145334135,1.13112581988282,0.000000000000000E+000,0.000000000000000E+000,0.000000000000000E+000,0.000000000000000E+000,0.000000000000000E+000,0.000000000000000E+000,0.154879098812700,3.374420951484601E-002,0.230460098132495,0.375135713184494,1.10528732960437 
 07/29  08:00:00,0.780125626630616,1.10080240993171,0.000000000000000E+000,0.000000000000000E+000,0.000000000000000E+000,0.000000000000000E+000,0.000000000000000E+000,0.000000000000000E+000,0.117842759864612,2.567493489543148E-002,0.302340341172329,0.317155577008642,1.07895745887725 
 07/29  09:00:00,0.740832543130202,1.00316992212843,0.000000000000000E+000,0.000000000000000E+000,0.000000000000000E+000,0.000000000000000E+000,0.000000000000000E+000,0.000000000000000E+000,6.397178750905712E-002,1.393782258092414E-002,0.375885876628294,0.269925042722327,0.984578102295854 
 07/29  10:00:00,0.756679139852164,0.889918813145042,0.000000000000000E+000,0.000000000000000E+000,0.000000000000000E+000,0.000000000000000E+000,0.000000000000000E+000,0.000000000000000E+000,5.387098907413678E-002,1.173711413578380E-002,0.397685790138072,0.276273232814574,0.870889744492324 
 07/29  11:00:00,0.772636174219814,0.787445570783222,0.000000000000000E+000,0.000000000000000E+000,0.000000000000000E+000,0.000000000000000E+000,0.000000000000000E+000,0.000000000000000E+000,5.387098907413678E-002,1.173711413578380E-002,0.413558181971159,0.276357875349137,0.768410672146238 
 07/29  12:00:00,0.752760578513620,0.708567123118248,0.000000000000000E+000,0.000000000000000E+000,0.000000000000000E+000,0.000000000000000E+000,0.000000000000000E+000,0.000000000000000E+000,5.387098907413678E-002,1.173711413578380E-002,0.398337925665944,0.271702535948156,0.689852873616035 
 07/29  13:00:00,0.726851467119164,0.661053898627118,0.000000000000000E+000,0.000000000000000E+000,0.000000000000000E+000,0.000000000000000E+000,0.000000000000000E+000,0.000000000000000E+000,5.387098907413678E-002,1.173711413578380E-002,0.363033492934962,0.281097857284681,0.641692520871089 
 07/29  14:00:00,0.746889741558007,0.616226418510288,0.000000000000000E+000,0.000000000000000E+000,2.535381196956263E-002,8.132616343011842E-003,3.348642831257456E-002,8.132616343011842E-003,5.387098907413678E-002,1.173711413578380E-002,0.333757185097896,0.296926011248016,0.595774833696030 
 07/29  15:00:00,0.976203841808765,0.622698632727330,0.000000000000000E+000,0.000000000000000E+000,0.183661143374675,5.778728946130708E-002,0.241448432835982,5.778728946130708E-002,5.387098907413678E-002,1.173711413578380E-002,0.338603986585406,0.313431305487858,0.601110200980696 
 07/29  16:00:00,1.24926549302309,0.685604394903263,0.000000000000000E+000,0.000000000000000E+000,0.312982683942238,9.934953944724770E-002,0.412332223389487,9.934953944724770E-002,5.723791909934670E-002,1.247068240331294E-002,0.379378353054140,0.370734301387204,0.660069063806787 
 07/29  17:00:00,1.62744766852859,0.809771258944033,0.000000000000000E+000,0.000000000000000E+000,0.471598760095998,0.150669024238535,0.622267784334535,0.150669024238535,6.733872589355760E-002,1.467139266972975E-002,0.455674825529913,0.450382926411258,0.778749912650801 
 07/29  18:00:00,1.67650636225260,0.930239134541407,0.000000000000000E+000,0.000000000000000E+000,0.447542317388348,0.144191240442511,0.591733557830859,0.144191240442511,0.107741978148274,2.347423191412051E-002,0.417464634497629,0.488979922172116,0.896559315421692 
 07/29  19:00:00,1.60688998044398,0.957039424913377,0.000000000000000E+000,0.000000000000000E+000,0.361065704548499,0.124329334413387,0.485395038961887,0.124329334413387,0.205383090987301,4.474774263416546E-002,0.349528660570141,0.504723433600890,0.922275228719701 
 07/29  20:00:00,1.64665476845046,0.894896368783131,0.000000000000000E+000,0.000000000000000E+000,0.248719149899149,9.070587294029946E-002,0.339425022839448,9.070587294029946E-002,0.370362971516340,8.069265513032245E-002,0.316986952088389,0.522075153186363,0.858937025814390 
 07/29  21:00:00,1.64775792396998,0.809309342087842,0.000000000000000E+000,0.000000000000000E+000,0.120265848596018,4.568416071848628E-002,0.165950009314504,4.568416071848628E-002,0.535342852045378,0.116637567626479,0.302828853084766,0.509886628209248,0.774189516853782 
 07/29  22:00:00,1.30521137738648,0.675856899268453,0.000000000000000E+000,0.000000000000000E+000,4.100833577409432E-002,1.557479052007995E-002,5.658312629417427E-002,1.557479052007995E-002,0.447802520922691,9.756475988774546E-002,0.244907423913850,0.441241532678422,0.645465191276229 
 07/29  23:00:00,0.940370473862924,0.528863960735630,0.000000000000000E+000,0.000000000000000E+000,0.000000000000000E+000,0.000000000000000E+000,0.000000000000000E+000,0.000000000000000E+000,0.309758114032493,6.748840081692746E-002,0.162581263752207,0.383430681571697,0.502454131998862 
 07/29  24:00:00,0.635646520049537,0.372442293846247,0.000000000000000E+000,0.000000000000000E+000,0.000000000000000E+000,0.000000000000000E+000,0.000000000000000E+000,0.000000000000000E+000,0.161612925425957,3.521133876479848E-002,0.104554665160539,0.317155577008642,0.350597342791791 
 07/30  01:00:00,0.515547781631398,0.304704591463400,0.000000000000000E+000,0.000000000000000E+000,0.000000000000000E+000,0.000000000000000E+000,0.000000000000000E+000,0.000000000000000E+000,9.764119643193464E-002,2.127351072004496E-002,8.750431654647417E-002,0.292016744243345,0.284591145736721 
 07/30  02:00:00,0.457980908790631,0.286698473620270,0.000000000000000E+000,0.000000000000000E+000,0.000000000000000E+000,0.000000000000000E+000,0.000000000000000E+000,0.000000000000000E+000,6.397178750905712E-002,1.393782258092414E-002,7.432824215023587E-002,0.288631042860813,0.266818227264337 
 07/30  03:00:00,0.445182759460584,0.291518547557771,0.000000000000000E+000,0.000000000000000E+000,0.000000000000000E+000,0.000000000000000E+000,0.000000000000000E+000,0.000000000000000E+000,6.397178750905712E-002,1.393782258092414E-002,6.559293447922755E-002,0.284568201201776,0.271918140446730 
 07/30  04:00:00,0.445112273590970,0.343758882468661,0.000000000000000E+000,0.000000000000000E+000,0.000000000000000E+000,0.000000000000000E+000,0.000000000000000E+000,0.000000000000000E+000,6.397178750905712E-002,1.393782258092414E-002,7.627205049915019E-002,0.273818599312238,0.324898883359735 
 07/30  05:00:00,0.494238805184528,0.575157830234304,0.000000000000000E+000,0.000000000000000E+000,0.000000000000000E+000,0.000000000000000E+000,0.000000000000000E+000,0.000000000000000E+000,6.733872589355760E-002,1.467139266972975E-002,8.955712315816899E-002,0.305559549773472,0.554111587024651 
 07/30  06:00:00,0.631427594227707,1.00787977277469,0.000000000000000E+000,0.000000000000000E+000,0.000000000000000E+000,0.000000000000000E+000,0.000000000000000E+000,0.000000000000000E+000,9.427424132885273E-002,2.053995520145101E-002,0.146457372344328,0.353044011663478,0.983562908390353 
 07/30  07:00:00,0.826331145334135,1.12989706300841,0.000000000000000E+000,0.000000000000000E+000,0.000000000000000E+000,0.000000000000000E+000,0.000000000000000E+000,0.000000000000000E+000,0.154879098812700,3.374420951484601E-002,0.230460098132495,0.375135713184494,1.10405857272997 
 07/30  08:00:00,0.780125626630616,1.09955343637146,0.000000000000000E+000,0.000000000000000E+000,0.000000000000000E+000,0.000000000000000E+000,0.000000000000000E+000,0.000000000000000E+000,0.117842759864612,2.567493489543148E-002,0.302340341172329,0.317155577008642,1.07770848531701 
 07/30  09:00:00,0.740832543130202,1.00194890827495,0.000000000000000E+000,0.000000000000000E+000,0.000000000000000E+000,0.000000000000000E+000,0.000000000000000E+000,0.000000000000000E+000,6.397178750905712E-002,1.393782258092414E-002,0.375885876628294,0.269925042722327,0.983357088442378 
 07/30  10:00:00,0.756679139852164,0.888721525776735,0.000000000000000E+000,0.000000000000000E+000,0.000000000000000E+000,0.000000000000000E+000,0.000000000000000E+000,0.000000000000000E+000,5.387098907413678E-002,1.173711413578380E-002,0.397685790138072,0.276273232814574,0.869692457124017 
 07/30  11:00:00,0.772636174219814,0.786222681371603,0.000000000000000E+000,0.000000000000000E+000,0.000000000000000E+000,0.000000000000000E+000,0.000000000000000E+000,0.000000000000000E+000,5.387098907413678E-002,1.173711413578380E-002,0.413558181971159,0.276357875349137,0.767187782734616 
 07/30  12:00:00,0.772907901027518,0.707290780299163,0.000000000000000E+000,0.000000000000000E+000,1.541726628818216E-002,4.730056225715898E-003,2.014732251389806E-002,4.730056225715898E-003,5.387098907413678E-002,1.173711413578380E-002,0.398337925665944,0.271702535948156,0.688576530796948 
 07/30  13:00:00,0.954298382478684,0.659795664455737,0.000000000000000E+000,0.000000000000000E+000,0.175017767751951,5.242914760756953E-002,0.227446915359520,5.242914760756953E-002,5.387098907413678E-002,1.173711413578380E-002,0.363033492934962,0.281097857284681,0.640434286699711 
 07/30  14:00:00,1.18306625540673,0.615166225616509,0.000000000000000E+000,0.000000000000000E+000,0.363465424441912,0.106197517719385,0.469662942161298,0.106197517719385,5.387098907413678E-002,1.173711413578380E-002,0.333757185097896,0.296926011248016,0.594714640802252 
 07/30  15:00:00,1.44064117030398,0.621685541139116,0.000000000000000E+000,0.000000000000000E+000,0.549449822938932,0.156435938392263,0.705885761331193,0.156435938392263,5.387098907413678E-002,1.173711413578380E-002,0.338603986585406,0.313431305487858,0.600097109392481 
 07/30  16:00:00,1.65003066230310,0.684948806675715,0.000000000000000E+000,0.000000000000000E+000,0.623556230398177,0.189541162271316,0.813097392669491,0.189541162271316,5.723791909934670E-002,1.247068240331294E-002,0.379378353054140,0.370734301387204,0.659413475579236 
 07/30  17:00:00,1.92360207260348,0.809212942837236,0.000000000000000E+000,0.000000000000000E+000,0.694294155214213,0.224128033195206,0.918422188409421,0.224128033195206,6.733872589355760E-002,1.467139266972975E-002,0.455674825529913,0.450382926411258,0.778191596544004 
 07/30  18:00:00,1.79884688539505,0.929980548917494,0.000000000000000E+000,0.000000000000000E+000,0.532177546732922,0.181896534240392,0.714074080973313,0.181896534240392,0.107741978148274,2.347423191412051E-002,0.417464634497629,0.488979922172116,0.896300729797777 
 07/30  19:00:00,1.70224407478606,0.956566737570467,0.000000000000000E+000,0.000000000000000E+000,0.429741723576843,0.151007409727114,0.580749133303957,0.151007409727114,0.205383090987301,4.474774263416546E-002,0.349528660570141,0.504723433600890,0.921802541376790 
 07/30  20:00:00,1.75786448527978,0.893956575082846,0.000000000000000E+000,0.000000000000000E+000,0.331406236710722,0.119228502958041,0.450634739668762,0.119228502958041,0.370362971516340,8.069265513032245E-002,0.316986952088389,0.522075153186363,0.857997232114106 
 07/30  21:00:00,1.79331403058663,0.808179562234427,0.000000000000000E+000,0.000000000000000E+000,0.227715663854172,8.379045207697887E-002,0.311506115931152,8.379045207697887E-002,0.535342852045378,0.116637567626479,0.302828853084766,0.509886628209248,0.773059737000367 
 07/30  22:00:00,1.42168282125754,0.675004697217178,0.000000000000000E+000,0.000000000000000E+000,0.126232999560041,4.682157060518985E-002,0.173054570165231,4.682157060518985E-002,0.447802520922691,9.756475988774546E-002,0.244907423913850,0.441241532678422,0.644612989224954 
 07/30  23:00:00,0.983783968293039,0.528232632758974,0.000000000000000E+000,0.000000000000000E+000,3.161510617416248E-002,1.179838825595144E-002,4.341349443011415E-002,1.179838825595144E-002,0.309758114032493,6.748840081692746E-002,0.162581263752207,0.383430681571697,0.501822804022205 
 07/30  24:00:00,0.635646520049537,0.372027998376477,0.000000000000000E+000,0.000000000000000E+000,0.000000000000000E+000,0.000000000000000E+000,0.000000000000000E+000,0.000000000000000E+000,0.161612925425957,3.521133876479848E-002,0.104554665160539,0.317155577008642,0.350183047322025 
 07/31  01:00:00,0.511600754398437,0.298395710636997,0.000000000000000E+000,0.000000000000000E+000,0.000000000000000E+000,0.000000000000000E+000,0.000000000000000E+000,0.000000000000000E+000,9.764119643193464E-002,2.127351072004496E-002,8.355728931351325E-002,0.292016744243345,0.278282264910317 
 07/31  02:00:00,0.455369668274410,0.282178112124201,0.000000000000000E+000,0.000000000000000E+000,0.000000000000000E+000,0.000000000000000E+000,0.000000000000000E+000,0.000000000000000E+000,6.397178750905712E-002,1.393782258092414E-002,7.171700163401486E-002,0.288631042860813,0.262297865768267 
 07/31  03:00:00,0.443817354196285,0.286656296633773,0.000000000000000E+000,0.000000000000000E+000,0.000000000000000E+000,0.000000000000000E+000,0.000000000000000E+000,0.000000000000000E+000,6.397178750905712E-002,1.393782258092414E-002,6.422752921492920E-002,0.284568201201776,0.267055889522732 
 07/31  04:00:00,0.442441115838571,0.334101030276472,0.000000000000000E+000,0.000000000000000E+000,0.000000000000000E+000,0.000000000000000E+000,0.000000000000000E+000,0.000000000000000E+000,6.397178750905712E-002,1.393782258092414E-002,7.360089274675015E-002,0.273818599312238,0.315241031167545 
 07/31  05:00:00,0.490142109307002,0.546750191482520,0.000000000000000E+000,0.000000000000000E+000,0.000000000000000E+000,0.000000000000000E+000,0.000000000000000E+000,0.000000000000000E+000,6.733872589355760E-002,1.467139266972975E-002,8.546042728064268E-002,0.305559549773472,0.525703948272864 
 07/31  06:00:00,0.620802073509795,0.942218212662731,0.000000000000000E+000,0.000000000000000E+000,0.000000000000000E+000,0.000000000000000E+000,0.000000000000000E+000,0.000000000000000E+000,9.427424132885273E-002,2.053995520145101E-002,0.135831851626414,0.353044011663478,0.917901348278391 
 07/31  07:00:00,0.805169766485476,1.05045158920945,0.000000000000000E+000,0.000000000000000E+000,0.000000000000000E+000,0.000000000000000E+000,0.000000000000000E+000,0.000000000000000E+000,0.154879098812700,3.374420951484601E-002,0.209298719283835,0.375135713184494,1.02461309893100 
 07/31  08:00:00,0.747688299788583,1.01746063961783,0.000000000000000E+000,0.000000000000000E+000,0.000000000000000E+000,0.000000000000000E+000,0.000000000000000E+000,0.000000000000000E+000,0.117842759864612,2.567493489543148E-002,0.269903014330297,0.317155577008642,0.995615688563378 
 07/31  09:00:00,0.695801448639472,0.927188925446527,0.000000000000000E+000,0.000000000000000E+000,0.000000000000000E+000,0.000000000000000E+000,0.000000000000000E+000,0.000000000000000E+000,6.397178750905712E-002,1.393782258092414E-002,0.330854782137564,0.269925042722327,0.908597105613956 
 07/31  10:00:00,0.705762869829883,0.825366328008695,0.000000000000000E+000,0.000000000000000E+000,0.000000000000000E+000,0.000000000000000E+000,0.000000000000000E+000,0.000000000000000E+000,5.387098907413678E-002,1.173711413578380E-002,0.346769520115789,0.276273232814574,0.806337259355975 
 07/31  11:00:00,0.720147372709796,0.734485775452600,0.000000000000000E+000,0.000000000000000E+000,0.000000000000000E+000,0.000000000000000E+000,0.000000000000000E+000,0.000000000000000E+000,5.387098907413678E-002,1.173711413578380E-002,0.361069380461137,0.276357875349137,0.715450876815613 
 07/31  12:00:00,0.704950034174123,0.663253467857617,0.000000000000000E+000,0.000000000000000E+000,0.000000000000000E+000,0.000000000000000E+000,0.000000000000000E+000,0.000000000000000E+000,5.387098907413678E-002,1.173711413578380E-002,0.350527381326447,0.271702535948156,0.644539218355404 
 07/31  13:00:00,0.683263399734021,0.622174050542428,0.000000000000000E+000,0.000000000000000E+000,0.000000000000000E+000,0.000000000000000E+000,0.000000000000000E+000,0.000000000000000E+000,5.387098907413678E-002,1.173711413578380E-002,0.319445425549819,0.281097857284681,0.602812672786400 
 07/31  14:00:00,0.674277709769767,0.581369498847058,0.000000000000000E+000,0.000000000000000E+000,0.000000000000000E+000,0.000000000000000E+000,0.000000000000000E+000,0.000000000000000E+000,5.387098907413678E-002,1.173711413578380E-002,0.294631581622230,0.296926011248016,0.560917914032803 
 07/31  15:00:00,0.697696406470343,0.587917868887933,0.000000000000000E+000,0.000000000000000E+000,0.000000000000000E+000,0.000000000000000E+000,0.000000000000000E+000,0.000000000000000E+000,5.387098907413678E-002,1.173711413578380E-002,0.301544984082964,0.313431305487858,0.566329437141298 
 07/31  16:00:00,0.801015321651545,0.642496966534884,0.000000000000000E+000,0.000000000000000E+000,0.000000000000000E+000,0.000000000000000E+000,0.000000000000000E+000,0.000000000000000E+000,5.723791909934670E-002,1.247068240331294E-002,0.343460405072082,0.370734301387204,0.616961635438408 
 07/31  17:00:00,0.969827925697337,0.756906009231081,0.000000000000000E+000,0.000000000000000E+000,0.000000000000000E+000,0.000000000000000E+000,0.000000000000000E+000,0.000000000000000E+000,6.733872589355760E-002,1.467139266972975E-002,0.420322867033191,0.450382926411258,0.725884662937846 
 07/31  18:00:00,1.05046246143394,0.860649694588635,0.000000000000000E+000,0.000000000000000E+000,0.000000000000000E+000,0.000000000000000E+000,0.000000000000000E+000,0.000000000000000E+000,0.107741978148274,2.347423191412051E-002,0.383154291509830,0.488979922172116,0.826969875468918 
 07/31  19:00:00,1.08725015989275,0.878769171481894,0.000000000000000E+000,0.000000000000000E+000,0.000000000000000E+000,0.000000000000000E+000,0.000000000000000E+000,0.000000000000000E+000,0.205383090987301,4.474774263416546E-002,0.315283878980793,0.504723433600890,0.844004975288218 
 07/31  20:00:00,1.27237434739914,0.820213062161172,0.000000000000000E+000,0.000000000000000E+000,0.000000000000000E+000,0.000000000000000E+000,0.000000000000000E+000,0.000000000000000E+000,0.370362971516340,8.069265513032245E-002,0.282131553876513,0.522075153186363,0.784253719192432 
 07/31  21:00:00,1.44620102870169,0.746608760700981,0.000000000000000E+000,0.000000000000000E+000,0.000000000000000E+000,0.000000000000000E+000,0.000000000000000E+000,0.000000000000000E+000,0.535342852045378,0.116637567626479,0.267221967130982,0.509886628209248,0.711488935466921 
 07/31  22:00:00,1.22033501653347,0.626850618891647,0.000000000000000E+000,0.000000000000000E+000,0.000000000000000E+000,0.000000000000000E+000,0.000000000000000E+000,0.000000000000000E+000,0.447802520922691,9.756475988774546E-002,0.216614189355009,0.441241532678422,0.596458910899425 
 07/31  23:00:00,0.924835616099282,0.498727940554117,0.000000000000000E+000,0.000000000000000E+000,0.000000000000000E+000,0.000000000000000E+000,0.000000000000000E+000,0.000000000000000E+000,0.309758114032493,6.748840081692746E-002,0.147046405988563,0.383430681571697,0.472318111817348 
 07/31  24:00:00,0.629072831713790,0.361939339027298,0.000000000000000E+000,0.000000000000000E+000,0.000000000000000E+000,0.000000000000000E+000,0.000000000000000E+000,0.000000000000000E+000,0.161612925425957,3.521133876479848E-002,9.798097682479152E-002,0.317155577008642,0.340094387972845 
 08/01  01:00:00,0.507570896912745,0.299742997741920,0.000000000000000E+000,0.000000000000000E+000,0.000000000000000E+000,0.000000000000000E+000,0.000000000000000E+000,0.000000000000000E+000,9.433225480622347E-002,2.055259486006273E-002,8.355728931351325E-002,0.292016744243345,0.279629552015240 
 08/01  02:00:00,0.455581770210297,0.283235141464385,0.000000000000000E+000,0.000000000000000E+000,0.000000000000000E+000,0.000000000000000E+000,0.000000000000000E+000,0.000000000000000E+000,6.414594497123881E-002,1.397576705462970E-002,7.171700163401486E-002,0.288631042860813,0.263354895108450 
 08/01  03:00:00,0.444029456132172,0.287711604718777,0.000000000000000E+000,0.000000000000000E+000,0.000000000000000E+000,0.000000000000000E+000,0.000000000000000E+000,0.000000000000000E+000,6.414594497123881E-002,1.397576705462970E-002,6.422752921492920E-002,0.284568201201776,0.268111197607735 
 08/01  04:00:00,0.442653217774458,0.334885556553803,0.000000000000000E+000,0.000000000000000E+000,0.000000000000000E+000,0.000000000000000E+000,0.000000000000000E+000,0.000000000000000E+000,6.414594497123881E-002,1.397576705462970E-002,7.360089274675015E-002,0.273818599312238,0.316025557444874 
 08/01  05:00:00,0.490849098792348,0.547167670339681,0.000000000000000E+000,0.000000000000000E+000,0.000000000000000E+000,0.000000000000000E+000,0.000000000000000E+000,0.000000000000000E+000,6.791923683534599E-002,1.479787121328750E-002,8.546042728064268E-002,0.305559549773472,0.526121427130024 
 08/01  06:00:00,0.639254351459105,0.942205394029198,0.000000000000000E+000,0.000000000000000E+000,0.000000000000000E+000,0.000000000000000E+000,0.000000000000000E+000,0.000000000000000E+000,0.109425455699815,2.384101877979976E-002,0.135831851626414,0.353044011663478,0.917888529644858 
 08/01  07:00:00,0.850911563693834,1.05012398946688,0.000000000000000E+000,0.000000000000000E+000,0.000000000000000E+000,0.000000000000000E+000,0.000000000000000E+000,0.000000000000000E+000,0.192437809835845,4.192729570005972E-002,0.209298719283835,0.375135713184494,1.02428549918844 
 08/01  08:00:00,0.787986427726371,1.01643526390489,0.000000000000000E+000,0.000000000000000E+000,0.000000000000000E+000,0.000000000000000E+000,0.000000000000000E+000,0.000000000000000E+000,0.150931674564283,3.288414813354746E-002,0.269903014330297,0.317155577008642,0.994590312850442 
 08/01  09:00:00,0.709799736822377,0.925855991629890,0.000000000000000E+000,0.000000000000000E+000,0.000000000000000E+000,0.000000000000000E+000,0.000000000000000E+000,0.000000000000000E+000,7.546582056356009E-002,1.644207770932665E-002,0.330854782137564,0.269925042722327,0.907264171797315 
 08/01  10:00:00,0.713681082623065,0.823747036791016,0.000000000000000E+000,0.000000000000000E+000,0.000000000000000E+000,0.000000000000000E+000,0.000000000000000E+000,0.000000000000000E+000,6.037265310713190E-002,1.315366289597190E-002,0.346769520115789,0.276273232814574,0.804717968138298 
 08/01  11:00:00,0.728065585502977,0.732512989757642,0.000000000000000E+000,0.000000000000000E+000,0.000000000000000E+000,0.000000000000000E+000,0.000000000000000E+000,0.000000000000000E+000,6.037265310713190E-002,1.315366289597190E-002,0.361069380461137,0.276357875349137,0.713478091120655 
 08/01  12:00:00,0.712868246967308,0.660698176623535,0.000000000000000E+000,0.000000000000000E+000,0.000000000000000E+000,0.000000000000000E+000,0.000000000000000E+000,0.000000000000000E+000,6.037265310713190E-002,1.315366289597190E-002,0.350527381326447,0.271702535948156,0.641983927121320 
 08/01  13:00:00,0.702285657096846,0.619027432788861,0.000000000000000E+000,0.000000000000000E+000,8.622198581168652E-003,2.481845988472358E-003,1.110404456964102E-002,2.481845988472358E-003,6.037265310713190E-002,1.315366289597190E-002,0.319445425549819,0.281097857284681,0.599666055032832 
 08/01  14:00:00,1.02114643179598,0.577923016117507,0.000000000000000E+000,0.000000000000000E+000,0.265520881713826,7.342962751920223E-002,0.338950509233027,7.342962751920223E-002,6.037265310713190E-002,1.315366289597190E-002,0.294631581622230,0.296926011248016,0.557471431303249 
 08/01  15:00:00,1.38165772452122,0.584517703614744,0.000000000000000E+000,0.000000000000000E+000,0.533844397741996,0.142198707515703,0.676043105257699,0.142198707515703,6.037265310713190E-002,1.315366289597190E-002,0.301544984082964,0.313431305487858,0.562929271868110 
 08/01  16:00:00,1.80205563441898,0.639074678212820,0.000000000000000E+000,0.000000000000000E+000,0.786134450252676,0.206492751991545,0.992627202244221,0.206492751991545,6.414594497123881E-002,1.397576705462970E-002,0.343460405072082,0.370734301387204,0.613539347116341 
 08/01  17:00:00,2.57600599628514,0.753444942172777,0.000000000000000E+000,0.000000000000000E+000,1.25691983293084,0.330169665901838,1.58708949883267,0.330169665901838,8.301240429177419E-002,1.808628602664225E-002,0.420322867033191,0.450382926411258,0.722423595879545 
 08/01  18:00:00,2.44547838730898,0.857527027925887,0.000000000000000E+000,0.000000000000000E+000,1.06825487468072,0.287947638956107,1.35620251363683,0.287947638956107,0.139611773894090,3.041784840650926E-002,0.383154291509830,0.488979922172116,0.823847208806173 
 08/01  19:00:00,2.35994872440914,0.875711724839939,0.000000000000000E+000,0.000000000000000E+000,0.925628967419015,0.266331998524306,1.19196096594332,0.266331998524306,0.271676947341384,5.919148485314999E-002,0.315283878980793,0.504723433600890,0.840947528646262 
 08/01  20:00:00,2.34710826727004,0.817407187780102,0.000000000000000E+000,0.000000000000000E+000,0.730884895308696,0.229671113478428,0.960556008787123,0.229671113478428,0.464114757177228,0.101118780553210,0.282131553876513,0.522075153186363,0.781447844811362 
 08/01  21:00:00,2.44261971773099,0.743609762687740,0.000000000000000E+000,0.000000000000000E+000,0.704002248812490,0.218324512264294,0.922326761076785,0.218324512264294,0.596179930624524,0.129892416999850,0.267221967130982,0.509886628209248,0.708489937453680 
 08/01  22:00:00,1.93624303383239,0.624116212832907,0.000000000000000E+000,0.000000000000000E+000,0.542300424213781,0.176718367181803,0.719018791395584,0.176718367181803,0.445248256060239,9.700825065353844E-002,0.216614189355009,0.441241532678422,0.593724504840685 
 08/01  23:00:00,1.54927408266286,0.495957897293617,0.000000000000000E+000,0.000000000000000E+000,0.473969498691373,0.150893090299440,0.624862588990813,0.150893090299440,0.309409865982456,6.741252643972800E-002,0.147046405988563,0.383430681571697,0.469548068556849 
 08/01  24:00:00,1.09977977820177,0.359186077731030,0.000000000000000E+000,0.000000000000000E+000,0.359002797462500,0.115521861704653,0.474524659167154,0.115521861704653,0.158478191418172,3.452836009341598E-002,9.798097682479152E-002,0.317155577008642,0.337341126676577 
 08/02  01:00:00,0.840612742502617,0.296992704884363,0.000000000000000E+000,0.000000000000000E+000,0.250544914455976,8.249693113389515E-002,0.333041845589872,8.249693113389515E-002,9.433225480622347E-002,2.055259486006273E-002,8.355728931351325E-002,0.292016744243345,0.276879259157685 
 08/02  02:00:00,0.702741119811263,0.280472863644934,0.000000000000000E+000,0.000000000000000E+000,0.185372901942841,6.178644765812553E-002,0.247159349600966,6.178644765812553E-002,6.414594497123881E-002,1.397576705462970E-002,7.171700163401486E-002,0.288631042860813,0.260592617289000 
 08/02  03:00:00,0.651945919452557,0.284730044149228,0.000000000000000E+000,0.000000000000000E+000,0.155939940771344,5.197652254903810E-002,0.207916463320382,5.197652254903810E-002,6.414594497123881E-002,1.397576705462970E-002,6.422752921492920E-002,0.284568201201776,0.265129637038188 
 08/02  04:00:00,0.599228279997610,0.331451752436365,0.000000000000000E+000,0.000000000000000E+000,0.117140438815902,3.943462340725126E-002,0.156575062223153,3.943462340725126E-002,6.414594497123881E-002,1.397576705462970E-002,7.360089274675015E-002,0.273818599312238,0.312591753327436 
 08/02  05:00:00,0.617082731862704,0.543402857086280,0.000000000000000E+000,0.000000000000000E+000,9.416240838529061E-002,3.207122468506533E-002,0.126233633070356,3.207122468506533E-002,6.791923683534599E-002,1.479787121328750E-002,8.546042728064268E-002,0.305559549773472,0.522356613876623 
 08/02  06:00:00,0.809826779427391,0.937923062612739,0.000000000000000E+000,0.000000000000000E+000,0.127612387355115,4.296004061317222E-002,0.170572427968287,4.296004061317222E-002,0.109425455699815,2.384101877979976E-002,0.135831851626414,0.353044011663478,0.913606198228399 
 08/02  07:00:00,1.06480631926478,1.04561634887007,0.000000000000000E+000,0.000000000000000E+000,0.160024414495969,5.387034107498143E-002,0.213894755570951,5.387034107498143E-002,0.192437809835845,4.192729570005972E-002,0.209298719283835,0.375135713184494,1.01977785859162 
 08/02  08:00:00,1.00172630475548,1.01210580139381,0.000000000000000E+000,0.000000000000000E+000,0.161704474787540,5.203540224156793E-002,0.213739877029108,5.203540224156793E-002,0.150931674564283,3.288414813354746E-002,0.269903014330297,0.317155577008642,0.990260850339358 
 08/02  09:00:00,0.977184087619925,0.921499139189424,0.000000000000000E+000,0.000000000000000E+000,0.204087761553574,6.329658924397449E-002,0.267384350797548,6.329658924397449E-002,7.546582056356009E-002,1.644207770932665E-002,0.330854782137564,0.269925042722327,0.902907319356853 
 08/02  10:00:00,1.27607093800006,0.819480817722321,0.000000000000000E+000,0.000000000000000E+000,0.432867457672122,0.129522397704874,0.562389855376994,0.129522397704874,6.037265310713190E-002,1.315366289597190E-002,0.346769520115789,0.276273232814574,0.800451749069604 
 08/02  11:00:00,1.30090776627312,0.728844109269388,0.000000000000000E+000,0.000000000000000E+000,0.443440644966910,0.129401535803233,0.572842180770145,0.129401535803233,6.037265310713190E-002,1.315366289597190E-002,0.361069380461137,0.276357875349137,0.709809210632400 
 08/02  12:00:00,1.40628860978997,0.657568144351622,0.000000000000000E+000,0.000000000000000E+000,0.539829282071075,0.153591080751593,0.693420362822666,0.153591080751593,6.037265310713190E-002,1.315366289597190E-002,0.350527381326447,0.271702535948156,0.638853894849410 
 08/02  13:00:00,1.52158700890809,0.616551399551881,0.000000000000000E+000,0.000000000000000E+000,0.648450004389980,0.181955391990909,0.830405396380888,0.181955391990909,6.037265310713190E-002,1.315366289597190E-002,0.319445425549819,0.281097857284681,0.597190021795852 
 08/02  14:00:00,1.66564480264155,0.575981763389859,0.000000000000000E+000,0.000000000000000E+000,0.770285662653762,0.213163217424839,0.983448880078600,0.213163217424839,6.037265310713190E-002,1.315366289597190E-002,0.294631581622230,0.296926011248016,0.555530178575601 
 08/02  15:00:00,1.89180741534010,0.582718075710393,0.000000000000000E+000,0.000000000000000E+000,0.931411579517562,0.254781216559017,1.18619279607658,0.254781216559017,6.037265310713190E-002,1.315366289597190E-002,0.301544984082964,0.313431305487858,0.561129643963759 
 08/02  16:00:00,2.05410975020705,0.637618132558845,0.000000000000000E+000,0.000000000000000E+000,0.960979844396277,0.283701473636020,1.24468131803230,0.283701473636020,6.414594497123881E-002,1.397576705462970E-002,0.343460405072082,0.370734301387204,0.612082801462369 
 08/02  17:00:00,2.06833308154152,0.752826584395844,0.000000000000000E+000,0.000000000000000E+000,0.811992644533493,0.267423939555559,1.07941658408905,0.267423939555559,8.301240429177419E-002,1.808628602664225E-002,0.420322867033191,0.450382926411258,0.721805238102612 
 08/02  18:00:00,2.05307821763479,0.856589602174336,0.000000000000000E+000,0.000000000000000E+000,0.722820679336645,0.240981664626003,0.963802343962647,0.240981664626003,0.139611773894090,3.041784840650926E-002,0.383154291509830,0.488979922172116,0.822909783054619 
 08/02  19:00:00,1.98958500590448,0.874440387731975,0.000000000000000E+000,0.000000000000000E+000,0.612817038023797,0.208780209414870,0.821597247438669,0.208780209414870,0.271676947341384,5.919148485314999E-002,0.315283878980793,0.504723433600890,0.839676191538302 
 08/02  20:00:00,2.05504709402465,0.815816148335555,0.000000000000000E+000,0.000000000000000E+000,0.494617102499382,0.173877733042358,0.668494835541740,0.173877733042358,0.464114757177228,0.101118780553210,0.282131553876513,0.522075153186363,0.779856805366815 
 08/02  21:00:00,2.08277206784708,0.742138413120383,0.000000000000000E+000,0.000000000000000E+000,0.415237009009825,0.147242102183046,0.562479111192871,0.147242102183046,0.596179930624524,0.129892416999850,0.267221967130982,0.509886628209248,0.707018587886323 
 08/02  22:00:00,1.63376328511487,0.622569169310498,0.000000000000000E+000,0.000000000000000E+000,0.306688398702914,0.109850643975150,0.416539042678062,0.109850643975150,0.445248256060239,9.700825065353844E-002,0.216614189355009,0.441241532678422,0.592177461318273 
 08/02  23:00:00,1.18813455471814,0.494662811883027,0.000000000000000E+000,0.000000000000000E+000,0.193760364437165,6.996269660893389E-002,0.263723061046098,6.996269660893389E-002,0.309409865982456,6.741252643972800E-002,0.147046405988563,0.383430681571697,0.468252983146259 
 08/02  24:00:00,0.747304606396671,0.358043910895363,0.000000000000000E+000,0.000000000000000E+000,8.944889306671221E-002,3.260059429533624E-002,0.122049487362048,3.260059429533624E-002,0.158478191418172,3.452836009341598E-002,9.798097682479152E-002,0.317155577008642,0.336198959840911 
 08/03  01:00:00,0.547558672330196,0.295849595411934,0.000000000000000E+000,0.000000000000000E+000,2.930598083285536E-002,1.068179458459455E-002,3.998777541745002E-002,1.068179458459455E-002,9.433225480622347E-002,2.055259486006273E-002,8.355728931351325E-002,0.292016744243345,0.275736149685256 
 08/03  02:00:00,0.455581770210297,0.279264145422624,0.000000000000000E+000,0.000000000000000E+000,0.000000000000000E+000,0.000000000000000E+000,0.000000000000000E+000,0.000000000000000E+000,6.414594497123881E-002,1.397576705462970E-002,7.171700163401486E-002,0.288631042860813,0.259383899066690 
 08/03  03:00:00,0.444029456132172,0.283738280665157,0.000000000000000E+000,0.000000000000000E+000,0.000000000000000E+000,0.000000000000000E+000,0.000000000000000E+000,0.000000000000000E+000,6.414594497123881E-002,1.397576705462970E-002,6.422752921492920E-002,0.284568201201776,0.264137873554117 
 08/03  04:00:00,0.442653217774458,0.330899182376765,0.000000000000000E+000,0.000000000000000E+000,0.000000000000000E+000,0.000000000000000E+000,0.000000000000000E+000,0.000000000000000E+000,6.414594497123881E-002,1.397576705462970E-002,7.360089274675015E-002,0.273818599312238,0.312039183267836 
 08/03  05:00:00,0.490849098792348,0.542960860828349,0.000000000000000E+000,0.000000000000000E+000,0.000000000000000E+000,0.000000000000000E+000,0.000000000000000E+000,0.000000000000000E+000,6.791923683534599E-002,1.479787121328750E-002,8.546042728064268E-002,0.305559549773472,0.521914617618696 
 08/03  06:00:00,0.639254351459105,0.937391434433389,0.000000000000000E+000,0.000000000000000E+000,0.000000000000000E+000,0.000000000000000E+000,0.000000000000000E+000,0.000000000000000E+000,0.109425455699815,2.384101877979976E-002,0.135831851626414,0.353044011663478,0.913074570049049 
 08/03  07:00:00,0.850911563693834,1.04540464227131,0.000000000000000E+000,0.000000000000000E+000,0.000000000000000E+000,0.000000000000000E+000,0.000000000000000E+000,0.000000000000000E+000,0.192437809835845,4.192729570005972E-002,0.209298719283835,0.375135713184494,1.01956615199286 
 08/03  08:00:00,0.787986427726371,1.01175292208460,0.000000000000000E+000,0.000000000000000E+000,0.000000000000000E+000,0.000000000000000E+000,0.000000000000000E+000,0.000000000000000E+000,0.150931674564283,3.288414813354746E-002,0.269903014330297,0.317155577008642,0.989907971030146 
 08/03  09:00:00,0.709799736822377,0.921581251657462,0.000000000000000E+000,0.000000000000000E+000,0.000000000000000E+000,0.000000000000000E+000,0.000000000000000E+000,0.000000000000000E+000,7.546582056356009E-002,1.644207770932665E-002,0.330854782137564,0.269925042722327,0.902989431824887 
 08/03  10:00:00,0.713681082623065,0.819798129371595,0.000000000000000E+000,0.000000000000000E+000,0.000000000000000E+000,0.000000000000000E+000,0.000000000000000E+000,0.000000000000000E+000,6.037265310713190E-002,1.315366289597190E-002,0.346769520115789,0.276273232814574,0.800769060718878 
 08/03  11:00:00,0.728065585502977,0.728766616104579,0.000000000000000E+000,0.000000000000000E+000,0.000000000000000E+000,0.000000000000000E+000,0.000000000000000E+000,0.000000000000000E+000,6.037265310713190E-002,1.315366289597190E-002,0.361069380461137,0.276357875349137,0.709731717467592 
 08/03  12:00:00,0.712868246967308,0.657545599706623,0.000000000000000E+000,0.000000000000000E+000,0.000000000000000E+000,0.000000000000000E+000,0.000000000000000E+000,0.000000000000000E+000,6.037265310713190E-002,1.315366289597190E-002,0.350527381326447,0.271702535948156,0.638831350204410 
 08/03  13:00:00,0.691181612527203,0.616492961928500,0.000000000000000E+000,0.000000000000000E+000,0.000000000000000E+000,0.000000000000000E+000,0.000000000000000E+000,0.000000000000000E+000,6.037265310713190E-002,1.315366289597190E-002,0.319445425549819,0.281097857284681,0.597131584172471 
 08/03  14:00:00,0.682195922562949,0.575971224665375,0.000000000000000E+000,0.000000000000000E+000,0.000000000000000E+000,0.000000000000000E+000,0.000000000000000E+000,0.000000000000000E+000,6.037265310713190E-002,1.315366289597190E-002,0.294631581622230,0.296926011248016,0.555519639851117 
 08/03  15:00:00,0.705614619263524,0.582682666895355,0.000000000000000E+000,0.000000000000000E+000,0.000000000000000E+000,0.000000000000000E+000,0.000000000000000E+000,0.000000000000000E+000,6.037265310713190E-002,1.315366289597190E-002,0.301544984082964,0.313431305487858,0.561094235148721 
 08/03  16:00:00,0.872609638551744,0.637075022036893,0.000000000000000E+000,0.000000000000000E+000,4.651771418688214E-002,1.666349219010731E-002,6.318120637698967E-002,1.666349219010731E-002,6.414594497123881E-002,1.397576705462970E-002,0.343460405072082,0.370734301387204,0.611539690940414 
 08/03  17:00:00,1.10990612470232,0.751154347087161,0.000000000000000E+000,0.000000000000000E+000,8.908399181736339E-002,3.190563543249209E-002,0.120989627249855,3.190563543249209E-002,8.301240429177419E-002,1.808628602664225E-002,0.420322867033191,0.450382926411258,0.720133000793929 
 08/03  18:00:00,1.27719257184509,0.854745990453959,0.000000000000000E+000,0.000000000000000E+000,0.137731040080454,5.018565809248769E-002,0.187916698172942,5.018565809248769E-002,0.139611773894090,3.041784840650926E-002,0.383154291509830,0.488979922172116,0.821066171334245 
 08/03  19:00:00,1.35284552895138,0.872949504472342,0.000000000000000E+000,0.000000000000000E+000,0.134916937711861,4.994083277370425E-002,0.184857770485565,4.994083277370425E-002,0.271676947341384,5.919148485314999E-002,0.315283878980793,0.504723433600890,0.838185308278666 
 08/03  20:00:00,1.54362747030366,0.814552182142338,0.000000000000000E+000,0.000000000000000E+000,0.114203113374479,4.287209844626660E-002,0.157075211820746,4.287209844626660E-002,0.464114757177228,0.101118780553210,0.282131553876513,0.522075153186363,0.778592839173601 
 08/03  21:00:00,1.63015499459106,0.741198234377835,0.000000000000000E+000,0.000000000000000E+000,7.960848098243273E-002,3.025355695441953E-002,0.109862037936852,3.025355695441953E-002,0.596179930624524,0.129892416999850,0.267221967130982,0.509886628209248,0.706078409143773 
 08/03  22:00:00,1.25752740963218,0.621815167834186,0.000000000000000E+000,0.000000000000000E+000,2.920328830137861E-002,1.109987889398759E-002,4.030316719536629E-002,1.109987889398759E-002,0.445248256060239,9.700825065353844E-002,0.216614189355009,0.441241532678422,0.591423459841962 
 08/03  23:00:00,0.924411493672042,0.494103415184733,0.000000000000000E+000,0.000000000000000E+000,0.000000000000000E+000,0.000000000000000E+000,0.000000000000000E+000,0.000000000000000E+000,0.309409865982456,6.741252643972800E-002,0.147046405988563,0.383430681571697,0.467693586447964 
 08/03  24:00:00,0.625255119034623,0.357754149835783,0.000000000000000E+000,0.000000000000000E+000,0.000000000000000E+000,0.000000000000000E+000,0.000000000000000E+000,0.000000000000000E+000,0.158478191418172,3.452836009341598E-002,9.798097682479152E-002,0.317155577008642,0.335909198781327 
 08/04  01:00:00,0.507570896912745,0.295845896239886,0.000000000000000E+000,0.000000000000000E+000,0.000000000000000E+000,0.000000000000000E+000,0.000000000000000E+000,0.000000000000000E+000,9.433225480622347E-002,2.055259486006273E-002,8.355728931351325E-002,0.292016744243345,0.275732450513208 
 08/04  02:00:00,0.455581770210297,0.279607625057996,0.000000000000000E+000,0.000000000000000E+000,0.000000000000000E+000,0.000000000000000E+000,0.000000000000000E+000,0.000000000000000E+000,6.414594497123881E-002,1.397576705462970E-002,7.171700163401486E-002,0.288631042860813,0.259727378702062 
 08/04  03:00:00,0.444029456132172,0.284128467222428,0.000000000000000E+000,0.000000000000000E+000,0.000000000000000E+000,0.000000000000000E+000,0.000000000000000E+000,0.000000000000000E+000,6.414594497123881E-002,1.397576705462970E-002,6.422752921492920E-002,0.284568201201776,0.264528060111388 
 08/04  04:00:00,0.442653217774458,0.331125540469959,0.000000000000000E+000,0.000000000000000E+000,0.000000000000000E+000,0.000000000000000E+000,0.000000000000000E+000,0.000000000000000E+000,6.414594497123881E-002,1.397576705462970E-002,7.360089274675015E-002,0.273818599312238,0.312265541361030 
 08/04  05:00:00,0.490849098792348,0.542871948884898,0.000000000000000E+000,0.000000000000000E+000,0.000000000000000E+000,0.000000000000000E+000,0.000000000000000E+000,0.000000000000000E+000,6.791923683534599E-002,1.479787121328750E-002,8.546042728064268E-002,0.305559549773472,0.521825705675244 
 08/04  06:00:00,0.639254351459105,0.936743421831571,0.000000000000000E+000,0.000000000000000E+000,0.000000000000000E+000,0.000000000000000E+000,0.000000000000000E+000,0.000000000000000E+000,0.109425455699815,2.384101877979976E-002,0.135831851626414,0.353044011663478,0.912426557447229 
 08/04  07:00:00,0.850911563693834,1.04433645703807,0.000000000000000E+000,0.000000000000000E+000,0.000000000000000E+000,0.000000000000000E+000,0.000000000000000E+000,0.000000000000000E+000,0.192437809835845,4.192729570005972E-002,0.209298719283835,0.375135713184494,1.01849796675962 
 08/04  08:00:00,0.787986427726371,1.01091323812036,0.000000000000000E+000,0.000000000000000E+000,0.000000000000000E+000,0.000000000000000E+000,0.000000000000000E+000,0.000000000000000E+000,0.150931674564283,3.288414813354746E-002,0.269903014330297,0.317155577008642,0.989068287065911 
 08/04  09:00:00,0.709799736822377,0.920337621332055,0.000000000000000E+000,0.000000000000000E+000,0.000000000000000E+000,0.000000000000000E+000,0.000000000000000E+000,0.000000000000000E+000,7.546582056356009E-002,1.644207770932665E-002,0.330854782137564,0.269925042722327,0.901745801499483 
 08/04  10:00:00,0.713681082623065,0.818335016902009,0.000000000000000E+000,0.000000000000000E+000,0.000000000000000E+000,0.000000000000000E+000,0.000000000000000E+000,0.000000000000000E+000,6.037265310713190E-002,1.315366289597190E-002,0.346769520115789,0.276273232814574,0.799305948249289 
 08/04  11:00:00,0.728065585502977,0.727564219339824,0.000000000000000E+000,0.000000000000000E+000,0.000000000000000E+000,0.000000000000000E+000,0.000000000000000E+000,0.000000000000000E+000,6.037265310713190E-002,1.315366289597190E-002,0.361069380461137,0.276357875349137,0.708529320702839 
 08/04  12:00:00,0.712868246967308,0.656468114744299,0.000000000000000E+000,0.000000000000000E+000,0.000000000000000E+000,0.000000000000000E+000,0.000000000000000E+000,0.000000000000000E+000,6.037265310713190E-002,1.315366289597190E-002,0.350527381326447,0.271702535948156,0.637753865242084 
 08/04  13:00:00,0.691181612527203,0.615253158609969,0.000000000000000E+000,0.000000000000000E+000,0.000000000000000E+000,0.000000000000000E+000,0.000000000000000E+000,0.000000000000000E+000,6.037265310713190E-002,1.315366289597190E-002,0.319445425549819,0.281097857284681,0.595891780853940 
 08/04  14:00:00,0.768068232618058,0.574183076649505,0.000000000000000E+000,0.000000000000000E+000,6.571240863705236E-002,2.015990141805670E-002,8.587231005510891E-002,2.015990141805670E-002,6.037265310713190E-002,1.315366289597190E-002,0.294631581622230,0.296926011248016,0.553731491835247 
 08/04  15:00:00,0.948010340427066,0.580862055380773,0.000000000000000E+000,0.000000000000000E+000,0.185013880348202,5.738184081533787E-002,0.242395721163540,5.738184081533787E-002,6.037265310713190E-002,1.315366289597190E-002,0.301544984082964,0.313431305487858,0.559273623634138 
 08/04  16:00:00,1.34902303111241,0.635101002151642,0.000000000000000E+000,0.000000000000000E+000,0.416627032189812,0.122967566747848,0.539594598937659,0.122967566747848,6.414594497123881E-002,1.397576705462970E-002,0.343460405072082,0.370734301387204,0.609565671055163 
 08/04  17:00:00,1.79388557215123,0.749322798389662,0.000000000000000E+000,0.000000000000000E+000,0.617964312727138,0.187004761971627,0.804969074698764,0.187004761971627,8.301240429177419E-002,1.808628602664225E-002,0.420322867033191,0.450382926411258,0.718301452096427 
 08/04  18:00:00,1.83579470563578,0.853142353163912,0.000000000000000E+000,0.000000000000000E+000,0.571291642802282,0.175227189161355,0.746518831963638,0.175227189161355,0.139611773894090,3.041784840650926E-002,0.383154291509830,0.488979922172116,0.819462534044194 
 08/04  19:00:00,1.87008463806124,0.871324397002313,0.000000000000000E+000,0.000000000000000E+000,0.532545144039660,0.169551735555763,0.702096879595424,0.169551735555763,0.271676947341384,5.919148485314999E-002,0.315283878980793,0.504723433600890,0.836560200808636 
 08/04  20:00:00,2.04672038569313,0.812840109141450,0.000000000000000E+000,0.000000000000000E+000,0.497902358903843,0.162265768306368,0.660168127210212,0.162265768306368,0.464114757177228,0.101118780553210,0.282131553876513,0.522075153186363,0.776880766172710 
 08/04  21:00:00,2.10676195256299,0.739554394590040,0.000000000000000E+000,0.000000000000000E+000,0.438752351650209,0.147716644258573,0.586468995908782,0.147716644258573,0.596179930624524,0.129892416999850,0.267221967130982,0.509886628209248,0.704434569355980 
 08/04  22:00:00,1.71583528122924,0.620261660176598,0.000000000000000E+000,0.000000000000000E+000,0.373022668789427,0.125588370003002,0.498611038792429,0.125588370003002,0.445248256060239,9.700825065353844E-002,0.216614189355009,0.441241532678422,0.589869952184373 
 08/04  23:00:00,1.28071160243365,0.492679654618297,0.000000000000000E+000,0.000000000000000E+000,0.265126760095146,9.117334866646391E-002,0.356300108761609,9.117334866646391E-002,0.309409865982456,6.741252643972800E-002,0.147046405988563,0.383430681571697,0.466269825881529 
 08/04  24:00:00,0.836264520242867,0.356408463235848,0.000000000000000E+000,0.000000000000000E+000,0.156132062914740,5.487733829350579E-002,0.211009401208245,5.487733829350579E-002,0.158478191418172,3.452836009341598E-002,9.798097682479152E-002,0.317155577008642,0.334563512181396 
 08/05  01:00:00,0.630604676020529,0.300394919737613,0.000000000000000E+000,0.000000000000000E+000,8.791672955565986E-002,3.117002231916374E-002,0.119086751874824,3.117002231916374E-002,9.433225480622347E-002,2.055259486006273E-002,8.750431654647417E-002,0.292016744243345,0.280281474010936 
 08/05  02:00:00,0.488025446763701,0.282356409221330,0.000000000000000E+000,0.000000000000000E+000,2.196565331436615E-002,7.866782722816143E-003,2.983243603718224E-002,7.866782722816143E-003,6.414594497123881E-002,1.397576705462970E-002,7.432824215023587E-002,0.288631042860813,0.262476162865396 
 08/05  03:00:00,0.445394861396471,0.287068401683432,0.000000000000000E+000,0.000000000000000E+000,0.000000000000000E+000,0.000000000000000E+000,0.000000000000000E+000,0.000000000000000E+000,6.414594497123881E-002,1.397576705462970E-002,6.559293447922755E-002,0.284568201201776,0.267467994572392 
 08/05  04:00:00,0.445324375526857,0.338874534749914,0.000000000000000E+000,0.000000000000000E+000,0.000000000000000E+000,0.000000000000000E+000,0.000000000000000E+000,0.000000000000000E+000,6.414594497123881E-002,1.397576705462970E-002,7.627205049915019E-002,0.273818599312238,0.320014535640985 
 08/05  05:00:00,0.494945794669875,0.568841632627831,0.000000000000000E+000,0.000000000000000E+000,0.000000000000000E+000,0.000000000000000E+000,0.000000000000000E+000,0.000000000000000E+000,6.791923683534599E-002,1.479787121328750E-002,8.955712315816899E-002,0.305559549773472,0.547795389418178 
 08/05  06:00:00,0.649879872177018,0.999040834640778,0.000000000000000E+000,0.000000000000000E+000,0.000000000000000E+000,0.000000000000000E+000,0.000000000000000E+000,0.000000000000000E+000,0.109425455699815,2.384101877979976E-002,0.146457372344328,0.353044011663478,0.974723970256438 
 08/05  07:00:00,0.872072942542493,1.12027536970723,0.000000000000000E+000,0.000000000000000E+000,0.000000000000000E+000,0.000000000000000E+000,0.000000000000000E+000,0.000000000000000E+000,0.192437809835845,4.192729570005972E-002,0.230460098132495,0.375135713184494,1.09443687942878 
 08/05  08:00:00,0.820423754568404,1.09007356309166,0.000000000000000E+000,0.000000000000000E+000,0.000000000000000E+000,0.000000000000000E+000,0.000000000000000E+000,0.000000000000000E+000,0.150931674564283,3.288414813354746E-002,0.302340341172329,0.317155577008642,1.06822861203721 
 08/05  09:00:00,0.754830831313107,0.992952522679144,0.000000000000000E+000,0.000000000000000E+000,0.000000000000000E+000,0.000000000000000E+000,0.000000000000000E+000,0.000000000000000E+000,7.546582056356009E-002,1.644207770932665E-002,0.375885876628294,0.269925042722327,0.974360702846569 
 08/05  10:00:00,0.805845106278422,0.880246923699789,0.000000000000000E+000,0.000000000000000E+000,3.102944226355784E-002,1.021831136951631E-002,4.124775363307429E-002,1.021831136951631E-002,6.037265310713190E-002,1.315366289597190E-002,0.397685790138072,0.276273232814574,0.861217855047072 
 08/05  11:00:00,0.871605557362980,0.778688125695341,0.000000000000000E+000,0.000000000000000E+000,6.867267616198643E-002,2.237849418799381E-002,9.105117034998023E-002,2.237849418799381E-002,6.037265310713190E-002,1.315366289597190E-002,0.413558181971159,0.276357875349137,0.759653227058354 
 08/05  12:00:00,0.999372259172059,0.700432436040301,0.000000000000000E+000,0.000000000000000E+000,0.181620706717026,5.707276114822906E-002,0.238693467865255,5.707276114822906E-002,6.037265310713190E-002,1.315366289597190E-002,0.398337925665944,0.271702535948156,0.681718186538085 
 08/05  13:00:00,1.12107560176261,0.653502646917010,0.000000000000000E+000,0.000000000000000E+000,0.294862348636101,9.144357321416144E-002,0.386305921850262,9.144357321416144E-002,6.037265310713190E-002,1.315366289597190E-002,0.363033492934962,0.281097857284681,0.634141269160982 
 08/05  14:00:00,1.26444556052392,0.609330260636513,0.000000000000000E+000,0.000000000000000E+000,0.415647901662653,0.127476132822652,0.543124034485305,0.127476132822652,6.037265310713190E-002,1.315366289597190E-002,0.333757185097896,0.296926011248016,0.588878675822255 
 08/05  15:00:00,1.39903403425426,0.616063251818668,0.000000000000000E+000,0.000000000000000E+000,0.499421005144526,0.156939407343767,0.656360412488293,0.156939407343767,6.037265310713190E-002,1.315366289597190E-002,0.338603986585406,0.313431305487858,0.594474820072034 
 08/05  16:00:00,1.62475151444494,0.678924296677503,0.000000000000000E+000,0.000000000000000E+000,0.594910551262541,0.184494583025592,0.779405134288134,0.184494583025592,6.414594497123881E-002,1.397576705462970E-002,0.379378353054140,0.370734301387204,0.653388965581026 
 08/05  17:00:00,1.95744762881787,0.802219353381141,0.000000000000000E+000,0.000000000000000E+000,0.707832343049049,0.225346829819633,0.933179172868683,0.225346829819633,8.301240429177419E-002,1.808628602664225E-002,0.455674825529913,0.450382926411258,0.771198007087909 
 08/05  18:00:00,1.98625400242463,0.922005455142655,0.000000000000000E+000,0.000000000000000E+000,0.650637429511336,0.212030356253352,0.862667785764688,0.212030356253352,0.139611773894090,3.041784840650926E-002,0.417464634497629,0.488979922172116,0.888325636022940 
 08/05  19:00:00,1.95482774542631,0.948571659842799,0.000000000000000E+000,0.000000000000000E+000,0.563047407412910,0.189547797958232,0.752595205371141,0.189547797958232,0.271676947341384,5.919148485314999E-002,0.349528660570141,0.504723433600890,0.913807463649122 
 08/05  20:00:00,2.03837585297405,0.886452877741801,0.000000000000000E+000,0.000000000000000E+000,0.456536611087408,0.160431585191856,0.616968196279262,0.160431585191856,0.464114757177228,0.101118780553210,0.316986952088389,0.522075153186363,0.850493534773064 
 08/05  21:00:00,2.07260486163005,0.801060588288358,0.000000000000000E+000,0.000000000000000E+000,0.380488265555391,0.136216753466669,0.516705019022060,0.136216753466669,0.596179930624524,0.129892416999850,0.302828853084766,0.509886628209248,0.765940763054298 
 08/05  22:00:00,1.61362012763318,0.668675284283688,0.000000000000000E+000,0.000000000000000E+000,0.269831485559752,9.827116507777944E-002,0.368102650637532,9.827116507777944E-002,0.445248256060239,9.700825065353844E-002,0.244907423913850,0.441241532678422,0.638283576291466 
 08/05  23:00:00,1.16005255670194,0.522697299812278,0.000000000000000E+000,0.000000000000000E+000,0.161031139830790,5.907506543545954E-002,0.220106205266250,5.907506543545954E-002,0.309409865982456,6.741252643972800E-002,0.162581263752207,0.383430681571697,0.496287471075509 
 08/05  24:00:00,0.724894918085026,0.367247107006301,0.000000000000000E+000,0.000000000000000E+000,6.808794438282054E-002,2.497816633183753E-002,9.306611071465817E-002,2.497816633183753E-002,0.158478191418172,3.452836009341598E-002,0.104554665160539,0.317155577008642,0.345402155951848 
 08/06  01:00:00,0.511517924145706,0.299836058861786,0.000000000000000E+000,0.000000000000000E+000,0.000000000000000E+000,0.000000000000000E+000,0.000000000000000E+000,0.000000000000000E+000,9.433225480622347E-002,2.055259486006273E-002,8.750431654647417E-002,0.292016744243345,0.279722613135109 
 08/06  02:00:00,0.458193010726518,0.281841656787962,0.000000000000000E+000,0.000000000000000E+000,0.000000000000000E+000,0.000000000000000E+000,0.000000000000000E+000,0.000000000000000E+000,6.414594497123881E-002,1.397576705462970E-002,7.432824215023587E-002,0.288631042860813,0.261961410432029 
 08/06  03:00:00,0.445394861396471,0.286357456880049,0.000000000000000E+000,0.000000000000000E+000,0.000000000000000E+000,0.000000000000000E+000,0.000000000000000E+000,0.000000000000000E+000,6.414594497123881E-002,1.397576705462970E-002,6.559293447922755E-002,0.284568201201776,0.266757049769008 
 08/06  04:00:00,0.445324375526857,0.338048859671291,0.000000000000000E+000,0.000000000000000E+000,0.000000000000000E+000,0.000000000000000E+000,0.000000000000000E+000,0.000000000000000E+000,6.414594497123881E-002,1.397576705462970E-002,7.627205049915019E-002,0.273818599312238,0.319188860562362 
 08/06  05:00:00,0.494945794669875,0.567799988134299,0.000000000000000E+000,0.000000000000000E+000,0.000000000000000E+000,0.000000000000000E+000,0.000000000000000E+000,0.000000000000000E+000,6.791923683534599E-002,1.479787121328750E-002,8.955712315816899E-002,0.305559549773472,0.546753744924643 
 08/06  06:00:00,0.649879872177018,0.997629764667426,0.000000000000000E+000,0.000000000000000E+000,0.000000000000000E+000,0.000000000000000E+000,0.000000000000000E+000,0.000000000000000E+000,0.109425455699815,2.384101877979976E-002,0.146457372344328,0.353044011663478,0.973312900283086 
 08/06  07:00:00,0.872072942542493,1.11881465366653,0.000000000000000E+000,0.000000000000000E+000,0.000000000000000E+000,0.000000000000000E+000,0.000000000000000E+000,0.000000000000000E+000,0.192437809835845,4.192729570005972E-002,0.230460098132495,0.375135713184494,1.09297616338808 
 08/06  08:00:00,0.820423754568404,1.08876926677693,0.000000000000000E+000,0.000000000000000E+000,0.000000000000000E+000,0.000000000000000E+000,0.000000000000000E+000,0.000000000000000E+000,0.150931674564283,3.288414813354746E-002,0.302340341172329,0.317155577008642,1.06692431572247 
 08/06  09:00:00,0.754830831313107,0.992024343593193,0.000000000000000E+000,0.000000000000000E+000,0.000000000000000E+000,0.000000000000000E+000,0.000000000000000E+000,0.000000000000000E+000,7.546582056356009E-002,1.644207770932665E-002,0.375885876628294,0.269925042722327,0.973432523760621 
 08/06  10:00:00,0.764597352645348,0.879740858698718,0.000000000000000E+000,0.000000000000000E+000,0.000000000000000E+000,0.000000000000000E+000,0.000000000000000E+000,0.000000000000000E+000,6.037265310713190E-002,1.315366289597190E-002,0.397685790138072,0.276273232814574,0.860711790046001 
 08/06  11:00:00,0.780554387012999,0.778163586082485,0.000000000000000E+000,0.000000000000000E+000,0.000000000000000E+000,0.000000000000000E+000,0.000000000000000E+000,0.000000000000000E+000,6.037265310713190E-002,1.315366289597190E-002,0.413558181971159,0.276357875349137,0.759128687445497 
 08/06  12:00:00,0.773350989572597,0.699771525502520,0.000000000000000E+000,0.000000000000000E+000,9.533188144727664E-003,3.139010121065227E-003,1.267219826579289E-002,3.139010121065227E-003,6.037265310713190E-002,1.315366289597190E-002,0.398337925665944,0.271702535948156,0.681057276000304 
 08/06  13:00:00,0.887228421190505,0.652542371168382,0.000000000000000E+000,0.000000000000000E+000,0.115629350134020,3.682939114413767E-002,0.152458741278158,3.682939114413767E-002,6.037265310713190E-002,1.315366289597190E-002,0.363033492934962,0.281097857284681,0.633180993412353 
 08/06  14:00:00,1.04050668992836,0.608327552584914,0.000000000000000E+000,0.000000000000000E+000,0.242815476567403,7.636968732234098E-002,0.319185163889743,7.636968732234098E-002,6.037265310713190E-002,1.315366289597190E-002,0.333757185097896,0.296926011248016,0.587875967770656 
 08/06  15:00:00,1.20992775490161,0.614962783762906,0.000000000000000E+000,0.000000000000000E+000,0.356576279171717,0.110677853963927,0.467254133135646,0.110677853963927,6.037265310713190E-002,1.315366289597190E-002,0.338603986585406,0.313431305487858,0.593374352016271 
 08/06  16:00:00,1.55638500020797,0.677559498345465,0.000000000000000E+000,0.000000000000000E+000,0.544053094984258,0.166985525066905,0.711038620051163,0.166985525066905,6.414594497123881E-002,1.397576705462970E-002,0.379378353054140,0.370734301387204,0.652024167248986 
 08/06  17:00:00,1.88120916796760,0.800621237112322,0.000000000000000E+000,0.000000000000000E+000,0.653965399525437,0.202975312492971,0.856940712018410,0.202975312492971,8.301240429177419E-002,1.808628602664225E-002,0.455674825529913,0.450382926411258,0.769599890819090 
 08/06  18:00:00,2.02458308018969,0.920438131618483,0.000000000000000E+000,0.000000000000000E+000,0.685439050483868,0.215557813045874,0.900996863529742,0.215557813045874,0.139611773894090,3.041784840650926E-002,0.417464634497629,0.488979922172116,0.886758312498769 
 08/06  19:00:00,2.05498804045351,0.946988161263026,0.000000000000000E+000,0.000000000000000E+000,0.643028345383256,0.209727155015091,0.852755500398349,0.209727155015091,0.271676947341384,5.919148485314999E-002,0.349528660570141,0.504723433600890,0.912223965069349 
 08/06  20:00:00,2.07523649240732,0.885529259333921,0.000000000000000E+000,0.000000000000000E+000,0.481350318793797,0.172478516918738,0.653828835712533,0.172478516918738,0.464114757177228,0.101118780553210,0.316986952088389,0.522075153186363,0.849569916365184 
 08/06  21:00:00,2.10056990631764,0.800376499489321,0.000000000000000E+000,0.000000000000000E+000,0.399186498721760,0.145483564987890,0.544670063709650,0.145483564987890,0.596179930624524,0.129892416999850,0.302828853084766,0.509886628209248,0.765256674255258 
 08/06  22:00:00,1.62606077030299,0.668052998318552,0.000000000000000E+000,0.000000000000000E+000,0.277747093902411,0.102796199404929,0.380543293307341,0.102796199404929,0.445248256060239,9.700825065353844E-002,0.244907423913850,0.441241532678422,0.637661290326330 
 08/06  23:00:00,1.16811831040628,0.522112777284124,0.000000000000000E+000,0.000000000000000E+000,0.166539315630841,6.163264333974745E-002,0.228171958970588,6.163264333974745E-002,0.309409865982456,6.741252643972800E-002,0.162581263752207,0.383430681571697,0.495702948547355 
 08/06  24:00:00,0.708280891441415,0.366720416395779,0.000000000000000E+000,0.000000000000000E+000,5.570515929676290E-002,2.074692477428498E-002,7.645208407104777E-002,2.074692477428498E-002,0.158478191418172,3.452836009341598E-002,0.104554665160539,0.317155577008642,0.344875465341327 
 08/07  01:00:00,0.507570896912745,0.293685111749701,0.000000000000000E+000,0.000000000000000E+000,0.000000000000000E+000,0.000000000000000E+000,0.000000000000000E+000,0.000000000000000E+000,9.433225480622347E-002,2.055259486006273E-002,8.355728931351325E-002,0.292016744243345,0.273571666023022 
 08/07  02:00:00,0.455581770210297,0.277580961391550,0.000000000000000E+000,0.000000000000000E+000,0.000000000000000E+000,0.000000000000000E+000,0.000000000000000E+000,0.000000000000000E+000,6.414594497123881E-002,1.397576705462970E-002,7.171700163401486E-002,0.288631042860813,0.257700715035616 
 08/07  03:00:00,0.444029456132172,0.281887107778236,0.000000000000000E+000,0.000000000000000E+000,0.000000000000000E+000,0.000000000000000E+000,0.000000000000000E+000,0.000000000000000E+000,6.414594497123881E-002,1.397576705462970E-002,6.422752921492920E-002,0.284568201201776,0.262286700667195 
 08/07  04:00:00,0.442653217774458,0.328672623207988,0.000000000000000E+000,0.000000000000000E+000,0.000000000000000E+000,0.000000000000000E+000,0.000000000000000E+000,0.000000000000000E+000,6.414594497123881E-002,1.397576705462970E-002,7.360089274675015E-002,0.273818599312238,0.309812624099059 
 08/07  05:00:00,0.490849098792348,0.540045178766303,0.000000000000000E+000,0.000000000000000E+000,0.000000000000000E+000,0.000000000000000E+000,0.000000000000000E+000,0.000000000000000E+000,6.791923683534599E-002,1.479787121328750E-002,8.546042728064268E-002,0.305559549773472,0.518998935556647 
 08/07  06:00:00,0.639254351459105,0.933004621374217,0.000000000000000E+000,0.000000000000000E+000,0.000000000000000E+000,0.000000000000000E+000,0.000000000000000E+000,0.000000000000000E+000,0.109425455699815,2.384101877979976E-002,0.135831851626414,0.353044011663478,0.908687756989877 
 08/07  07:00:00,0.850911563693834,1.04045765107778,0.000000000000000E+000,0.000000000000000E+000,0.000000000000000E+000,0.000000000000000E+000,0.000000000000000E+000,0.000000000000000E+000,0.192437809835845,4.192729570005972E-002,0.209298719283835,0.375135713184494,1.01461916079933 
 08/07  08:00:00,0.787986427726371,1.00720987053380,0.000000000000000E+000,0.000000000000000E+000,0.000000000000000E+000,0.000000000000000E+000,0.000000000000000E+000,0.000000000000000E+000,0.150931674564283,3.288414813354746E-002,0.269903014330297,0.317155577008642,0.985364919479352 
 08/07  09:00:00,0.709799736822377,0.917371371965052,0.000000000000000E+000,0.000000000000000E+000,0.000000000000000E+000,0.000000000000000E+000,0.000000000000000E+000,0.000000000000000E+000,7.546582056356009E-002,1.644207770932665E-002,0.330854782137564,0.269925042722327,0.898779552132480 
 08/07  10:00:00,0.713681082623065,0.815874094318884,0.000000000000000E+000,0.000000000000000E+000,0.000000000000000E+000,0.000000000000000E+000,0.000000000000000E+000,0.000000000000000E+000,6.037265310713190E-002,1.315366289597190E-002,0.346769520115789,0.276273232814574,0.796845025666166 
 08/07  11:00:00,0.728065585502977,0.724844113029157,0.000000000000000E+000,0.000000000000000E+000,0.000000000000000E+000,0.000000000000000E+000,0.000000000000000E+000,0.000000000000000E+000,6.037265310713190E-002,1.315366289597190E-002,0.361069380461137,0.276357875349137,0.705809214392170 
 08/07  12:00:00,0.712868246967308,0.653322025445722,0.000000000000000E+000,0.000000000000000E+000,0.000000000000000E+000,0.000000000000000E+000,0.000000000000000E+000,0.000000000000000E+000,6.037265310713190E-002,1.315366289597190E-002,0.350527381326447,0.271702535948156,0.634607775943509 
 08/07  13:00:00,0.691181612527203,0.612108018701418,0.000000000000000E+000,0.000000000000000E+000,0.000000000000000E+000,0.000000000000000E+000,0.000000000000000E+000,0.000000000000000E+000,6.037265310713190E-002,1.315366289597190E-002,0.319445425549819,0.281097857284681,0.592746640945389 
 08/07  14:00:00,0.893816478002424,0.571255633254116,0.000000000000000E+000,0.000000000000000E+000,0.162868675286674,4.875188015280126E-002,0.211620555439476,4.875188015280126E-002,6.037265310713190E-002,1.315366289597190E-002,0.294631581622230,0.296926011248016,0.550804048439858 
 08/07  15:00:00,1.20040980474949,0.577885362390620,0.000000000000000E+000,0.000000000000000E+000,0.382998224123226,0.111796961362736,0.494795185485962,0.111796961362736,6.037265310713190E-002,1.315366289597190E-002,0.301544984082964,0.313431305487858,0.556296930643986 
 08/07  16:00:00,1.57822059348742,0.632209019524733,0.000000000000000E+000,0.000000000000000E+000,0.595092866813643,0.173699294499019,0.768792161312662,0.173699294499019,6.414594497123881E-002,1.397576705462970E-002,0.343460405072082,0.370734301387204,0.606673688428254 
 08/07  17:00:00,2.03785049058971,0.746161440134791,0.000000000000000E+000,0.000000000000000E+000,0.816624040607415,0.232309952529831,1.04893399313725,0.232309952529831,8.301240429177419E-002,1.808628602664225E-002,0.420322867033191,0.450382926411258,0.715140093841559 
 08/07  18:00:00,2.10517332021886,0.849924523068705,0.000000000000000E+000,0.000000000000000E+000,0.779826782498385,0.236070664048329,1.01589744654672,0.236070664048329,0.139611773894090,3.041784840650926E-002,0.383154291509830,0.488979922172116,0.816244703948988 
 08/07  19:00:00,2.02403095258137,0.868650576129938,0.000000000000000E+000,0.000000000000000E+000,0.641949107314761,0.214094086800787,0.856043194115549,0.214094086800787,0.271676947341384,5.919148485314999E-002,0.315283878980793,0.504723433600890,0.833886379936262 
 08/07  20:00:00,1.94869745759997,0.810852967194927,0.000000000000000E+000,0.000000000000000E+000,0.413910239870624,0.148234959246431,0.562145199117055,0.148234959246431,0.464114757177228,0.101118780553210,0.282131553876513,0.522075153186363,0.774893624226187 
 08/07  21:00:00,2.07172497056704,0.737500629748982,0.000000000000000E+000,0.000000000000000E+000,0.404199625352003,0.147232388560830,0.551432013912833,0.147232388560830,0.596179930624524,0.129892416999850,0.267221967130982,0.509886628209248,0.702380804514922 
 08/07  22:00:00,1.60914436147401,0.618623940496437,0.000000000000000E+000,0.000000000000000E+000,0.286089336451994,0.105830782585202,0.391920119037197,0.105830782585202,0.445248256060239,9.700825065353844E-002,0.216614189355009,0.441241532678422,0.588232232504212 
 08/07  23:00:00,0.924411493672042,0.491294551011235,0.000000000000000E+000,0.000000000000000E+000,0.000000000000000E+000,0.000000000000000E+000,0.000000000000000E+000,0.000000000000000E+000,0.309409865982456,6.741252643972800E-002,0.147046405988563,0.383430681571697,0.464884722274466 
 08/07  24:00:00,0.677137246337072,0.354827444541423,0.000000000000000E+000,0.000000000000000E+000,3.787190720613987E-002,1.401022009631047E-002,5.188212730245030E-002,1.401022009631047E-002,0.158478191418172,3.452836009341598E-002,9.798097682479152E-002,0.317155577008642,0.332982493486971 
 08/08  01:00:00,0.507570896912745,0.292705098420194,0.000000000000000E+000,0.000000000000000E+000,0.000000000000000E+000,0.000000000000000E+000,0.000000000000000E+000,0.000000000000000E+000,9.433225480622347E-002,2.055259486006273E-002,8.355728931351325E-002,0.292016744243345,0.272591652693515 
 08/08  02:00:00,0.455581770210297,0.276700183422794,0.000000000000000E+000,0.000000000000000E+000,0.000000000000000E+000,0.000000000000000E+000,0.000000000000000E+000,0.000000000000000E+000,6.414594497123881E-002,1.397576705462970E-002,7.171700163401486E-002,0.288631042860813,0.256819937066860 
 08/08  03:00:00,0.444029456132172,0.281091000914718,0.000000000000000E+000,0.000000000000000E+000,0.000000000000000E+000,0.000000000000000E+000,0.000000000000000E+000,0.000000000000000E+000,6.414594497123881E-002,1.397576705462970E-002,6.422752921492920E-002,0.284568201201776,0.261490593803677 
 08/08  04:00:00,0.442653217774458,0.327855479178240,0.000000000000000E+000,0.000000000000000E+000,0.000000000000000E+000,0.000000000000000E+000,0.000000000000000E+000,0.000000000000000E+000,6.414594497123881E-002,1.397576705462970E-002,7.360089274675015E-002,0.273818599312238,0.308995480069311 
 08/08  05:00:00,0.490849098792348,0.538688425302198,0.000000000000000E+000,0.000000000000000E+000,0.000000000000000E+000,0.000000000000000E+000,0.000000000000000E+000,0.000000000000000E+000,6.791923683534599E-002,1.479787121328750E-002,8.546042728064268E-002,0.305559549773472,0.517642182092542 
 08/08  06:00:00,0.639254351459105,0.931305406809152,0.000000000000000E+000,0.000000000000000E+000,0.000000000000000E+000,0.000000000000000E+000,0.000000000000000E+000,0.000000000000000E+000,0.109425455699815,2.384101877979976E-002,0.135831851626414,0.353044011663478,0.906988542424812 
 08/08  07:00:00,0.850911563693834,1.03867313728328,0.000000000000000E+000,0.000000000000000E+000,0.000000000000000E+000,0.000000000000000E+000,0.000000000000000E+000,0.000000000000000E+000,0.192437809835845,4.192729570005972E-002,0.209298719283835,0.375135713184494,1.01283464700483 
 08/08  08:00:00,0.787986427726371,1.00536336896117,0.000000000000000E+000,0.000000000000000E+000,0.000000000000000E+000,0.000000000000000E+000,0.000000000000000E+000,0.000000000000000E+000,0.150931674564283,3.288414813354746E-002,0.269903014330297,0.317155577008642,0.983518417906713 
 08/08  09:00:00,0.709799736822377,0.914906714798867,0.000000000000000E+000,0.000000000000000E+000,0.000000000000000E+000,0.000000000000000E+000,0.000000000000000E+000,0.000000000000000E+000,7.546582056356009E-002,1.644207770932665E-002,0.330854782137564,0.269925042722327,0.896314894966292 
 08/08  10:00:00,0.774653490314463,0.813089777750966,0.000000000000000E+000,0.000000000000000E+000,4.624868879477310E-002,1.472371889662422E-002,6.097240769139740E-002,1.472371889662422E-002,6.037265310713190E-002,1.315366289597190E-002,0.346769520115789,0.276273232814574,0.794060709098248 
 08/08  11:00:00,0.832842455155537,0.722702415895651,0.000000000000000E+000,0.000000000000000E+000,7.972280476191611E-002,2.505406489064210E-002,0.104776869652558,2.505406489064210E-002,6.037265310713190E-002,1.315366289597190E-002,0.361069380461137,0.276357875349137,0.703667517258663 
 08/08  12:00:00,1.01263150739008,0.651793308543674,0.000000000000000E+000,0.000000000000000E+000,0.229399679708983,7.036358071378593E-002,0.299763260422769,7.036358071378593E-002,6.037265310713190E-002,1.315366289597190E-002,0.350527381326447,0.271702535948156,0.633079059041462 
 08/08  13:00:00,1.16788532544580,0.611088034780320,0.000000000000000E+000,0.000000000000000E+000,0.366921025879697,0.109782687038900,0.476703712918599,0.109782687038900,6.037265310713190E-002,1.315366289597190E-002,0.319445425549819,0.281097857284681,0.591726657024291 
 08/08  14:00:00,1.37459714178974,0.570754482894177,0.000000000000000E+000,0.000000000000000E+000,0.536020201027218,0.156381018199579,0.692401219226796,0.156381018199579,6.037265310713190E-002,1.315366289597190E-002,0.294631581622230,0.296926011248016,0.550302898079919 
 08/08  15:00:00,1.57722028605762,0.577569059651128,0.000000000000000E+000,0.000000000000000E+000,0.674751904359389,0.196853762434707,0.871605666794095,0.196853762434707,6.037265310713190E-002,1.315366289597190E-002,0.301544984082964,0.313431305487858,0.555980627904494 
 08/08  16:00:00,1.84109427916788,0.631956069320976,0.000000000000000E+000,0.000000000000000E+000,0.796583546665600,0.235082300327526,1.03166584699313,0.235082300327526,6.414594497123881E-002,1.397576705462970E-002,0.343460405072082,0.370734301387204,0.606420738224500 
 08/08  17:00:00,2.35187770755271,0.745884928517388,0.000000000000000E+000,0.000000000000000E+000,1.05513481382513,0.307826396275117,1.36296121010025,0.307826396275117,8.301240429177419E-002,1.808628602664225E-002,0.420322867033191,0.450382926411258,0.714863582224153 
 08/08  18:00:00,2.30957613699303,0.849554916252664,0.000000000000000E+000,0.000000000000000E+000,0.939285128749852,0.281015134571025,1.22030026332088,0.281015134571025,0.139611773894090,3.041784840650926E-002,0.383154291509830,0.488979922172116,0.815875097132947 
 08/08  19:00:00,2.14954413293581,0.868073497495028,0.000000000000000E+000,0.000000000000000E+000,0.740312405561381,0.241243968908608,0.981556374469988,0.241243968908608,0.271676947341384,5.919148485314999E-002,0.315283878980793,0.504723433600890,0.833309301301355 
 08/08  20:00:00,2.17318413081933,0.810022048762668,0.000000000000000E+000,0.000000000000000E+000,0.583709809955205,0.202922062381209,0.786631872336414,0.202922062381209,0.464114757177228,0.101118780553210,0.282131553876513,0.522075153186363,0.774062705793928 
 08/08  21:00:00,2.21905345926051,0.736658578408913,0.000000000000000E+000,0.000000000000000E+000,0.518505464933726,0.180255037672578,0.698760502606302,0.180255037672578,0.596179930624524,0.129892416999850,0.267221967130982,0.509886628209248,0.701538753174851 
 08/08  22:00:00,1.74437578499343,0.617728972926841,0.000000000000000E+000,0.000000000000000E+000,0.389202284676315,0.137949257880310,0.527151542556624,0.137949257880310,0.445248256060239,9.700825065353844E-002,0.216614189355009,0.441241532678422,0.587337264934617 
 08/08  23:00:00,1.26263564554827,0.490567053122845,0.000000000000000E+000,0.000000000000000E+000,0.247923694027798,9.030045784843015E-002,0.338224151876227,9.030045784843015E-002,0.309409865982456,6.741252643972800E-002,0.147046405988563,0.383430681571697,0.464157224386077 
 08/08  24:00:00,0.824275257137139,0.354552963977197,0.000000000000000E+000,0.000000000000000E+000,0.145884230787915,5.313590731460379E-002,0.199020138102519,5.313590731460379E-002,0.158478191418172,3.452836009341598E-002,9.798097682479152E-002,0.317155577008642,0.332708012922745 
 08/09  01:00:00,0.609892080100213,0.292616290596090,0.000000000000000E+000,0.000000000000000E+000,7.500248700411494E-002,2.731869618335135E-002,0.102321183187466,2.731869618335135E-002,9.433225480622347E-002,2.055259486006273E-002,8.355728931351325E-002,0.292016744243345,0.272502844869411 
 08/09  02:00:00,0.497489109429727,0.276134516746299,0.000000000000000E+000,0.000000000000000E+000,3.071830262255605E-002,1.118903659687428E-002,4.190733921943011E-002,1.118903659687428E-002,6.414594497123881E-002,1.397576705462970E-002,7.171700163401486E-002,0.288631042860813,0.256254270390365 
 08/09  03:00:00,0.444029456132172,0.280245931125616,0.000000000000000E+000,0.000000000000000E+000,0.000000000000000E+000,0.000000000000000E+000,0.000000000000000E+000,0.000000000000000E+000,6.414594497123881E-002,1.397576705462970E-002,6.422752921492920E-002,0.284568201201776,0.260645524014573 
 08/09  04:00:00,0.442653217774458,0.326776383981734,0.000000000000000E+000,0.000000000000000E+000,0.000000000000000E+000,0.000000000000000E+000,0.000000000000000E+000,0.000000000000000E+000,6.414594497123881E-002,1.397576705462970E-002,7.360089274675015E-002,0.273818599312238,0.307916384872805 
 08/09  05:00:00,0.490849098792348,0.537793115051123,0.000000000000000E+000,0.000000000000000E+000,0.000000000000000E+000,0.000000000000000E+000,0.000000000000000E+000,0.000000000000000E+000,6.791923683534599E-002,1.479787121328750E-002,8.546042728064268E-002,0.305559549773472,0.516746871841470 
 08/09  06:00:00,0.639254351459105,0.930363434033602,0.000000000000000E+000,0.000000000000000E+000,0.000000000000000E+000,0.000000000000000E+000,0.000000000000000E+000,0.000000000000000E+000,0.109425455699815,2.384101877979976E-002,0.135831851626414,0.353044011663478,0.906046569649259 
 08/09  07:00:00,0.850911563693834,1.03760720023862,0.000000000000000E+000,0.000000000000000E+000,0.000000000000000E+000,0.000000000000000E+000,0.000000000000000E+000,0.000000000000000E+000,0.192437809835845,4.192729570005972E-002,0.209298719283835,0.375135713184494,1.01176870996017 
 08/09  08:00:00,0.787986427726371,1.00463237717136,0.000000000000000E+000,0.000000000000000E+000,0.000000000000000E+000,0.000000000000000E+000,0.000000000000000E+000,0.000000000000000E+000,0.150931674564283,3.288414813354746E-002,0.269903014330297,0.317155577008642,0.982787426116904 
 08/09  09:00:00,0.709799736822377,0.914898497554451,0.000000000000000E+000,0.000000000000000E+000,0.000000000000000E+000,0.000000000000000E+000,0.000000000000000E+000,0.000000000000000E+000,7.546582056356009E-002,1.644207770932665E-002,0.330854782137564,0.269925042722327,0.896306677721877 
 08/09  10:00:00,0.713681082623065,0.813493316085738,0.000000000000000E+000,0.000000000000000E+000,0.000000000000000E+000,0.000000000000000E+000,0.000000000000000E+000,0.000000000000000E+000,6.037265310713190E-002,1.315366289597190E-002,0.346769520115789,0.276273232814574,0.794464247433017 
 08/09  11:00:00,0.728065585502977,0.722989728284287,0.000000000000000E+000,0.000000000000000E+000,0.000000000000000E+000,0.000000000000000E+000,0.000000000000000E+000,0.000000000000000E+000,6.037265310713190E-002,1.315366289597190E-002,0.361069380461137,0.276357875349137,0.703954829647299 
 08/09  12:00:00,0.712868246967308,0.651953488929438,0.000000000000000E+000,0.000000000000000E+000,0.000000000000000E+000,0.000000000000000E+000,0.000000000000000E+000,0.000000000000000E+000,6.037265310713190E-002,1.315366289597190E-002,0.350527381326447,0.271702535948156,0.633239239427225 
 08/09  13:00:00,0.770001102754009,0.610742496710659,0.000000000000000E+000,0.000000000000000E+000,5.963121143963682E-002,1.918827878716903E-002,7.881949022680590E-002,1.918827878716903E-002,6.037265310713190E-002,1.315366289597190E-002,0.319445425549819,0.281097857284681,0.591381118954631 
 08/09  14:00:00,0.902338333008261,0.570444383214680,0.000000000000000E+000,0.000000000000000E+000,0.166546336751623,5.359607369368771E-002,0.220142410445310,5.359607369368771E-002,6.037265310713190E-002,1.315366289597190E-002,0.294631581622230,0.296926011248016,0.549992798400423 
 08/09  15:00:00,0.992967057613141,0.577178218669353,0.000000000000000E+000,0.000000000000000E+000,0.214968172620287,7.238426572932848E-002,0.287352438349614,7.238426572932848E-002,6.037265310713190E-002,1.315366289597190E-002,0.301544984082964,0.313431305487858,0.555589786922718 
 08/09  16:00:00,1.18550551798395,0.631808312844815,0.000000000000000E+000,0.000000000000000E+000,0.281343710037332,9.473337577186443E-002,0.376077085809197,9.473337577186443E-002,6.414594497123881E-002,1.397576705462970E-002,0.343460405072082,0.370734301387204,0.606272981748336 
 08/09  17:00:00,1.55539355267944,0.745532199500702,0.000000000000000E+000,0.000000000000000E+000,0.424843762349482,0.141633292877487,0.566477055226971,0.141633292877487,8.301240429177419E-002,1.808628602664225E-002,0.420322867033191,0.450382926411258,0.714510853207470 
 08/09  18:00:00,1.66802717548159,0.848845045752354,0.000000000000000E+000,0.000000000000000E+000,0.432968239225278,0.145783062584159,0.578751301809438,0.145783062584159,0.139611773894090,3.041784840650926E-002,0.383154291509830,0.488979922172116,0.815165226632640 
 08/09  19:00:00,1.71687204721957,0.866973561991567,0.000000000000000E+000,0.000000000000000E+000,0.408428058040554,0.140456230713197,0.548884288753752,0.140456230713197,0.271676947341384,5.919148485314999E-002,0.315283878980793,0.504723433600890,0.832209365797891 
 08/09  20:00:00,1.82294242237843,0.809188518040605,0.000000000000000E+000,0.000000000000000E+000,0.319878811604820,0.116511352290694,0.436390163895513,0.116511352290694,0.464114757177228,0.101118780553210,0.282131553876513,0.522075153186363,0.773229175071865 
 08/09  21:00:00,1.86709079866603,0.736265336248448,0.000000000000000E+000,0.000000000000000E+000,0.252705298771042,9.409254324077909E-002,0.346797842011821,9.409254324077909E-002,0.596179930624524,0.129892416999850,0.267221967130982,0.509886628209248,0.701145511014388 
 08/09  22:00:00,1.42414213070123,0.617500059181644,0.000000000000000E+000,0.000000000000000E+000,0.150202669947340,5.671521831707752E-002,0.206917888264417,5.671521831707752E-002,0.445248256060239,9.700825065353844E-002,0.216614189355009,0.441241532678422,0.587108351189419 
 08/09  23:00:00,0.982819498138964,0.490368568262282,0.000000000000000E+000,0.000000000000000E+000,4.227578839108393E-002,1.613221607583792E-002,5.840800446692175E-002,1.613221607583792E-002,0.309409865982456,6.741252643972800E-002,0.147046405988563,0.383430681571697,0.463958739525514 
 08/09  24:00:00,0.625255119034623,0.354414447805587,0.000000000000000E+000,0.000000000000000E+000,0.000000000000000E+000,0.000000000000000E+000,0.000000000000000E+000,0.000000000000000E+000,0.158478191418172,3.452836009341598E-002,9.798097682479152E-002,0.317155577008642,0.332569496751132 
 08/10  01:00:00,0.507570896912745,0.292632869608125,0.000000000000000E+000,0.000000000000000E+000,0.000000000000000E+000,0.000000000000000E+000,0.000000000000000E+000,0.000000000000000E+000,9.433225480622347E-002,2.055259486006273E-002,8.355728931351325E-002,0.292016744243345,0.272519423881448 
 08/10  02:00:00,0.455581770210297,0.276667742422142,0.000000000000000E+000,0.000000000000000E+000,0.000000000000000E+000,0.000000000000000E+000,0.000000000000000E+000,0.000000000000000E+000,6.414594497123881E-002,1.397576705462970E-002,7.171700163401486E-002,0.288631042860813,0.256787496066208 
 08/10  03:00:00,0.444029456132172,0.281056555720754,0.000000000000000E+000,0.000000000000000E+000,0.000000000000000E+000,0.000000000000000E+000,0.000000000000000E+000,0.000000000000000E+000,6.414594497123881E-002,1.397576705462970E-002,6.422752921492920E-002,0.284568201201776,0.261456148609711 
 08/10  04:00:00,0.442653217774458,0.327911763379490,0.000000000000000E+000,0.000000000000000E+000,0.000000000000000E+000,0.000000000000000E+000,0.000000000000000E+000,0.000000000000000E+000,6.414594497123881E-002,1.397576705462970E-002,7.360089274675015E-002,0.273818599312238,0.309051764270561 
 08/10  05:00:00,0.490849098792348,0.538785404893274,0.000000000000000E+000,0.000000000000000E+000,0.000000000000000E+000,0.000000000000000E+000,0.000000000000000E+000,0.000000000000000E+000,6.791923683534599E-002,1.479787121328750E-002,8.546042728064268E-002,0.305559549773472,0.517739161683617 
 08/10  06:00:00,0.639254351459105,0.931049532721769,0.000000000000000E+000,0.000000000000000E+000,0.000000000000000E+000,0.000000000000000E+000,0.000000000000000E+000,0.000000000000000E+000,0.109425455699815,2.384101877979976E-002,0.135831851626414,0.353044011663478,0.906732668337426 
 08/10  07:00:00,0.850911563693834,1.03830855130975,0.000000000000000E+000,0.000000000000000E+000,0.000000000000000E+000,0.000000000000000E+000,0.000000000000000E+000,0.000000000000000E+000,0.192437809835845,4.192729570005972E-002,0.209298719283835,0.375135713184494,1.01247006103130 
 08/10  08:00:00,0.787986427726371,1.00476772949447,0.000000000000000E+000,0.000000000000000E+000,0.000000000000000E+000,0.000000000000000E+000,0.000000000000000E+000,0.000000000000000E+000,0.150931674564283,3.288414813354746E-002,0.269903014330297,0.317155577008642,0.982922778440016 
 08/10  09:00:00,0.709799736822377,0.914387217263464,0.000000000000000E+000,0.000000000000000E+000,0.000000000000000E+000,0.000000000000000E+000,0.000000000000000E+000,0.000000000000000E+000,7.546582056356009E-002,1.644207770932665E-002,0.330854782137564,0.269925042722327,0.895795397430889 
 08/10  10:00:00,0.713681082623065,0.812769617560929,0.000000000000000E+000,0.000000000000000E+000,0.000000000000000E+000,0.000000000000000E+000,0.000000000000000E+000,0.000000000000000E+000,6.037265310713190E-002,1.315366289597190E-002,0.346769520115789,0.276273232814574,0.793740548908209 
 08/10  11:00:00,0.728065585502977,0.722292370717126,0.000000000000000E+000,0.000000000000000E+000,0.000000000000000E+000,0.000000000000000E+000,0.000000000000000E+000,0.000000000000000E+000,6.037265310713190E-002,1.315366289597190E-002,0.361069380461137,0.276357875349137,0.703257472080139 
 08/10  12:00:00,0.712868246967308,0.651460516401093,0.000000000000000E+000,0.000000000000000E+000,0.000000000000000E+000,0.000000000000000E+000,0.000000000000000E+000,0.000000000000000E+000,6.037265310713190E-002,1.315366289597190E-002,0.350527381326447,0.271702535948156,0.632746266898878 
 08/10  13:00:00,0.800587884869648,0.610581425900108,0.000000000000000E+000,0.000000000000000E+000,8.298226862226429E-002,2.642400372017906E-002,0.109406272342443,2.642400372017906E-002,6.037265310713190E-002,1.315366289597190E-002,0.319445425549819,0.281097857284681,0.591220048144079 
 08/10  14:00:00,0.985773116600921,0.570210557420117,0.000000000000000E+000,0.000000000000000E+000,0.230962608556144,7.261458548182746E-002,0.303577194037972,7.261458548182746E-002,6.037265310713190E-002,1.315366289597190E-002,0.294631581622230,0.296926011248016,0.549758972605859 
 08/10  15:00:00,1.18884599211624,0.577027748686344,0.000000000000000E+000,0.000000000000000E+000,0.367643056675063,0.115588316177656,0.483231372852717,0.115588316177656,6.037265310713190E-002,1.315366289597190E-002,0.301544984082964,0.313431305487858,0.555439316939709 
 08/10  16:00:00,1.50083446345285,0.631330459899111,0.000000000000000E+000,0.000000000000000E+000,0.526028260839930,0.165377770438162,0.691406031278094,0.165377770438162,6.414594497123881E-002,1.397576705462970E-002,0.343460405072082,0.370734301387204,0.605795128802632 
 08/10  17:00:00,1.99967092321347,0.745034146054898,0.000000000000000E+000,0.000000000000000E+000,0.771430825506795,0.239323600254206,1.01075442576100,0.239323600254206,8.301240429177419E-002,1.808628602664225E-002,0.420322867033191,0.450382926411258,0.714012799761666 
 08/10  18:00:00,2.06505231199173,0.848484355245688,0.000000000000000E+000,0.000000000000000E+000,0.744761366243427,0.231015072076159,0.975776438319584,0.231015072076159,0.139611773894090,3.041784840650926E-002,0.383154291509830,0.488979922172116,0.814804536125974 
 08/10  19:00:00,2.05817490148484,0.866675071955300,0.000000000000000E+000,0.000000000000000E+000,0.671356949094410,0.218830193924619,0.890187143019028,0.218830193924619,0.271676947341384,5.919148485314999E-002,0.315283878980793,0.504723433600890,0.831910875761624 
 08/10  20:00:00,2.03953596322227,0.809315760695729,0.000000000000000E+000,0.000000000000000E+000,0.478644954879491,0.174338749859870,0.652983704739360,0.174338749859870,0.464114757177228,0.101118780553210,0.282131553876513,0.522075153186363,0.773356417726989 
 08/10  21:00:00,2.06737354667114,0.736226479269804,0.000000000000000E+000,0.000000000000000E+000,0.400244121618149,0.146836468398785,0.547080590016936,0.146836468398785,0.596179930624524,0.129892416999850,0.267221967130982,0.509886628209248,0.701106654035744 
 08/10  22:00:00,1.60057208049365,0.617305394457045,0.000000000000000E+000,0.000000000000000E+000,0.279835954375254,0.103511883681588,0.383347838056842,0.103511883681588,0.445248256060239,9.700825065353844E-002,0.216614189355009,0.441241532678422,0.586913686464821 
 08/10  23:00:00,1.11326792181697,0.490265847538106,0.000000000000000E+000,0.000000000000000E+000,0.137091088210777,5.176533993415187E-002,0.188856428144929,5.176533993415187E-002,0.309409865982456,6.741252643972800E-002,0.147046405988563,0.383430681571697,0.463856018801335 
 08/10  24:00:00,0.659499351105050,0.354381988254300,0.000000000000000E+000,0.000000000000000E+000,2.482187238507933E-002,9.422359685349635E-003,3.424423207042902E-002,9.422359685349635E-003,0.158478191418172,3.452836009341598E-002,9.798097682479152E-002,0.317155577008642,0.332537037199845 
 08/11  01:00:00,0.507570896912745,0.292520776494440,0.000000000000000E+000,0.000000000000000E+000,0.000000000000000E+000,0.000000000000000E+000,0.000000000000000E+000,0.000000000000000E+000,9.433225480622347E-002,2.055259486006273E-002,8.355728931351325E-002,0.292016744243345,0.272407330767760 
 08/11  02:00:00,0.455581770210297,0.276038258852875,0.000000000000000E+000,0.000000000000000E+000,0.000000000000000E+000,0.000000000000000E+000,0.000000000000000E+000,0.000000000000000E+000,6.414594497123881E-002,1.397576705462970E-002,7.171700163401486E-002,0.288631042860813,0.256158012496941 
 08/11  03:00:00,0.444029456132172,0.280409379851777,0.000000000000000E+000,0.000000000000000E+000,0.000000000000000E+000,0.000000000000000E+000,0.000000000000000E+000,0.000000000000000E+000,6.414594497123881E-002,1.397576705462970E-002,6.422752921492920E-002,0.284568201201776,0.260808972740735 
 08/11  04:00:00,0.442653217774458,0.327184204033229,0.000000000000000E+000,0.000000000000000E+000,0.000000000000000E+000,0.000000000000000E+000,0.000000000000000E+000,0.000000000000000E+000,6.414594497123881E-002,1.397576705462970E-002,7.360089274675015E-002,0.273818599312238,0.308324204924300 
 08/11  05:00:00,0.490849098792348,0.537894569685145,0.000000000000000E+000,0.000000000000000E+000,0.000000000000000E+000,0.000000000000000E+000,0.000000000000000E+000,0.000000000000000E+000,6.791923683534599E-002,1.479787121328750E-002,8.546042728064268E-002,0.305559549773472,0.516848326475492 
 08/11  06:00:00,0.639254351459105,0.930221291491629,0.000000000000000E+000,0.000000000000000E+000,0.000000000000000E+000,0.000000000000000E+000,0.000000000000000E+000,0.000000000000000E+000,0.109425455699815,2.384101877979976E-002,0.135831851626414,0.353044011663478,0.905904427107290 
 08/11  07:00:00,0.850911563693834,1.03733393770117,0.000000000000000E+000,0.000000000000000E+000,0.000000000000000E+000,0.000000000000000E+000,0.000000000000000E+000,0.000000000000000E+000,0.192437809835845,4.192729570005972E-002,0.209298719283835,0.375135713184494,1.01149544742272 
 08/11  08:00:00,0.787986427726371,1.00363736972786,0.000000000000000E+000,0.000000000000000E+000,0.000000000000000E+000,0.000000000000000E+000,0.000000000000000E+000,0.000000000000000E+000,0.150931674564283,3.288414813354746E-002,0.269903014330297,0.317155577008642,0.981792418673409 
 08/11  09:00:00,0.709799736822377,0.913223610584315,0.000000000000000E+000,0.000000000000000E+000,0.000000000000000E+000,0.000000000000000E+000,0.000000000000000E+000,0.000000000000000E+000,7.546582056356009E-002,1.644207770932665E-002,0.330854782137564,0.269925042722327,0.894631790751741 
 08/11  10:00:00,0.713681082623065,0.811713230177384,0.000000000000000E+000,0.000000000000000E+000,0.000000000000000E+000,0.000000000000000E+000,0.000000000000000E+000,0.000000000000000E+000,6.037265310713190E-002,1.315366289597190E-002,0.346769520115789,0.276273232814574,0.792684161524663 
 08/11  11:00:00,0.766336004241985,0.721194429760254,0.000000000000000E+000,0.000000000000000E+000,2.921140267764928E-002,9.059016061356383E-003,3.827041873900577E-002,9.059016061356383E-003,6.037265310713190E-002,1.315366289597190E-002,0.361069380461137,0.276357875349137,0.702159531123267 
 08/11  12:00:00,0.993930630100618,0.650262265113368,0.000000000000000E+000,0.000000000000000E+000,0.216335078338542,6.472730479476713E-002,0.281062383133310,6.472730479476713E-002,6.037265310713190E-002,1.315366289597190E-002,0.350527381326447,0.271702535948156,0.631548015611156 
 08/11  13:00:00,1.20761407266739,0.609708364128298,0.000000000000000E+000,0.000000000000000E+000,0.399793318288804,0.116639141851379,0.516432460140182,0.116639141851379,6.037265310713190E-002,1.315366289597190E-002,0.319445425549819,0.281097857284681,0.590346986372270 
 08/11  14:00:00,1.34288129081421,0.569640485947624,0.000000000000000E+000,0.000000000000000E+000,0.510133540780206,0.150551827471053,0.660685368251261,0.150551827471053,6.037265310713190E-002,1.315366289597190E-002,0.294631581622230,0.296926011248016,0.549188901133367 
 08/11  15:00:00,1.55962634925942,0.576572212737907,0.000000000000000E+000,0.000000000000000E+000,0.661131451655377,0.192880278340518,0.854011729995896,0.192880278340518,6.037265310713190E-002,1.315366289597190E-002,0.301544984082964,0.313431305487858,0.554983780991270 
 08/11  16:00:00,1.85619705126672,0.630770229301552,0.000000000000000E+000,0.000000000000000E+000,0.810354650706632,0.236413968385333,1.04676861909196,0.236413968385333,6.414594497123881E-002,1.397576705462970E-002,0.343460405072082,0.370734301387204,0.605234898205076 
 08/11  17:00:00,2.25258658199516,0.744716166239290,0.000000000000000E+000,0.000000000000000E+000,0.972666359592007,0.291003724950683,1.26367008454269,0.291003724950683,8.301240429177419E-002,1.808628602664225E-002,0.420322867033191,0.450382926411258,0.713694819946057 
 08/11  18:00:00,2.10685832094815,0.848463301473707,0.000000000000000E+000,0.000000000000000E+000,0.769853024366946,0.247729422909051,1.01758244727600,0.247729422909051,0.139611773894090,3.041784840650926E-002,0.383154291509830,0.488979922172116,0.814783482353992 
 08/11  19:00:00,2.07121487444814,0.866669702666694,0.000000000000000E+000,0.000000000000000E+000,0.679494169800643,0.223732946181676,0.903227115982320,0.223732946181676,0.271676947341384,5.919148485314999E-002,0.315283878980793,0.504723433600890,0.831905506473017 
 08/11  20:00:00,2.19788045731424,0.808235265304148,0.000000000000000E+000,0.000000000000000E+000,0.608513137051112,0.202815061780214,0.811328198831326,0.202815061780214,0.464114757177228,0.101118780553210,0.282131553876513,0.522075153186363,0.772275922335407 
 08/11  21:00:00,2.20473645781456,0.735198572489260,0.000000000000000E+000,0.000000000000000E+000,0.509328047252276,0.175115453908077,0.684443501160352,0.175115453908077,0.596179930624524,0.129892416999850,0.267221967130982,0.509886628209248,0.700078747255200 
 08/11  22:00:00,1.64720739571853,0.616908333578103,0.000000000000000E+000,0.000000000000000E+000,0.314576411516203,0.115406741765522,0.429983153281722,0.115406741765522,0.445248256060239,9.700825065353844E-002,0.216614189355009,0.441241532678422,0.586516625585878 
 08/11  23:00:00,1.19619585461730,0.489700074010715,0.000000000000000E+000,0.000000000000000E+000,0.198837339511179,7.294702143407768E-002,0.271784360945257,7.294702143407768E-002,0.309409865982456,6.741252643972800E-002,0.147046405988563,0.383430681571697,0.463290245273947 
 08/11  24:00:00,0.753602435961627,0.353858382851385,0.000000000000000E+000,0.000000000000000E+000,9.389854309707689E-002,3.444877382992757E-002,0.128347316927005,3.444877382992757E-002,0.158478191418172,3.452836009341598E-002,9.798097682479152E-002,0.317155577008642,0.332013431796930 
 08/12  01:00:00,0.488762435612591,0.234623961518122,0.000000000000000E+000,0.000000000000000E+000,0.000000000000000E+000,0.000000000000000E+000,0.000000000000000E+000,0.000000000000000E+000,9.433225480622347E-002,2.055259486006273E-002,6.474882801335874E-002,0.292016744243345,0.214510515791443 
 08/12  02:00:00,0.443038584962579,0.234281843857964,0.000000000000000E+000,0.000000000000000E+000,0.000000000000000E+000,0.000000000000000E+000,0.000000000000000E+000,0.000000000000000E+000,6.414594497123881E-002,1.397576705462970E-002,5.917381638629718E-002,0.288631042860813,0.214401597502030 
 08/12  03:00:00,0.437347234296627,0.233878245791979,0.000000000000000E+000,0.000000000000000E+000,0.000000000000000E+000,0.000000000000000E+000,0.000000000000000E+000,0.000000000000000E+000,6.414594497123881E-002,1.397576705462970E-002,5.754530737938157E-002,0.284568201201776,0.214277838680938 
 08/12  04:00:00,0.430126199087406,0.233130446613351,0.000000000000000E+000,0.000000000000000E+000,0.000000000000000E+000,0.000000000000000E+000,0.000000000000000E+000,0.000000000000000E+000,6.414594497123881E-002,1.397576705462970E-002,6.107387405969933E-002,0.273818599312238,0.214270447504423 
 08/12  05:00:00,0.470800284335451,0.235394638199159,0.000000000000000E+000,0.000000000000000E+000,0.000000000000000E+000,0.000000000000000E+000,0.000000000000000E+000,0.000000000000000E+000,6.791923683534599E-002,1.479787121328750E-002,6.541161282374507E-002,0.305559549773472,0.214348394989505 
 08/12  06:00:00,0.588268377294750,0.238900034075492,0.000000000000000E+000,0.000000000000000E+000,0.000000000000000E+000,0.000000000000000E+000,0.000000000000000E+000,0.000000000000000E+000,0.109425455699815,2.384101877979976E-002,8.484587746206017E-002,0.353044011663478,0.214583169691151 
 08/12  07:00:00,0.751052185569945,0.240617020768297,0.000000000000000E+000,0.000000000000000E+000,0.000000000000000E+000,0.000000000000000E+000,0.000000000000000E+000,0.000000000000000E+000,0.192437809835845,4.192729570005972E-002,0.109439341159945,0.375135713184494,0.214778530489851 
 08/12  08:00:00,0.633085477971283,0.236291595687903,0.000000000000000E+000,0.000000000000000E+000,0.000000000000000E+000,0.000000000000000E+000,0.000000000000000E+000,0.000000000000000E+000,0.150931674564283,3.288414813354746E-002,0.115002064575211,0.317155577008642,0.214446644633450 
 08/12  09:00:00,0.497385868668132,0.232507802035126,0.000000000000000E+000,0.000000000000000E+000,0.000000000000000E+000,0.000000000000000E+000,0.000000000000000E+000,0.000000000000000E+000,7.546582056356009E-002,1.644207770932665E-002,0.118440913983317,0.269925042722327,0.213915982202553 
 08/12  10:00:00,0.476350903667224,0.232633140029812,0.000000000000000E+000,0.000000000000000E+000,0.000000000000000E+000,0.000000000000000E+000,0.000000000000000E+000,0.000000000000000E+000,6.037265310713190E-002,1.315366289597190E-002,0.109439341159945,0.276273232814574,0.213604071377094 
 08/12  11:00:00,0.485123311941672,0.232379241752966,0.000000000000000E+000,0.000000000000000E+000,0.000000000000000E+000,0.000000000000000E+000,0.000000000000000E+000,0.000000000000000E+000,6.037265310713190E-002,1.315366289597190E-002,0.118127106899833,0.276357875349137,0.213344343115979 
 08/12  12:00:00,0.542761920603009,0.232081160190179,0.000000000000000E+000,0.000000000000000E+000,3.797058326167453E-002,1.278210540261922E-002,5.075268866429372E-002,1.278210540261922E-002,6.037265310713190E-002,1.315366289597190E-002,0.129668366297856,0.271702535948156,0.213366910687965 
 08/12  13:00:00,0.667165031819265,0.232723860676438,0.000000000000000E+000,0.000000000000000E+000,0.134092139864371,4.470613139538289E-002,0.178798271259754,4.470613139538289E-002,6.037265310713190E-002,1.315366289597190E-002,0.116630573582126,0.281097857284681,0.213362482920410 
 08/12  14:00:00,0.789372170491098,0.233855506234545,0.000000000000000E+000,0.000000000000000E+000,0.216423419351579,7.216598622885197E-002,0.288589405580431,7.216598622885197E-002,6.037265310713190E-002,1.315366289597190E-002,0.113218423969948,0.296926011248016,0.213403921420288 
 08/12  15:00:00,0.904622003501304,0.235081845927851,0.000000000000000E+000,0.000000000000000E+000,0.277441785573594,9.344221644929503E-002,0.370884002022889,9.344221644929503E-002,6.037265310713190E-002,1.315366289597190E-002,0.129668366297856,0.313431305487858,0.213493414181216 
 08/12  16:00:00,1.10074332482336,0.239183750202702,0.000000000000000E+000,0.000000000000000E+000,0.342886225548397,0.115483747781110,0.458369973329508,0.115483747781110,6.414594497123881E-002,1.397576705462970E-002,0.176405324391186,0.370734301387204,0.213648419106224 
 08/12  17:00:00,1.39988719193523,0.244741828561558,0.000000000000000E+000,0.000000000000000E+000,0.435515715513046,0.141973846565541,0.577489562078586,0.141973846565541,8.301240429177419E-002,1.808628602664225E-002,0.253803999437369,0.450382926411258,0.213720482268325 
 08/12  18:00:00,1.49193297419879,0.247433340210823,0.000000000000000E+000,0.000000000000000E+000,0.428076533042394,0.142718142408620,0.570794675451014,0.142718142408620,0.139611773894090,3.041784840650926E-002,0.215016716585461,0.488979922172116,0.213753521091107 
 08/12  19:00:00,1.51784153473030,0.248688910516893,0.000000000000000E+000,0.000000000000000E+000,0.389132461467301,0.132561624481953,0.521694085949254,0.132561624481953,0.271676947341384,5.919148485314999E-002,0.143443569296024,0.504723433600890,0.213924714323217 
 08/12  20:00:00,1.60676283455461,0.250474514920390,0.000000000000000E+000,0.000000000000000E+000,0.286871316380822,0.104487013413609,0.391358329794430,0.104487013413609,0.464114757177228,0.101118780553210,0.110983800153776,0.522075153186363,0.214515171951651 
 08/12  21:00:00,1.62672822650460,0.249959274936465,0.000000000000000E+000,0.000000000000000E+000,0.201411089000520,7.553953677816053E-002,0.276950625778681,7.553953677816053E-002,0.596179930624524,0.129892416999850,9.670661120269429E-002,0.509886628209248,0.214839449702405 
 08/12  22:00:00,1.20132375139839,0.245316037361812,0.000000000000000E+000,0.000000000000000E+000,8.552801772580305E-002,3.263771789869649E-002,0.118165735624500,3.263771789869649E-002,0.445248256060239,9.700825065353844E-002,8.254796269208844E-002,0.441241532678422,0.214924329369588 
 08/12  23:00:00,0.849737495642980,0.241341872687388,0.000000000000000E+000,0.000000000000000E+000,0.000000000000000E+000,0.000000000000000E+000,0.000000000000000E+000,0.000000000000000E+000,0.309409865982456,6.741252643972800E-002,7.237240795950005E-002,0.383430681571697,0.214932043950619 
 08/12  24:00:00,0.593262366458541,0.236625200340683,0.000000000000000E+000,0.000000000000000E+000,0.000000000000000E+000,0.000000000000000E+000,0.000000000000000E+000,0.000000000000000E+000,0.158478191418172,3.452836009341598E-002,6.598822424871077E-002,0.317155577008642,0.214780249286229 
 08/13  01:00:00,0.488762435612591,0.235018653655879,0.000000000000000E+000,0.000000000000000E+000,0.000000000000000E+000,0.000000000000000E+000,0.000000000000000E+000,0.000000000000000E+000,9.433225480622347E-002,2.055259486006273E-002,6.474882801335874E-002,0.292016744243345,0.214905207929200 
 08/13  02:00:00,0.443038584962579,0.235129137252630,0.000000000000000E+000,0.000000000000000E+000,0.000000000000000E+000,0.000000000000000E+000,0.000000000000000E+000,0.000000000000000E+000,6.414594497123881E-002,1.397576705462970E-002,5.917381638629718E-002,0.288631042860813,0.215248890896696 
 08/13  03:00:00,0.437347234296627,0.234962621998828,0.000000000000000E+000,0.000000000000000E+000,0.000000000000000E+000,0.000000000000000E+000,0.000000000000000E+000,0.000000000000000E+000,6.414594497123881E-002,1.397576705462970E-002,5.754530737938157E-002,0.284568201201776,0.215362214887787 
 08/13  04:00:00,0.430126199087406,0.234426479398658,0.000000000000000E+000,0.000000000000000E+000,0.000000000000000E+000,0.000000000000000E+000,0.000000000000000E+000,0.000000000000000E+000,6.414594497123881E-002,1.397576705462970E-002,6.107387405969933E-002,0.273818599312238,0.215566480289730 
 08/13  05:00:00,0.470800284335451,0.237044982478954,0.000000000000000E+000,0.000000000000000E+000,0.000000000000000E+000,0.000000000000000E+000,0.000000000000000E+000,0.000000000000000E+000,6.791923683534599E-002,1.479787121328750E-002,6.541161282374507E-002,0.305559549773472,0.215998739269299 
 08/13  06:00:00,0.588268377294750,0.240382166713656,0.000000000000000E+000,0.000000000000000E+000,0.000000000000000E+000,0.000000000000000E+000,0.000000000000000E+000,0.000000000000000E+000,0.109425455699815,2.384101877979976E-002,8.484587746206017E-002,0.353044011663478,0.216065302329316 
 08/13  07:00:00,0.751052185569945,0.242049330649736,0.000000000000000E+000,0.000000000000000E+000,0.000000000000000E+000,0.000000000000000E+000,0.000000000000000E+000,0.000000000000000E+000,0.192437809835845,4.192729570005972E-002,0.109439341159945,0.375135713184494,0.216210840371290 
 08/13  08:00:00,0.633085477971283,0.237948942299880,0.000000000000000E+000,0.000000000000000E+000,0.000000000000000E+000,0.000000000000000E+000,0.000000000000000E+000,0.000000000000000E+000,0.150931674564283,3.288414813354746E-002,0.115002064575211,0.317155577008642,0.216103991245427 
 08/13  09:00:00,0.497385868668132,0.234504102284031,0.000000000000000E+000,0.000000000000000E+000,0.000000000000000E+000,0.000000000000000E+000,0.000000000000000E+000,0.000000000000000E+000,7.546582056356009E-002,1.644207770932665E-002,0.118440913983317,0.269925042722327,0.215912282451458 
 08/13  10:00:00,0.476350903667224,0.234848241705961,0.000000000000000E+000,0.000000000000000E+000,0.000000000000000E+000,0.000000000000000E+000,0.000000000000000E+000,0.000000000000000E+000,6.037265310713190E-002,1.315366289597190E-002,0.109439341159945,0.276273232814574,0.215819173053243 
 08/13  11:00:00,0.485123311941672,0.234712842491683,0.000000000000000E+000,0.000000000000000E+000,0.000000000000000E+000,0.000000000000000E+000,0.000000000000000E+000,0.000000000000000E+000,6.037265310713190E-002,1.315366289597190E-002,0.118127106899833,0.276357875349137,0.215677943854696 
 08/13  12:00:00,0.492009231938715,0.234354400095636,0.000000000000000E+000,0.000000000000000E+000,0.000000000000000E+000,0.000000000000000E+000,0.000000000000000E+000,0.000000000000000E+000,6.037265310713190E-002,1.315366289597190E-002,0.129668366297856,0.271702535948156,0.215640150593423 
 08/13  13:00:00,0.488366760559513,0.234750551588144,0.000000000000000E+000,0.000000000000000E+000,0.000000000000000E+000,0.000000000000000E+000,0.000000000000000E+000,0.000000000000000E+000,6.037265310713190E-002,1.315366289597190E-002,0.116630573582126,0.281097857284681,0.215389173832116 
 08/13  14:00:00,0.500782764910666,0.235654244765019,0.000000000000000E+000,0.000000000000000E+000,0.000000000000000E+000,0.000000000000000E+000,0.000000000000000E+000,0.000000000000000E+000,6.037265310713190E-002,1.315366289597190E-002,0.113218423969948,0.296926011248016,0.215202659950762 
 08/13  15:00:00,0.533738001478415,0.236568111306144,0.000000000000000E+000,0.000000000000000E+000,0.000000000000000E+000,0.000000000000000E+000,0.000000000000000E+000,0.000000000000000E+000,6.037265310713190E-002,1.315366289597190E-002,0.129668366297856,0.313431305487858,0.214979679559510 
 08/13  16:00:00,0.642373351493859,0.240509499651327,0.000000000000000E+000,0.000000000000000E+000,0.000000000000000E+000,0.000000000000000E+000,0.000000000000000E+000,0.000000000000000E+000,6.414594497123881E-002,1.397576705462970E-002,0.176405324391186,0.370734301387204,0.214974168554848 
 08/13  17:00:00,0.822397629856644,0.245972551560377,0.000000000000000E+000,0.000000000000000E+000,0.000000000000000E+000,0.000000000000000E+000,0.000000000000000E+000,0.000000000000000E+000,8.301240429177419E-002,1.808628602664225E-002,0.253803999437369,0.450382926411258,0.214951205267144 
 08/13  18:00:00,0.921138298747777,0.248790340450271,0.000000000000000E+000,0.000000000000000E+000,0.000000000000000E+000,0.000000000000000E+000,0.000000000000000E+000,0.000000000000000E+000,0.139611773894090,3.041784840650926E-002,0.215016716585461,0.488979922172116,0.215110521330555 
 08/13  19:00:00,0.996147448781046,0.250284304445519,0.000000000000000E+000,0.000000000000000E+000,0.000000000000000E+000,0.000000000000000E+000,0.000000000000000E+000,0.000000000000000E+000,0.271676947341384,5.919148485314999E-002,0.143443569296024,0.504723433600890,0.215520108251843 
 08/13  20:00:00,1.21540450476018,0.251951196678765,0.000000000000000E+000,0.000000000000000E+000,0.000000000000000E+000,0.000000000000000E+000,0.000000000000000E+000,0.000000000000000E+000,0.464114757177228,0.101118780553210,0.110983800153776,0.522075153186363,0.215991853710026 
 08/13  21:00:00,1.34977760072592,0.251508212543281,0.000000000000000E+000,0.000000000000000E+000,0.000000000000000E+000,0.000000000000000E+000,0.000000000000000E+000,0.000000000000000E+000,0.596179930624524,0.129892416999850,9.670661120269429E-002,0.509886628209248,0.216388387309221 
 08/13  22:00:00,1.08315801577389,0.247016693988986,0.000000000000000E+000,0.000000000000000E+000,0.000000000000000E+000,0.000000000000000E+000,0.000000000000000E+000,0.000000000000000E+000,0.445248256060239,9.700825065353844E-002,8.254796269208844E-002,0.441241532678422,0.216624985996762 
 08/13  23:00:00,0.849737495642980,0.243292865680218,0.000000000000000E+000,0.000000000000000E+000,0.000000000000000E+000,0.000000000000000E+000,0.000000000000000E+000,0.000000000000000E+000,0.309409865982456,6.741252643972800E-002,7.237240795950005E-002,0.383430681571697,0.216883036943450 
 08/13  24:00:00,0.593262366458541,0.238971542794914,0.000000000000000E+000,0.000000000000000E+000,0.000000000000000E+000,0.000000000000000E+000,0.000000000000000E+000,0.000000000000000E+000,0.158478191418172,3.452836009341598E-002,6.598822424871077E-002,0.317155577008642,0.217126591740461 
 08/14  01:00:00,0.488762435612591,0.237441314148986,0.000000000000000E+000,0.000000000000000E+000,0.000000000000000E+000,0.000000000000000E+000,0.000000000000000E+000,0.000000000000000E+000,9.433225480622347E-002,2.055259486006273E-002,6.474882801335874E-002,0.292016744243345,0.217327868422308 
 08/14  02:00:00,0.443038584962579,0.237531318614946,0.000000000000000E+000,0.000000000000000E+000,0.000000000000000E+000,0.000000000000000E+000,0.000000000000000E+000,0.000000000000000E+000,6.414594497123881E-002,1.397576705462970E-002,5.917381638629718E-002,0.288631042860813,0.217651072259012 
 08/14  03:00:00,0.437347234296627,0.237466418074706,0.000000000000000E+000,0.000000000000000E+000,0.000000000000000E+000,0.000000000000000E+000,0.000000000000000E+000,0.000000000000000E+000,6.414594497123881E-002,1.397576705462970E-002,5.754530737938157E-002,0.284568201201776,0.217866010963665 
 08/14  04:00:00,0.430126199087406,0.237002913288523,0.000000000000000E+000,0.000000000000000E+000,0.000000000000000E+000,0.000000000000000E+000,0.000000000000000E+000,0.000000000000000E+000,6.414594497123881E-002,1.397576705462970E-002,6.107387405969933E-002,0.273818599312238,0.218142914179595 
 08/14  05:00:00,0.470800284335451,0.239418265130876,0.000000000000000E+000,0.000000000000000E+000,0.000000000000000E+000,0.000000000000000E+000,0.000000000000000E+000,0.000000000000000E+000,6.791923683534599E-002,1.479787121328750E-002,6.541161282374507E-002,0.305559549773472,0.218372021921222 
 08/14  06:00:00,0.588268377294750,0.242980420387596,0.000000000000000E+000,0.000000000000000E+000,0.000000000000000E+000,0.000000000000000E+000,0.000000000000000E+000,0.000000000000000E+000,0.109425455699815,2.384101877979976E-002,8.484587746206017E-002,0.353044011663478,0.218663556003256 
 08/14  07:00:00,0.751052185569945,0.244724318900135,0.000000000000000E+000,0.000000000000000E+000,0.000000000000000E+000,0.000000000000000E+000,0.000000000000000E+000,0.000000000000000E+000,0.192437809835845,4.192729570005972E-002,0.109439341159945,0.375135713184494,0.218885828621690 
 08/14  08:00:00,0.633085477971283,0.240645756610674,0.000000000000000E+000,0.000000000000000E+000,0.000000000000000E+000,0.000000000000000E+000,0.000000000000000E+000,0.000000000000000E+000,0.150931674564283,3.288414813354746E-002,0.115002064575211,0.317155577008642,0.218800805556221 
 08/14  09:00:00,0.497385868668132,0.237062623612461,0.000000000000000E+000,0.000000000000000E+000,0.000000000000000E+000,0.000000000000000E+000,0.000000000000000E+000,0.000000000000000E+000,7.546582056356009E-002,1.644207770932665E-002,0.118440913983317,0.269925042722327,0.218470803779888 
 08/14  10:00:00,0.476350903667224,0.237310971380192,0.000000000000000E+000,0.000000000000000E+000,0.000000000000000E+000,0.000000000000000E+000,0.000000000000000E+000,0.000000000000000E+000,6.037265310713190E-002,1.315366289597190E-002,0.109439341159945,0.276273232814574,0.218281902727474 
 08/14  11:00:00,0.485123311941672,0.237375885345713,0.000000000000000E+000,0.000000000000000E+000,0.000000000000000E+000,0.000000000000000E+000,0.000000000000000E+000,0.000000000000000E+000,6.037265310713190E-002,1.315366289597190E-002,0.118127106899833,0.276357875349137,0.218340986708726 
 08/14  12:00:00,0.492009231938715,0.236812189447364,0.000000000000000E+000,0.000000000000000E+000,0.000000000000000E+000,0.000000000000000E+000,0.000000000000000E+000,0.000000000000000E+000,6.037265310713190E-002,1.315366289597190E-002,0.129668366297856,0.271702535948156,0.218097939945151 
 08/14  13:00:00,0.488366760559513,0.237126143290158,0.000000000000000E+000,0.000000000000000E+000,0.000000000000000E+000,0.000000000000000E+000,0.000000000000000E+000,0.000000000000000E+000,6.037265310713190E-002,1.315366289597190E-002,0.116630573582126,0.281097857284681,0.217764765534129 
 08/14  14:00:00,0.500782764910666,0.237853340071768,0.000000000000000E+000,0.000000000000000E+000,0.000000000000000E+000,0.000000000000000E+000,0.000000000000000E+000,0.000000000000000E+000,6.037265310713190E-002,1.315366289597190E-002,0.113218423969948,0.296926011248016,0.217401755257511 
 08/14  15:00:00,0.533738001478415,0.238734187477521,0.000000000000000E+000,0.000000000000000E+000,0.000000000000000E+000,0.000000000000000E+000,0.000000000000000E+000,0.000000000000000E+000,6.037265310713190E-002,1.315366289597190E-002,0.129668366297856,0.313431305487858,0.217145755730886 
 08/14  16:00:00,0.642373351493859,0.242606581701952,0.000000000000000E+000,0.000000000000000E+000,0.000000000000000E+000,0.000000000000000E+000,0.000000000000000E+000,0.000000000000000E+000,6.414594497123881E-002,1.397576705462970E-002,0.176405324391186,0.370734301387204,0.217071250605473 
 08/14  17:00:00,0.822397629856644,0.247817604550174,0.000000000000000E+000,0.000000000000000E+000,0.000000000000000E+000,0.000000000000000E+000,0.000000000000000E+000,0.000000000000000E+000,8.301240429177419E-002,1.808628602664225E-002,0.253803999437369,0.450382926411258,0.216796258256940 
 08/14  18:00:00,0.921138298747777,0.250333927877145,0.000000000000000E+000,0.000000000000000E+000,0.000000000000000E+000,0.000000000000000E+000,0.000000000000000E+000,0.000000000000000E+000,0.139611773894090,3.041784840650926E-002,0.215016716585461,0.488979922172116,0.216654108757429 
 08/14  19:00:00,0.996147448781046,0.251543182534013,0.000000000000000E+000,0.000000000000000E+000,0.000000000000000E+000,0.000000000000000E+000,0.000000000000000E+000,0.000000000000000E+000,0.271676947341384,5.919148485314999E-002,0.143443569296024,0.504723433600890,0.216778986340337 
 08/14  20:00:00,1.21540450476018,0.253206919974842,0.000000000000000E+000,0.000000000000000E+000,0.000000000000000E+000,0.000000000000000E+000,0.000000000000000E+000,0.000000000000000E+000,0.464114757177228,0.101118780553210,0.110983800153776,0.522075153186363,0.217247577006103 
 08/14  21:00:00,1.34977760072592,0.252731576169901,0.000000000000000E+000,0.000000000000000E+000,0.000000000000000E+000,0.000000000000000E+000,0.000000000000000E+000,0.000000000000000E+000,0.596179930624524,0.129892416999850,9.670661120269429E-002,0.509886628209248,0.217611750935840 
 08/14  22:00:00,1.08315801577389,0.248014752577879,0.000000000000000E+000,0.000000000000000E+000,0.000000000000000E+000,0.000000000000000E+000,0.000000000000000E+000,0.000000000000000E+000,0.445248256060239,9.700825065353844E-002,8.254796269208844E-002,0.441241532678422,0.217623044585655 
 08/14  23:00:00,0.849737495642980,0.244048197823563,0.000000000000000E+000,0.000000000000000E+000,0.000000000000000E+000,0.000000000000000E+000,0.000000000000000E+000,0.000000000000000E+000,0.309409865982456,6.741252643972800E-002,7.237240795950005E-002,0.383430681571697,0.217638369086794 
 08/14  24:00:00,0.593262366458541,0.239553244442209,0.000000000000000E+000,0.000000000000000E+000,0.000000000000000E+000,0.000000000000000E+000,0.000000000000000E+000,0.000000000000000E+000,0.158478191418172,3.452836009341598E-002,6.598822424871077E-002,0.317155577008642,0.217708293387756 
 08/15  01:00:00,0.488762435612591,0.238124360720086,0.000000000000000E+000,0.000000000000000E+000,0.000000000000000E+000,0.000000000000000E+000,0.000000000000000E+000,0.000000000000000E+000,9.433225480622347E-002,2.055259486006273E-002,6.474882801335874E-002,0.292016744243345,0.218010914993408 
 08/15  02:00:00,0.443038584962579,0.237979515963704,0.000000000000000E+000,0.000000000000000E+000,0.000000000000000E+000,0.000000000000000E+000,0.000000000000000E+000,0.000000000000000E+000,6.414594497123881E-002,1.397576705462970E-002,5.917381638629718E-002,0.288631042860813,0.218099269607770 
 08/15  03:00:00,0.437347234296627,0.238007863054913,0.000000000000000E+000,0.000000000000000E+000,0.000000000000000E+000,0.000000000000000E+000,0.000000000000000E+000,0.000000000000000E+000,6.414594497123881E-002,1.397576705462970E-002,5.754530737938157E-002,0.284568201201776,0.218407455943872 
 08/15  04:00:00,0.430126199087406,0.237345495315408,0.000000000000000E+000,0.000000000000000E+000,0.000000000000000E+000,0.000000000000000E+000,0.000000000000000E+000,0.000000000000000E+000,6.414594497123881E-002,1.397576705462970E-002,6.107387405969933E-002,0.273818599312238,0.218485496206480 
 08/15  05:00:00,0.470800284335451,0.239711902663106,0.000000000000000E+000,0.000000000000000E+000,0.000000000000000E+000,0.000000000000000E+000,0.000000000000000E+000,0.000000000000000E+000,6.791923683534599E-002,1.479787121328750E-002,6.541161282374507E-002,0.305559549773472,0.218665659453451 
 08/15  06:00:00,0.588268377294750,0.243201877022018,0.000000000000000E+000,0.000000000000000E+000,0.000000000000000E+000,0.000000000000000E+000,0.000000000000000E+000,0.000000000000000E+000,0.109425455699815,2.384101877979976E-002,8.484587746206017E-002,0.353044011663478,0.218885012637678 
 08/15  07:00:00,0.751052185569945,0.245008134107677,0.000000000000000E+000,0.000000000000000E+000,0.000000000000000E+000,0.000000000000000E+000,0.000000000000000E+000,0.000000000000000E+000,0.192437809835845,4.192729570005972E-002,0.109439341159945,0.375135713184494,0.219169643829231 
 08/15  08:00:00,0.633085477971283,0.240693549406557,0.000000000000000E+000,0.000000000000000E+000,0.000000000000000E+000,0.000000000000000E+000,0.000000000000000E+000,0.000000000000000E+000,0.150931674564283,3.288414813354746E-002,0.115002064575211,0.317155577008642,0.218848598352104 
 08/15  09:00:00,0.497385868668132,0.236799006933262,0.000000000000000E+000,0.000000000000000E+000,0.000000000000000E+000,0.000000000000000E+000,0.000000000000000E+000,0.000000000000000E+000,7.546582056356009E-002,1.644207770932665E-002,0.118440913983317,0.269925042722327,0.218207187100689 
 08/15  10:00:00,0.476350903667224,0.236595943592098,0.000000000000000E+000,0.000000000000000E+000,0.000000000000000E+000,0.000000000000000E+000,0.000000000000000E+000,0.000000000000000E+000,6.037265310713190E-002,1.315366289597190E-002,0.109439341159945,0.276273232814574,0.217566874939379 
 08/15  11:00:00,0.485123311941672,0.236162987899727,0.000000000000000E+000,0.000000000000000E+000,0.000000000000000E+000,0.000000000000000E+000,0.000000000000000E+000,0.000000000000000E+000,6.037265310713190E-002,1.315366289597190E-002,0.118127106899833,0.276357875349137,0.217128089262740 
 08/15  12:00:00,0.492009231938715,0.235404467495568,0.000000000000000E+000,0.000000000000000E+000,0.000000000000000E+000,0.000000000000000E+000,0.000000000000000E+000,0.000000000000000E+000,6.037265310713190E-002,1.315366289597190E-002,0.129668366297856,0.271702535948156,0.216690217993354 
 08/15  13:00:00,0.488366760559513,0.235667193161347,0.000000000000000E+000,0.000000000000000E+000,0.000000000000000E+000,0.000000000000000E+000,0.000000000000000E+000,0.000000000000000E+000,6.037265310713190E-002,1.315366289597190E-002,0.116630573582126,0.281097857284681,0.216305815405318 
 08/15  14:00:00,0.500782764910666,0.236374280618057,0.000000000000000E+000,0.000000000000000E+000,0.000000000000000E+000,0.000000000000000E+000,0.000000000000000E+000,0.000000000000000E+000,6.037265310713190E-002,1.315366289597190E-002,0.113218423969948,0.296926011248016,0.215922695803800 
 08/15  15:00:00,0.533738001478415,0.237157189418325,0.000000000000000E+000,0.000000000000000E+000,0.000000000000000E+000,0.000000000000000E+000,0.000000000000000E+000,0.000000000000000E+000,6.037265310713190E-002,1.315366289597190E-002,0.129668366297856,0.313431305487858,0.215568757671691 
 08/15  16:00:00,0.858314817715110,0.240965143167362,0.000000000000000E+000,0.000000000000000E+000,0.166201797549098,4.973966867215532E-002,0.215941466221254,4.973966867215532E-002,6.414594497123881E-002,1.397576705462970E-002,0.176405324391186,0.370734301387204,0.215429812070883 
 08/15  17:00:00,1.33497437681292,0.246418281759411,0.000000000000000E+000,0.000000000000000E+000,0.393411734655172,0.119165012301101,0.512576746956272,0.119165012301101,8.301240429177419E-002,1.808628602664225E-002,0.253803999437369,0.450382926411258,0.215396935466177 
 08/15  18:00:00,1.40371957150083,0.249506586924784,0.000000000000000E+000,0.000000000000000E+000,0.369198096708977,0.113383176044071,0.482581272753048,0.113383176044071,0.139611773894090,3.041784840650926E-002,0.215016716585461,0.488979922172116,0.215826767805068 
 08/15  19:00:00,1.42131536854860,0.250895511546422,0.000000000000000E+000,0.000000000000000E+000,0.320542481843272,0.104625437924279,0.425167919767553,0.104625437924279,0.271676947341384,5.919148485314999E-002,0.143443569296024,0.504723433600890,0.216131315352746 
 08/15  20:00:00,1.52827945661738,0.252675968047548,0.000000000000000E+000,0.000000000000000E+000,0.230844738385506,8.203021347169272E-002,0.312874951857197,8.203021347169272E-002,0.464114757177228,0.101118780553210,0.110983800153776,0.522075153186363,0.216716625078808 
 08/15  21:00:00,1.63488072596702,0.251713250649184,0.000000000000000E+000,0.000000000000000E+000,0.210828634905361,7.427449033574583E-002,0.285103125241107,7.427449033574583E-002,0.596179930624524,0.129892416999850,9.670661120269429E-002,0.509886628209248,0.216593425415123 
 08/15  22:00:00,1.32588696111813,0.246808593787182,0.000000000000000E+000,0.000000000000000E+000,0.180960214686419,6.176873065782137E-002,0.242728945344240,6.176873065782137E-002,0.445248256060239,9.700825065353844E-002,8.254796269208844E-002,0.441241532678422,0.216416885794958 
 08/15  23:00:00,1.00986398165073,0.242427984046788,0.000000000000000E+000,0.000000000000000E+000,0.119375072496591,4.075141351115778E-002,0.160126486007749,4.075141351115778E-002,0.309409865982456,6.741252643972800E-002,7.237240795950005E-002,0.383430681571697,0.216018155310019 
 08/15  24:00:00,0.668339128342180,0.237705575731833,0.000000000000000E+000,0.000000000000000E+000,5.582974979739661E-002,1.924701208624274E-002,7.507676188363924E-002,1.924701208624274E-002,0.158478191418172,3.452836009341598E-002,6.598822424871077E-002,0.317155577008642,0.215860624677380 
 08/16  01:00:00,0.488762435612591,0.235878611802092,0.000000000000000E+000,0.000000000000000E+000,0.000000000000000E+000,0.000000000000000E+000,0.000000000000000E+000,0.000000000000000E+000,9.433225480622347E-002,2.055259486006273E-002,6.474882801335874E-002,0.292016744243345,0.215765166075413 
 08/16  02:00:00,0.443038584962579,0.235609597305445,0.000000000000000E+000,0.000000000000000E+000,0.000000000000000E+000,0.000000000000000E+000,0.000000000000000E+000,0.000000000000000E+000,6.414594497123881E-002,1.397576705462970E-002,5.917381638629718E-002,0.288631042860813,0.215729350949511 
 08/16  03:00:00,0.437347234296627,0.235484413146994,0.000000000000000E+000,0.000000000000000E+000,0.000000000000000E+000,0.000000000000000E+000,0.000000000000000E+000,0.000000000000000E+000,6.414594497123881E-002,1.397576705462970E-002,5.754530737938157E-002,0.284568201201776,0.215884006035953 
 08/16  04:00:00,0.430126199087406,0.234994331552076,0.000000000000000E+000,0.000000000000000E+000,0.000000000000000E+000,0.000000000000000E+000,0.000000000000000E+000,0.000000000000000E+000,6.414594497123881E-002,1.397576705462970E-002,6.107387405969933E-002,0.273818599312238,0.216134332443147 
 08/16  05:00:00,0.470800284335451,0.237260887867112,0.000000000000000E+000,0.000000000000000E+000,0.000000000000000E+000,0.000000000000000E+000,0.000000000000000E+000,0.000000000000000E+000,6.791923683534599E-002,1.479787121328750E-002,6.541161282374507E-002,0.305559549773472,0.216214644657457 
 08/16  06:00:00,0.588268377294750,0.240618317866622,0.000000000000000E+000,0.000000000000000E+000,0.000000000000000E+000,0.000000000000000E+000,0.000000000000000E+000,0.000000000000000E+000,0.109425455699815,2.384101877979976E-002,8.484587746206017E-002,0.353044011663478,0.216301453482282 
 08/16  07:00:00,0.751052185569945,0.242240817338571,0.000000000000000E+000,0.000000000000000E+000,0.000000000000000E+000,0.000000000000000E+000,0.000000000000000E+000,0.000000000000000E+000,0.192437809835845,4.192729570005972E-002,0.109439341159945,0.375135713184494,0.216402327060125 
 08/16  08:00:00,0.633085477971283,0.237934281459101,0.000000000000000E+000,0.000000000000000E+000,0.000000000000000E+000,0.000000000000000E+000,0.000000000000000E+000,0.000000000000000E+000,0.150931674564283,3.288414813354746E-002,0.115002064575211,0.317155577008642,0.216089330404648 
 08/16  09:00:00,0.497385868668132,0.234473068394332,0.000000000000000E+000,0.000000000000000E+000,0.000000000000000E+000,0.000000000000000E+000,0.000000000000000E+000,0.000000000000000E+000,7.546582056356009E-002,1.644207770932665E-002,0.118440913983317,0.269925042722327,0.215881248561760 
 08/16  10:00:00,0.476350903667224,0.234767314056643,0.000000000000000E+000,0.000000000000000E+000,0.000000000000000E+000,0.000000000000000E+000,0.000000000000000E+000,0.000000000000000E+000,6.037265310713190E-002,1.315366289597190E-002,0.109439341159945,0.276273232814574,0.215738245403925 
 08/16  11:00:00,0.485123311941672,0.234507970226487,0.000000000000000E+000,0.000000000000000E+000,0.000000000000000E+000,0.000000000000000E+000,0.000000000000000E+000,0.000000000000000E+000,6.037265310713190E-002,1.315366289597190E-002,0.118127106899833,0.276357875349137,0.215473071589500 
 08/16  12:00:00,0.492009231938715,0.233649576855293,0.000000000000000E+000,0.000000000000000E+000,0.000000000000000E+000,0.000000000000000E+000,0.000000000000000E+000,0.000000000000000E+000,6.037265310713190E-002,1.315366289597190E-002,0.129668366297856,0.271702535948156,0.214935327353079 
 08/16  13:00:00,0.488366760559513,0.234097516300907,0.000000000000000E+000,0.000000000000000E+000,0.000000000000000E+000,0.000000000000000E+000,0.000000000000000E+000,0.000000000000000E+000,6.037265310713190E-002,1.315366289597190E-002,0.116630573582126,0.281097857284681,0.214736138544878 
 08/16  14:00:00,0.665923608808916,0.234834838791579,0.000000000000000E+000,0.000000000000000E+000,0.127054957978274,3.808588591997547E-002,0.165140843898249,3.808588591997547E-002,6.037265310713190E-002,1.315366289597190E-002,0.113218423969948,0.296926011248016,0.214383253977322 
 08/16  15:00:00,0.900214049492625,0.236039869520761,0.000000000000000E+000,0.000000000000000E+000,0.281962135149283,8.451391286492287E-002,0.366476048014207,8.451391286492287E-002,6.037265310713190E-002,1.315366289597190E-002,0.129668366297856,0.313431305487858,0.214451437774126 
 08/16  16:00:00,1.16895107633536,0.240096300499687,0.000000000000000E+000,0.000000000000000E+000,0.405142609439284,0.121435115402214,0.526577724841498,0.121435115402214,6.414594497123881E-002,1.397576705462970E-002,0.176405324391186,0.370734301387204,0.214560969403208 
 08/16  17:00:00,1.52254080021832,0.246088825189660,0.000000000000000E+000,0.000000000000000E+000,0.534163730629087,0.165979439732584,0.700143170361672,0.165979439732584,8.301240429177419E-002,1.808628602664225E-002,0.253803999437369,0.450382926411258,0.215067478896427 
 08/16  18:00:00,1.53649719936661,0.249424387519347,0.000000000000000E+000,0.000000000000000E+000,0.465295254168028,0.150063646450809,0.615358900618835,0.150063646450809,0.139611773894090,3.041784840650926E-002,0.215016716585461,0.488979922172116,0.215744568399631 
 08/16  19:00:00,1.51300604158706,0.250825901082846,0.000000000000000E+000,0.000000000000000E+000,0.385255387777008,0.131603205028999,0.516858592806007,0.131603205028999,0.271676947341384,5.919148485314999E-002,0.143443569296024,0.504723433600890,0.216061704889171 
 08/16  20:00:00,1.60177343631884,0.252445171559555,0.000000000000000E+000,0.000000000000000E+000,0.282875544246746,0.103493387311914,0.386368931558659,0.103493387311914,0.464114757177228,0.101118780553210,0.110983800153776,0.522075153186363,0.216485828590815 
 08/16  21:00:00,1.62023098895389,0.251849720970624,0.000000000000000E+000,0.000000000000000E+000,0.196361970435302,7.409141779266763E-002,0.270453388227969,7.409141779266763E-002,0.596179930624524,0.129892416999850,9.670661120269429E-002,0.509886628209248,0.216729895736564 
 08/16  22:00:00,1.19060064608427,0.247227582342149,0.000000000000000E+000,0.000000000000000E+000,7.759592452023550E-002,2.984670579014525E-002,0.107442630310380,2.984670579014525E-002,0.445248256060239,9.700825065353844E-002,8.254796269208844E-002,0.441241532678422,0.216835874349925 
 08/16  23:00:00,0.849737495642980,0.242900778487929,0.000000000000000E+000,0.000000000000000E+000,0.000000000000000E+000,0.000000000000000E+000,0.000000000000000E+000,0.000000000000000E+000,0.309409865982456,6.741252643972800E-002,7.237240795950005E-002,0.383430681571697,0.216490949751160 
 08/16  24:00:00,0.593262366458541,0.238023864142256,0.000000000000000E+000,0.000000000000000E+000,0.000000000000000E+000,0.000000000000000E+000,0.000000000000000E+000,0.000000000000000E+000,0.158478191418172,3.452836009341598E-002,6.598822424871077E-002,0.317155577008642,0.216178913087803 
 08/17  01:00:00,0.488762435612591,0.236251745929479,0.000000000000000E+000,0.000000000000000E+000,0.000000000000000E+000,0.000000000000000E+000,0.000000000000000E+000,0.000000000000000E+000,9.433225480622347E-002,2.055259486006273E-002,6.474882801335874E-002,0.292016744243345,0.216138300202800 
 08/17  02:00:00,0.443038584962579,0.236382813377062,0.000000000000000E+000,0.000000000000000E+000,0.000000000000000E+000,0.000000000000000E+000,0.000000000000000E+000,0.000000000000000E+000,6.414594497123881E-002,1.397576705462970E-002,5.917381638629718E-002,0.288631042860813,0.216502567021128 
 08/17  03:00:00,0.437347234296627,0.236446534284402,0.000000000000000E+000,0.000000000000000E+000,0.000000000000000E+000,0.000000000000000E+000,0.000000000000000E+000,0.000000000000000E+000,6.414594497123881E-002,1.397576705462970E-002,5.754530737938157E-002,0.284568201201776,0.216846127173361 
 08/17  04:00:00,0.430126199087406,0.236247738413064,0.000000000000000E+000,0.000000000000000E+000,0.000000000000000E+000,0.000000000000000E+000,0.000000000000000E+000,0.000000000000000E+000,6.414594497123881E-002,1.397576705462970E-002,6.107387405969933E-002,0.273818599312238,0.217387739304135 
 08/17  05:00:00,0.470800284335451,0.238487065184865,0.000000000000000E+000,0.000000000000000E+000,0.000000000000000E+000,0.000000000000000E+000,0.000000000000000E+000,0.000000000000000E+000,6.791923683534599E-002,1.479787121328750E-002,6.541161282374507E-002,0.305559549773472,0.217440821975210 
 08/17  06:00:00,0.588268377294750,0.242132230728680,0.000000000000000E+000,0.000000000000000E+000,0.000000000000000E+000,0.000000000000000E+000,0.000000000000000E+000,0.000000000000000E+000,0.109425455699815,2.384101877979976E-002,8.484587746206017E-002,0.353044011663478,0.217815366344340 
 08/17  07:00:00,0.751052185569945,0.243842105692299,0.000000000000000E+000,0.000000000000000E+000,0.000000000000000E+000,0.000000000000000E+000,0.000000000000000E+000,0.000000000000000E+000,0.192437809835845,4.192729570005972E-002,0.109439341159945,0.375135713184494,0.218003615413853 
 08/17  08:00:00,0.633085477971283,0.239722014218902,0.000000000000000E+000,0.000000000000000E+000,0.000000000000000E+000,0.000000000000000E+000,0.000000000000000E+000,0.000000000000000E+000,0.150931674564283,3.288414813354746E-002,0.115002064575211,0.317155577008642,0.217877063164449 
 08/17  09:00:00,0.497385868668132,0.236285867763477,0.000000000000000E+000,0.000000000000000E+000,0.000000000000000E+000,0.000000000000000E+000,0.000000000000000E+000,0.000000000000000E+000,7.546582056356009E-002,1.644207770932665E-002,0.118440913983317,0.269925042722327,0.217694047930904 
 08/17  10:00:00,0.476350903667224,0.236536664163119,0.000000000000000E+000,0.000000000000000E+000,0.000000000000000E+000,0.000000000000000E+000,0.000000000000000E+000,0.000000000000000E+000,6.037265310713190E-002,1.315366289597190E-002,0.109439341159945,0.276273232814574,0.217507595510400 
 08/17  11:00:00,0.485123311941672,0.236251083552803,0.000000000000000E+000,0.000000000000000E+000,0.000000000000000E+000,0.000000000000000E+000,0.000000000000000E+000,0.000000000000000E+000,6.037265310713190E-002,1.315366289597190E-002,0.118127106899833,0.276357875349137,0.217216184915817 
 08/17  12:00:00,0.492009231938715,0.235808311840621,0.000000000000000E+000,0.000000000000000E+000,0.000000000000000E+000,0.000000000000000E+000,0.000000000000000E+000,0.000000000000000E+000,6.037265310713190E-002,1.315366289597190E-002,0.129668366297856,0.271702535948156,0.217094062338408 
 08/17  13:00:00,0.488366760559513,0.236012339110178,0.000000000000000E+000,0.000000000000000E+000,0.000000000000000E+000,0.000000000000000E+000,0.000000000000000E+000,0.000000000000000E+000,6.037265310713190E-002,1.315366289597190E-002,0.116630573582126,0.281097857284681,0.216650961354149 
 08/17  14:00:00,0.500782764910666,0.237107437597403,0.000000000000000E+000,0.000000000000000E+000,0.000000000000000E+000,0.000000000000000E+000,0.000000000000000E+000,0.000000000000000E+000,6.037265310713190E-002,1.315366289597190E-002,0.113218423969948,0.296926011248016,0.216655852783146 
 08/17  15:00:00,0.533738001478415,0.237981737223968,0.000000000000000E+000,0.000000000000000E+000,0.000000000000000E+000,0.000000000000000E+000,0.000000000000000E+000,0.000000000000000E+000,6.037265310713190E-002,1.315366289597190E-002,0.129668366297856,0.313431305487858,0.216393305477333 
 08/17  16:00:00,0.642373351493859,0.241853564679377,0.000000000000000E+000,0.000000000000000E+000,0.000000000000000E+000,0.000000000000000E+000,0.000000000000000E+000,0.000000000000000E+000,6.414594497123881E-002,1.397576705462970E-002,0.176405324391186,0.370734301387204,0.216318233582899 
 08/17  17:00:00,0.822397629856644,0.247505041844617,0.000000000000000E+000,0.000000000000000E+000,0.000000000000000E+000,0.000000000000000E+000,0.000000000000000E+000,0.000000000000000E+000,8.301240429177419E-002,1.808628602664225E-002,0.253803999437369,0.450382926411258,0.216483695551383 
 08/17  18:00:00,0.921138298747777,0.250307586990614,0.000000000000000E+000,0.000000000000000E+000,0.000000000000000E+000,0.000000000000000E+000,0.000000000000000E+000,0.000000000000000E+000,0.139611773894090,3.041784840650926E-002,0.215016716585461,0.488979922172116,0.216627767870898 
 08/17  19:00:00,0.996147448781046,0.251640784910757,0.000000000000000E+000,0.000000000000000E+000,0.000000000000000E+000,0.000000000000000E+000,0.000000000000000E+000,0.000000000000000E+000,0.271676947341384,5.919148485314999E-002,0.143443569296024,0.504723433600890,0.216876588717080 
 08/17  20:00:00,1.21540450476018,0.253057470900831,0.000000000000000E+000,0.000000000000000E+000,0.000000000000000E+000,0.000000000000000E+000,0.000000000000000E+000,0.000000000000000E+000,0.464114757177228,0.101118780553210,0.110983800153776,0.522075153186363,0.217098127932091 
 08/17  21:00:00,1.34977760072592,0.252581374610003,0.000000000000000E+000,0.000000000000000E+000,0.000000000000000E+000,0.000000000000000E+000,0.000000000000000E+000,0.000000000000000E+000,0.596179930624524,0.129892416999850,9.670661120269429E-002,0.509886628209248,0.217461549375943 
 08/17  22:00:00,1.08315801577389,0.248103877978039,0.000000000000000E+000,0.000000000000000E+000,0.000000000000000E+000,0.000000000000000E+000,0.000000000000000E+000,0.000000000000000E+000,0.445248256060239,9.700825065353844E-002,8.254796269208844E-002,0.441241532678422,0.217712169985815 
 08/17  23:00:00,0.849737495642980,0.244233876086730,0.000000000000000E+000,0.000000000000000E+000,0.000000000000000E+000,0.000000000000000E+000,0.000000000000000E+000,0.000000000000000E+000,0.309409865982456,6.741252643972800E-002,7.237240795950005E-002,0.383430681571697,0.217824047349962 
 08/17  24:00:00,0.593262366458541,0.239831684538261,0.000000000000000E+000,0.000000000000000E+000,0.000000000000000E+000,0.000000000000000E+000,0.000000000000000E+000,0.000000000000000E+000,0.158478191418172,3.452836009341598E-002,6.598822424871077E-002,0.317155577008642,0.217986733483808 
 08/18  01:00:00,0.488762435612591,0.238236660904580,0.000000000000000E+000,0.000000000000000E+000,0.000000000000000E+000,0.000000000000000E+000,0.000000000000000E+000,0.000000000000000E+000,9.433225480622347E-002,2.055259486006273E-002,6.474882801335874E-002,0.292016744243345,0.218123215177902 
 08/18  02:00:00,0.443038584962579,0.238298163138810,0.000000000000000E+000,0.000000000000000E+000,0.000000000000000E+000,0.000000000000000E+000,0.000000000000000E+000,0.000000000000000E+000,6.414594497123881E-002,1.397576705462970E-002,5.917381638629718E-002,0.288631042860813,0.218417916782876 
 08/18  03:00:00,0.437347234296627,0.238282923053665,0.000000000000000E+000,0.000000000000000E+000,0.000000000000000E+000,0.000000000000000E+000,0.000000000000000E+000,0.000000000000000E+000,6.414594497123881E-002,1.397576705462970E-002,5.754530737938157E-002,0.284568201201776,0.218682515942624 
 08/18  04:00:00,0.430126199087406,0.237628731289501,0.000000000000000E+000,0.000000000000000E+000,0.000000000000000E+000,0.000000000000000E+000,0.000000000000000E+000,0.000000000000000E+000,6.414594497123881E-002,1.397576705462970E-002,6.107387405969933E-002,0.273818599312238,0.218768732180573 
 08/18  05:00:00,0.470800284335451,0.239962095266778,0.000000000000000E+000,0.000000000000000E+000,0.000000000000000E+000,0.000000000000000E+000,0.000000000000000E+000,0.000000000000000E+000,6.791923683534599E-002,1.479787121328750E-002,6.541161282374507E-002,0.305559549773472,0.218915852057124 
 08/18  06:00:00,0.588268377294750,0.243422341283874,0.000000000000000E+000,0.000000000000000E+000,0.000000000000000E+000,0.000000000000000E+000,0.000000000000000E+000,0.000000000000000E+000,0.109425455699815,2.384101877979976E-002,8.484587746206017E-002,0.353044011663478,0.219105476899534 
 08/18  07:00:00,0.751052185569945,0.245268628129248,0.000000000000000E+000,0.000000000000000E+000,0.000000000000000E+000,0.000000000000000E+000,0.000000000000000E+000,0.000000000000000E+000,0.192437809835845,4.192729570005972E-002,0.109439341159945,0.375135713184494,0.219430137850803 
 08/18  08:00:00,0.633085477971283,0.241539715616229,0.000000000000000E+000,0.000000000000000E+000,0.000000000000000E+000,0.000000000000000E+000,0.000000000000000E+000,0.000000000000000E+000,0.150931674564283,3.288414813354746E-002,0.115002064575211,0.317155577008642,0.219694764561776 
 08/18  09:00:00,0.497385868668132,0.238401516734594,0.000000000000000E+000,0.000000000000000E+000,0.000000000000000E+000,0.000000000000000E+000,0.000000000000000E+000,0.000000000000000E+000,7.546582056356009E-002,1.644207770932665E-002,0.118440913983317,0.269925042722327,0.219809696902022 
 08/18  10:00:00,0.476350903667224,0.238942926592018,0.000000000000000E+000,0.000000000000000E+000,0.000000000000000E+000,0.000000000000000E+000,0.000000000000000E+000,0.000000000000000E+000,6.037265310713190E-002,1.315366289597190E-002,0.109439341159945,0.276273232814574,0.219913857939300 
 08/18  11:00:00,0.485123311941672,0.239087555301623,0.000000000000000E+000,0.000000000000000E+000,0.000000000000000E+000,0.000000000000000E+000,0.000000000000000E+000,0.000000000000000E+000,6.037265310713190E-002,1.315366289597190E-002,0.118127106899833,0.276357875349137,0.220052656664636 
 08/18  12:00:00,0.492009231938715,0.238840840222047,0.000000000000000E+000,0.000000000000000E+000,0.000000000000000E+000,0.000000000000000E+000,0.000000000000000E+000,0.000000000000000E+000,6.037265310713190E-002,1.315366289597190E-002,0.129668366297856,0.271702535948156,0.220126590719833 
 08/18  13:00:00,0.488366760559513,0.239597608340113,0.000000000000000E+000,0.000000000000000E+000,0.000000000000000E+000,0.000000000000000E+000,0.000000000000000E+000,0.000000000000000E+000,6.037265310713190E-002,1.315366289597190E-002,0.116630573582126,0.281097857284681,0.220236230584085 
 08/18  14:00:00,0.500782764910666,0.240757843446559,0.000000000000000E+000,0.000000000000000E+000,0.000000000000000E+000,0.000000000000000E+000,0.000000000000000E+000,0.000000000000000E+000,6.037265310713190E-002,1.315366289597190E-002,0.113218423969948,0.296926011248016,0.220306258632302 
 08/18  15:00:00,0.533738001478415,0.241906797034341,0.000000000000000E+000,0.000000000000000E+000,0.000000000000000E+000,0.000000000000000E+000,0.000000000000000E+000,0.000000000000000E+000,6.037265310713190E-002,1.315366289597190E-002,0.129668366297856,0.313431305487858,0.220318365287707 
 08/18  16:00:00,0.642373351493859,0.245909224610508,0.000000000000000E+000,0.000000000000000E+000,0.000000000000000E+000,0.000000000000000E+000,0.000000000000000E+000,0.000000000000000E+000,6.414594497123881E-002,1.397576705462970E-002,0.176405324391186,0.370734301387204,0.220373893514030 
 08/18  17:00:00,0.822397629856644,0.251413773849785,0.000000000000000E+000,0.000000000000000E+000,0.000000000000000E+000,0.000000000000000E+000,0.000000000000000E+000,0.000000000000000E+000,8.301240429177419E-002,1.808628602664225E-002,0.253803999437369,0.450382926411258,0.220392427556551 
 08/18  18:00:00,0.921138298747777,0.254132609214146,0.000000000000000E+000,0.000000000000000E+000,0.000000000000000E+000,0.000000000000000E+000,0.000000000000000E+000,0.000000000000000E+000,0.139611773894090,3.041784840650926E-002,0.215016716585461,0.488979922172116,0.220452790094430 
 08/18  19:00:00,0.996147448781046,0.255294762291513,0.000000000000000E+000,0.000000000000000E+000,0.000000000000000E+000,0.000000000000000E+000,0.000000000000000E+000,0.000000000000000E+000,0.271676947341384,5.919148485314999E-002,0.143443569296024,0.504723433600890,0.220530566097837 
 08/18  20:00:00,1.21540450476018,0.256724518293956,0.000000000000000E+000,0.000000000000000E+000,0.000000000000000E+000,0.000000000000000E+000,0.000000000000000E+000,0.000000000000000E+000,0.464114757177228,0.101118780553210,0.110983800153776,0.522075153186363,0.220765175325216 
 08/18  21:00:00,1.34977760072592,0.256126625573005,0.000000000000000E+000,0.000000000000000E+000,0.000000000000000E+000,0.000000000000000E+000,0.000000000000000E+000,0.000000000000000E+000,0.596179930624524,0.129892416999850,9.670661120269429E-002,0.509886628209248,0.221006800338944 
 08/18  22:00:00,1.08315801577389,0.251391072160478,0.000000000000000E+000,0.000000000000000E+000,0.000000000000000E+000,0.000000000000000E+000,0.000000000000000E+000,0.000000000000000E+000,0.445248256060239,9.700825065353844E-002,8.254796269208844E-002,0.441241532678422,0.220999364168253 
 08/18  23:00:00,0.849737495642980,0.247447602866357,0.000000000000000E+000,0.000000000000000E+000,0.000000000000000E+000,0.000000000000000E+000,0.000000000000000E+000,0.000000000000000E+000,0.309409865982456,6.741252643972800E-002,7.237240795950005E-002,0.383430681571697,0.221037774129588 
 08/18  24:00:00,0.593262366458541,0.243100220285459,0.000000000000000E+000,0.000000000000000E+000,0.000000000000000E+000,0.000000000000000E+000,0.000000000000000E+000,0.000000000000000E+000,0.158478191418172,3.452836009341598E-002,6.598822424871077E-002,0.317155577008642,0.221255269231006 
 08/19  01:00:00,0.511517924145706,0.304851805409433,0.000000000000000E+000,0.000000000000000E+000,0.000000000000000E+000,0.000000000000000E+000,0.000000000000000E+000,0.000000000000000E+000,9.433225480622347E-002,2.055259486006273E-002,8.750431654647417E-002,0.292016744243345,0.284738359682753 
 08/19  02:00:00,0.458193010726518,0.287107229552572,0.000000000000000E+000,0.000000000000000E+000,0.000000000000000E+000,0.000000000000000E+000,0.000000000000000E+000,0.000000000000000E+000,6.414594497123881E-002,1.397576705462970E-002,7.432824215023587E-002,0.288631042860813,0.267226983196639 
 08/19  03:00:00,0.445394861396471,0.291880837084516,0.000000000000000E+000,0.000000000000000E+000,0.000000000000000E+000,0.000000000000000E+000,0.000000000000000E+000,0.000000000000000E+000,6.414594497123881E-002,1.397576705462970E-002,6.559293447922755E-002,0.284568201201776,0.272280429973476 
 08/19  04:00:00,0.445324375526857,0.343509652486991,0.000000000000000E+000,0.000000000000000E+000,0.000000000000000E+000,0.000000000000000E+000,0.000000000000000E+000,0.000000000000000E+000,6.414594497123881E-002,1.397576705462970E-002,7.627205049915019E-002,0.273818599312238,0.324649653378062 
 08/19  05:00:00,0.494945794669875,0.572596531266700,0.000000000000000E+000,0.000000000000000E+000,0.000000000000000E+000,0.000000000000000E+000,0.000000000000000E+000,0.000000000000000E+000,6.791923683534599E-002,1.479787121328750E-002,8.955712315816899E-002,0.305559549773472,0.551550288057044 
 08/19  06:00:00,0.649879872177018,1.00078182602226,0.000000000000000E+000,0.000000000000000E+000,0.000000000000000E+000,0.000000000000000E+000,0.000000000000000E+000,0.000000000000000E+000,0.109425455699815,2.384101877979976E-002,0.146457372344328,0.353044011663478,0.976464961637919 
 08/19  07:00:00,0.872072942542493,1.12146369095976,0.000000000000000E+000,0.000000000000000E+000,0.000000000000000E+000,0.000000000000000E+000,0.000000000000000E+000,0.000000000000000E+000,0.192437809835845,4.192729570005972E-002,0.230460098132495,0.375135713184494,1.09562520068131 
 08/19  08:00:00,0.820423754568404,1.09151164727634,0.000000000000000E+000,0.000000000000000E+000,0.000000000000000E+000,0.000000000000000E+000,0.000000000000000E+000,0.000000000000000E+000,0.150931674564283,3.288414813354746E-002,0.302340341172329,0.317155577008642,1.06966669622189 
 08/19  09:00:00,0.754830831313107,0.995133909833919,0.000000000000000E+000,0.000000000000000E+000,0.000000000000000E+000,0.000000000000000E+000,0.000000000000000E+000,0.000000000000000E+000,7.546582056356009E-002,1.644207770932665E-002,0.375885876628294,0.269925042722327,0.976542090001344 
 08/19  10:00:00,0.764597352645348,0.883154478092231,0.000000000000000E+000,0.000000000000000E+000,0.000000000000000E+000,0.000000000000000E+000,0.000000000000000E+000,0.000000000000000E+000,6.037265310713190E-002,1.315366289597190E-002,0.397685790138072,0.276273232814574,0.864125409439513 
 08/19  11:00:00,0.780554387012999,0.781568165511643,0.000000000000000E+000,0.000000000000000E+000,0.000000000000000E+000,0.000000000000000E+000,0.000000000000000E+000,0.000000000000000E+000,6.037265310713190E-002,1.315366289597190E-002,0.413558181971159,0.276357875349137,0.762533266874656 
 08/19  12:00:00,0.760678791306802,0.703358846711147,0.000000000000000E+000,0.000000000000000E+000,0.000000000000000E+000,0.000000000000000E+000,0.000000000000000E+000,0.000000000000000E+000,6.037265310713190E-002,1.315366289597190E-002,0.398337925665944,0.271702535948156,0.684644597208934 
 08/19  13:00:00,0.734769679912349,0.656218089100098,0.000000000000000E+000,0.000000000000000E+000,0.000000000000000E+000,0.000000000000000E+000,0.000000000000000E+000,0.000000000000000E+000,6.037265310713190E-002,1.315366289597190E-002,0.363033492934962,0.281097857284681,0.636856711344070 
 08/19  14:00:00,0.721321526038615,0.611814340979115,0.000000000000000E+000,0.000000000000000E+000,0.000000000000000E+000,0.000000000000000E+000,0.000000000000000E+000,0.000000000000000E+000,6.037265310713190E-002,1.315366289597190E-002,0.333757185097896,0.296926011248016,0.591362756164857 
 08/19  15:00:00,0.742673621765967,0.618026002670901,0.000000000000000E+000,0.000000000000000E+000,0.000000000000000E+000,0.000000000000000E+000,0.000000000000000E+000,0.000000000000000E+000,6.037265310713190E-002,1.315366289597190E-002,0.338603986585406,0.313431305487858,0.596437570924267 
 08/19  16:00:00,0.845346380156813,0.680254510536968,0.000000000000000E+000,0.000000000000000E+000,0.000000000000000E+000,0.000000000000000E+000,0.000000000000000E+000,0.000000000000000E+000,6.414594497123881E-002,1.397576705462970E-002,0.379378353054140,0.370734301387204,0.654719179440488 
 08/19  17:00:00,1.02426845594919,0.802711142527086,0.000000000000000E+000,0.000000000000000E+000,0.000000000000000E+000,0.000000000000000E+000,0.000000000000000E+000,0.000000000000000E+000,8.301240429177419E-002,1.808628602664225E-002,0.455674825529913,0.450382926411258,0.771689796233851 
 08/19  18:00:00,1.12358621665995,0.921465074032422,0.000000000000000E+000,0.000000000000000E+000,0.000000000000000E+000,0.000000000000000E+000,0.000000000000000E+000,0.000000000000000E+000,0.139611773894090,3.041784840650926E-002,0.417464634497629,0.488979922172116,0.887785254912708 
 08/19  19:00:00,1.25111754475605,0.947944621756585,0.000000000000000E+000,0.000000000000000E+000,3.595507042317721E-002,1.292993427771118E-002,4.888500470088830E-002,1.292993427771118E-002,0.271676947341384,5.919148485314999E-002,0.349528660570141,0.504723433600890,0.913180425562909 
 08/19  20:00:00,1.45035573298279,0.886513889768442,0.000000000000000E+000,0.000000000000000E+000,2.098025623325689E-002,7.967820054744472E-003,2.894807628800139E-002,7.967820054744472E-003,0.464114757177228,0.101118780553210,0.316986952088389,0.522075153186363,0.850554546799701 
 08/19  21:00:00,1.56573960168111,0.801600721575859,0.000000000000000E+000,0.000000000000000E+000,7.109616890995239E-003,2.730142182120826E-003,9.839759073116070E-003,2.730142182120826E-003,0.596179930624524,0.129892416999850,0.302828853084766,0.509886628209248,0.766480896341799 
 08/19  22:00:00,1.24551747699565,0.669880052452919,0.000000000000000E+000,0.000000000000000E+000,0.000000000000000E+000,0.000000000000000E+000,0.000000000000000E+000,0.000000000000000E+000,0.445248256060239,9.700825065353844E-002,0.244907423913850,0.441241532678422,0.639488344460694 
 08/19  23:00:00,0.939946351435688,0.524781708729142,0.000000000000000E+000,0.000000000000000E+000,0.000000000000000E+000,0.000000000000000E+000,0.000000000000000E+000,0.000000000000000E+000,0.309409865982456,6.741252643972800E-002,0.162581263752207,0.383430681571697,0.498371879992374 
 08/19  24:00:00,0.631828807370369,0.370297110676807,0.000000000000000E+000,0.000000000000000E+000,0.000000000000000E+000,0.000000000000000E+000,0.000000000000000E+000,0.000000000000000E+000,0.158478191418172,3.452836009341598E-002,0.104554665160539,0.317155577008642,0.348452159622355 
 08/20  01:00:00,0.511517924145706,0.303923883446232,0.000000000000000E+000,0.000000000000000E+000,0.000000000000000E+000,0.000000000000000E+000,0.000000000000000E+000,0.000000000000000E+000,9.433225480622347E-002,2.055259486006273E-002,8.750431654647417E-002,0.292016744243345,0.283810437719552 
 08/20  02:00:00,0.458193010726518,0.286202441183973,0.000000000000000E+000,0.000000000000000E+000,0.000000000000000E+000,0.000000000000000E+000,0.000000000000000E+000,0.000000000000000E+000,6.414594497123881E-002,1.397576705462970E-002,7.432824215023587E-002,0.288631042860813,0.266322194828038 
 08/20  03:00:00,0.445394861396471,0.291007318639963,0.000000000000000E+000,0.000000000000000E+000,0.000000000000000E+000,0.000000000000000E+000,0.000000000000000E+000,0.000000000000000E+000,6.414594497123881E-002,1.397576705462970E-002,6.559293447922755E-002,0.284568201201776,0.271406911528921 
 08/20  04:00:00,0.445324375526857,0.342654713934130,0.000000000000000E+000,0.000000000000000E+000,0.000000000000000E+000,0.000000000000000E+000,0.000000000000000E+000,0.000000000000000E+000,6.414594497123881E-002,1.397576705462970E-002,7.627205049915019E-002,0.273818599312238,0.323794714825201 
 08/20  05:00:00,0.494945794669875,0.571837193499692,0.000000000000000E+000,0.000000000000000E+000,0.000000000000000E+000,0.000000000000000E+000,0.000000000000000E+000,0.000000000000000E+000,6.791923683534599E-002,1.479787121328750E-002,8.955712315816899E-002,0.305559549773472,0.550790950290035 
 08/20  06:00:00,0.649879872177018,1.00052078015048,0.000000000000000E+000,0.000000000000000E+000,0.000000000000000E+000,0.000000000000000E+000,0.000000000000000E+000,0.000000000000000E+000,0.109425455699815,2.384101877979976E-002,0.146457372344328,0.353044011663478,0.976203915766138 
 08/20  07:00:00,0.872072942542493,1.12105067965803,0.000000000000000E+000,0.000000000000000E+000,0.000000000000000E+000,0.000000000000000E+000,0.000000000000000E+000,0.000000000000000E+000,0.192437809835845,4.192729570005972E-002,0.230460098132495,0.375135713184494,1.09521218937958 
 08/20  08:00:00,0.820423754568404,1.09070211707195,0.000000000000000E+000,0.000000000000000E+000,0.000000000000000E+000,0.000000000000000E+000,0.000000000000000E+000,0.000000000000000E+000,0.150931674564283,3.288414813354746E-002,0.302340341172329,0.317155577008642,1.06885716601750 
 08/20  09:00:00,0.754830831313107,0.993285927158753,0.000000000000000E+000,0.000000000000000E+000,0.000000000000000E+000,0.000000000000000E+000,0.000000000000000E+000,0.000000000000000E+000,7.546582056356009E-002,1.644207770932665E-002,0.375885876628294,0.269925042722327,0.974694107326181 
 08/20  10:00:00,0.764597352645348,0.880948706869074,0.000000000000000E+000,0.000000000000000E+000,0.000000000000000E+000,0.000000000000000E+000,0.000000000000000E+000,0.000000000000000E+000,6.037265310713190E-002,1.315366289597190E-002,0.397685790138072,0.276273232814574,0.861919638216353 
 08/20  11:00:00,0.780554387012999,0.779736490790235,0.000000000000000E+000,0.000000000000000E+000,0.000000000000000E+000,0.000000000000000E+000,0.000000000000000E+000,0.000000000000000E+000,6.037265310713190E-002,1.315366289597190E-002,0.413558181971159,0.276357875349137,0.760701592153248 
 08/20  12:00:00,0.760678791306802,0.701774800978056,0.000000000000000E+000,0.000000000000000E+000,0.000000000000000E+000,0.000000000000000E+000,0.000000000000000E+000,0.000000000000000E+000,6.037265310713190E-002,1.315366289597190E-002,0.398337925665944,0.271702535948156,0.683060551475840 
 08/20  13:00:00,0.734769679912349,0.654845711082958,0.000000000000000E+000,0.000000000000000E+000,0.000000000000000E+000,0.000000000000000E+000,0.000000000000000E+000,0.000000000000000E+000,6.037265310713190E-002,1.315366289597190E-002,0.363033492934962,0.281097857284681,0.635484333326929 
 08/20  14:00:00,0.721321526038615,0.610532912444534,0.000000000000000E+000,0.000000000000000E+000,0.000000000000000E+000,0.000000000000000E+000,0.000000000000000E+000,0.000000000000000E+000,6.037265310713190E-002,1.315366289597190E-002,0.333757185097896,0.296926011248016,0.590081327630276 
 08/20  15:00:00,0.754183347232962,0.616942053407795,0.000000000000000E+000,0.000000000000000E+000,8.753322774205201E-003,2.756402692788892E-003,1.150972546699409E-002,2.756402692788892E-003,6.037265310713190E-002,1.315366289597190E-002,0.338603986585406,0.313431305487858,0.595353621661161 
 08/20  16:00:00,1.05056845901331,0.679220009808851,0.000000000000000E+000,0.000000000000000E+000,0.156084648856549,4.913742999995033E-002,0.205222078856499,4.913742999995033E-002,6.414594497123881E-002,1.397576705462970E-002,0.379378353054140,0.370734301387204,0.653684678712372 
 08/20  17:00:00,1.48770558956006,0.802001400570179,0.000000000000000E+000,0.000000000000000E+000,0.351391954411075,0.112045179199797,0.463437133610871,0.112045179199797,8.301240429177419E-002,1.808628602664225E-002,0.455674825529913,0.450382926411258,0.770980054276944 
 08/20  18:00:00,1.56977918480949,0.921353052545508,0.000000000000000E+000,0.000000000000000E+000,0.335512487358314,0.110680480791229,0.446192968149542,0.110680480791229,0.139611773894090,3.041784840650926E-002,0.417464634497629,0.488979922172116,0.887673233425794 
 08/20  19:00:00,1.59410390344849,0.948017084669919,0.000000000000000E+000,0.000000000000000E+000,0.289772602339452,0.102098761053879,0.391871363393329,0.102098761053879,0.271676947341384,5.919148485314999E-002,0.349528660570141,0.504723433600890,0.913252888476243 
 08/20  20:00:00,1.72025767296238,0.886366018980728,0.000000000000000E+000,0.000000000000000E+000,0.217910907019836,8.093910924775283E-002,0.298850016267588,8.093910924775283E-002,0.464114757177228,0.101118780553210,0.316986952088389,0.522075153186363,0.850406676011988 
 08/20  21:00:00,1.79360823968709,0.801260152259995,0.000000000000000E+000,0.000000000000000E+000,0.173010082242933,6.469831483616741E-002,0.237708397079100,6.469831483616741E-002,0.596179930624524,0.129892416999850,0.302828853084766,0.509886628209248,0.766140327025935 
 08/20  22:00:00,1.36808700335755,0.669300142365241,0.000000000000000E+000,0.000000000000000E+000,8.901747072906267E-002,3.355205563284303E-002,0.122569526361906,3.355205563284303E-002,0.445248256060239,9.700825065353844E-002,0.244907423913850,0.441241532678422,0.638908434373016 
 08/20  23:00:00,0.945051361811840,0.523917160617385,0.000000000000000E+000,0.000000000000000E+000,3.699422478207726E-003,1.405587897946133E-003,5.105010376153867E-003,1.405587897946133E-003,0.309409865982456,6.741252643972800E-002,0.162581263752207,0.383430681571697,0.497507331880617 
 08/20  24:00:00,0.631828807370369,0.369229822279249,0.000000000000000E+000,0.000000000000000E+000,0.000000000000000E+000,0.000000000000000E+000,0.000000000000000E+000,0.000000000000000E+000,0.158478191418172,3.452836009341598E-002,0.104554665160539,0.317155577008642,0.347384871224794 
 08/21  01:00:00,0.507570896912745,0.296433677781314,0.000000000000000E+000,0.000000000000000E+000,0.000000000000000E+000,0.000000000000000E+000,0.000000000000000E+000,0.000000000000000E+000,9.433225480622347E-002,2.055259486006273E-002,8.355728931351325E-002,0.292016744243345,0.276320232054634 
 08/21  02:00:00,0.455581770210297,0.280308803081694,0.000000000000000E+000,0.000000000000000E+000,0.000000000000000E+000,0.000000000000000E+000,0.000000000000000E+000,0.000000000000000E+000,6.414594497123881E-002,1.397576705462970E-002,7.171700163401486E-002,0.288631042860813,0.260428556725761 
 08/21  03:00:00,0.444029456132172,0.284838097105715,0.000000000000000E+000,0.000000000000000E+000,0.000000000000000E+000,0.000000000000000E+000,0.000000000000000E+000,0.000000000000000E+000,6.414594497123881E-002,1.397576705462970E-002,6.422752921492920E-002,0.284568201201776,0.265237689994673 
 08/21  04:00:00,0.442653217774458,0.331586146510583,0.000000000000000E+000,0.000000000000000E+000,0.000000000000000E+000,0.000000000000000E+000,0.000000000000000E+000,0.000000000000000E+000,6.414594497123881E-002,1.397576705462970E-002,7.360089274675015E-002,0.273818599312238,0.312726147401654 
 08/21  05:00:00,0.490849098792348,0.542543254299117,0.000000000000000E+000,0.000000000000000E+000,0.000000000000000E+000,0.000000000000000E+000,0.000000000000000E+000,0.000000000000000E+000,6.791923683534599E-002,1.479787121328750E-002,8.546042728064268E-002,0.305559549773472,0.521497011089461 
 08/21  06:00:00,0.639254351459105,0.934678290386517,0.000000000000000E+000,0.000000000000000E+000,0.000000000000000E+000,0.000000000000000E+000,0.000000000000000E+000,0.000000000000000E+000,0.109425455699815,2.384101877979976E-002,0.135831851626414,0.353044011663478,0.910361426002178 
 08/21  07:00:00,0.850911563693834,1.04184789186425,0.000000000000000E+000,0.000000000000000E+000,0.000000000000000E+000,0.000000000000000E+000,0.000000000000000E+000,0.000000000000000E+000,0.192437809835845,4.192729570005972E-002,0.209298719283835,0.375135713184494,1.01600940158580 
 08/21  08:00:00,0.787986427726371,1.00825633837476,0.000000000000000E+000,0.000000000000000E+000,0.000000000000000E+000,0.000000000000000E+000,0.000000000000000E+000,0.000000000000000E+000,0.150931674564283,3.288414813354746E-002,0.269903014330297,0.317155577008642,0.986411387320304 
 08/21  09:00:00,0.709799736822377,0.917831877586262,0.000000000000000E+000,0.000000000000000E+000,0.000000000000000E+000,0.000000000000000E+000,0.000000000000000E+000,0.000000000000000E+000,7.546582056356009E-002,1.644207770932665E-002,0.330854782137564,0.269925042722327,0.899240057753690 
 08/21  10:00:00,0.713681082623065,0.816210999348616,0.000000000000000E+000,0.000000000000000E+000,0.000000000000000E+000,0.000000000000000E+000,0.000000000000000E+000,0.000000000000000E+000,6.037265310713190E-002,1.315366289597190E-002,0.346769520115789,0.276273232814574,0.797181930695898 
 08/21  11:00:00,0.728065585502977,0.725658698258219,0.000000000000000E+000,0.000000000000000E+000,0.000000000000000E+000,0.000000000000000E+000,0.000000000000000E+000,0.000000000000000E+000,6.037265310713190E-002,1.315366289597190E-002,0.361069380461137,0.276357875349137,0.706623799621232 
 08/21  12:00:00,0.712868246967308,0.654754678106209,0.000000000000000E+000,0.000000000000000E+000,0.000000000000000E+000,0.000000000000000E+000,0.000000000000000E+000,0.000000000000000E+000,6.037265310713190E-002,1.315366289597190E-002,0.350527381326447,0.271702535948156,0.636040428603997 
 08/21  13:00:00,0.691181612527203,0.613849665273239,0.000000000000000E+000,0.000000000000000E+000,0.000000000000000E+000,0.000000000000000E+000,0.000000000000000E+000,0.000000000000000E+000,6.037265310713190E-002,1.315366289597190E-002,0.319445425549819,0.281097857284681,0.594488287517211 
 08/21  14:00:00,0.762498114864404,0.573325194743022,0.000000000000000E+000,0.000000000000000E+000,6.142698312659996E-002,1.887520917485545E-002,8.030219230145522E-002,1.887520917485545E-002,6.037265310713190E-002,1.315366289597190E-002,0.294631581622230,0.296926011248016,0.552873609928765 
 08/21  15:00:00,0.971959619743796,0.579933804163517,0.000000000000000E+000,0.000000000000000E+000,0.204409826513630,6.193517396664176E-002,0.266345000480272,6.193517396664176E-002,6.037265310713190E-002,1.315366289597190E-002,0.301544984082964,0.313431305487858,0.558345372416882 
 08/21  16:00:00,1.23611949609481,0.634064345857051,0.000000000000000E+000,0.000000000000000E+000,0.326450641356371,0.100240422563689,0.426691063920061,0.100240422563689,6.414594497123881E-002,1.397576705462970E-002,0.343460405072082,0.370734301387204,0.608529014760572 
 08/21  17:00:00,1.62638215372410,0.747952973779231,0.000000000000000E+000,0.000000000000000E+000,0.484904140742719,0.152561515528916,0.637465656271634,0.152561515528916,8.301240429177419E-002,1.808628602664225E-002,0.420322867033191,0.450382926411258,0.716931627485999 
 08/21  18:00:00,1.67591449730523,0.851330838469448,0.000000000000000E+000,0.000000000000000E+000,0.443673483372839,0.142965140260242,0.586638623633079,0.142965140260242,0.139611773894090,3.041784840650926E-002,0.383154291509830,0.488979922172116,0.817651019349731 
 08/21  19:00:00,1.68929646009367,0.869529789116330,0.000000000000000E+000,0.000000000000000E+000,0.389852850169561,0.131455851458299,0.521308701627858,0.131455851458299,0.271676947341384,5.919148485314999E-002,0.315283878980793,0.504723433600890,0.834765592922654 
 08/21  20:00:00,1.80519769243618,0.811515018081845,0.000000000000000E+000,0.000000000000000E+000,0.308903558419552,0.109741875533720,0.418645433953271,0.109741875533720,0.464114757177228,0.101118780553210,0.282131553876513,0.522075153186363,0.775555675113105 
 08/21  21:00:00,1.87009852736382,0.738483422167193,0.000000000000000E+000,0.000000000000000E+000,0.256861892633982,9.294367807563492E-002,0.349805570709616,9.294367807563492E-002,0.596179930624524,0.129892416999850,0.267221967130982,0.509886628209248,0.703363596933133 
 08/21  22:00:00,1.46771243933212,0.619665533045610,0.000000000000000E+000,0.000000000000000E+000,0.183930106724286,6.655809017102510E-002,0.250488196895311,6.655809017102510E-002,0.445248256060239,9.700825065353844E-002,0.216614189355009,0.441241532678422,0.589273825053386 
 08/21  23:00:00,1.04744215120467,0.492690151023480,0.000000000000000E+000,0.000000000000000E+000,8.992972039775458E-002,3.310093713487686E-002,0.123030657532631,3.310093713487686E-002,0.309409865982456,6.741252643972800E-002,0.147046405988563,0.383430681571697,0.466280322286712 
 08/21  24:00:00,0.632975119630324,0.356927941555175,0.000000000000000E+000,0.000000000000000E+000,5.629099066056011E-003,2.090901529647116E-003,7.720000595703147E-003,2.090901529647116E-003,0.158478191418172,3.452836009341598E-002,9.798097682479152E-002,0.317155577008642,0.335082990500722 
 08/22  01:00:00,0.507570896912745,0.295258838079209,0.000000000000000E+000,0.000000000000000E+000,0.000000000000000E+000,0.000000000000000E+000,0.000000000000000E+000,0.000000000000000E+000,9.433225480622347E-002,2.055259486006273E-002,8.355728931351325E-002,0.292016744243345,0.275145392352530 
 08/22  02:00:00,0.455581770210297,0.278991935296153,0.000000000000000E+000,0.000000000000000E+000,0.000000000000000E+000,0.000000000000000E+000,0.000000000000000E+000,0.000000000000000E+000,6.414594497123881E-002,1.397576705462970E-002,7.171700163401486E-002,0.288631042860813,0.259111688940220 
 08/22  03:00:00,0.444029456132172,0.283509110057468,0.000000000000000E+000,0.000000000000000E+000,0.000000000000000E+000,0.000000000000000E+000,0.000000000000000E+000,0.000000000000000E+000,6.414594497123881E-002,1.397576705462970E-002,6.422752921492920E-002,0.284568201201776,0.263908702946426 
 08/22  04:00:00,0.442653217774458,0.330292884197985,0.000000000000000E+000,0.000000000000000E+000,0.000000000000000E+000,0.000000000000000E+000,0.000000000000000E+000,0.000000000000000E+000,6.414594497123881E-002,1.397576705462970E-002,7.360089274675015E-002,0.273818599312238,0.311432885089056 
 08/22  05:00:00,0.490849098792348,0.541147527682231,0.000000000000000E+000,0.000000000000000E+000,0.000000000000000E+000,0.000000000000000E+000,0.000000000000000E+000,0.000000000000000E+000,6.791923683534599E-002,1.479787121328750E-002,8.546042728064268E-002,0.305559549773472,0.520101284472575 
 08/22  06:00:00,0.639254351459105,0.933225726122470,0.000000000000000E+000,0.000000000000000E+000,0.000000000000000E+000,0.000000000000000E+000,0.000000000000000E+000,0.000000000000000E+000,0.109425455699815,2.384101877979976E-002,0.135831851626414,0.353044011663478,0.908908861738127 
 08/22  07:00:00,0.850911563693834,1.04021434688859,0.000000000000000E+000,0.000000000000000E+000,0.000000000000000E+000,0.000000000000000E+000,0.000000000000000E+000,0.000000000000000E+000,0.192437809835845,4.192729570005972E-002,0.209298719283835,0.375135713184494,1.01437585661014 
 08/22  08:00:00,0.787986427726371,1.00667863295132,0.000000000000000E+000,0.000000000000000E+000,0.000000000000000E+000,0.000000000000000E+000,0.000000000000000E+000,0.000000000000000E+000,0.150931674564283,3.288414813354746E-002,0.269903014330297,0.317155577008642,0.984833681896865 
 08/22  09:00:00,0.709799736822377,0.916470112713326,0.000000000000000E+000,0.000000000000000E+000,0.000000000000000E+000,0.000000000000000E+000,0.000000000000000E+000,0.000000000000000E+000,7.546582056356009E-002,1.644207770932665E-002,0.330854782137564,0.269925042722327,0.897878292880754 
 08/22  10:00:00,0.713681082623065,0.814971074636360,0.000000000000000E+000,0.000000000000000E+000,0.000000000000000E+000,0.000000000000000E+000,0.000000000000000E+000,0.000000000000000E+000,6.037265310713190E-002,1.315366289597190E-002,0.346769520115789,0.276273232814574,0.795942005983643 
 08/22  11:00:00,0.728065585502977,0.724537623283365,0.000000000000000E+000,0.000000000000000E+000,0.000000000000000E+000,0.000000000000000E+000,0.000000000000000E+000,0.000000000000000E+000,6.037265310713190E-002,1.315366289597190E-002,0.361069380461137,0.276357875349137,0.705502724646378 
 08/22  12:00:00,0.753418024047306,0.653551994784644,0.000000000000000E+000,0.000000000000000E+000,3.093923471491519E-002,9.610542365084908E-003,4.054977708000015E-002,9.610542365084908E-003,6.037265310713190E-002,1.315366289597190E-002,0.350527381326447,0.271702535948156,0.634837745282432 
 08/22  13:00:00,0.940615784185653,0.612639355798081,0.000000000000000E+000,0.000000000000000E+000,0.191946520138337,5.748765152011193E-002,0.249434171658449,5.748765152011193E-002,6.037265310713190E-002,1.315366289597190E-002,0.319445425549819,0.281097857284681,0.593277978042053 
 08/22  14:00:00,1.11764643188353,0.572400216079793,0.000000000000000E+000,0.000000000000000E+000,0.336154410171805,9.929609914877409E-002,0.435450509320579,9.929609914877409E-002,6.037265310713190E-002,1.315366289597190E-002,0.294631581622230,0.296926011248016,0.551948631265535 
 08/22  15:00:00,1.34859512998452,0.579162790971701,0.000000000000000E+000,0.000000000000000E+000,0.497649232559226,0.145331278161764,0.642980510720989,0.145331278161764,6.037265310713190E-002,1.315366289597190E-002,0.301544984082964,0.313431305487858,0.557574359225067 
 08/22  16:00:00,1.69137639868856,0.633381963976546,0.000000000000000E+000,0.000000000000000E+000,0.684721171746369,0.197226794767435,0.881947966513803,0.197226794767435,6.414594497123881E-002,1.397576705462970E-002,0.343460405072082,0.370734301387204,0.607846632880067 
 08/22  17:00:00,2.14385479848582,0.747167723650162,0.000000000000000E+000,0.000000000000000E+000,0.896657062153020,0.258281238880333,1.15493830103335,0.258281238880333,8.301240429177419E-002,1.808628602664225E-002,0.420322867033191,0.450382926411258,0.716146377356927 
 08/22  18:00:00,2.08081937192835,0.850732055435655,0.000000000000000E+000,0.000000000000000E+000,0.761028012909320,0.230515485346887,0.991543498256208,0.230515485346887,0.139611773894090,3.041784840650926E-002,0.383154291509830,0.488979922172116,0.817052236315938 
 08/22  19:00:00,2.03346260910733,0.868952032343711,0.000000000000000E+000,0.000000000000000E+000,0.656309520915097,0.209165329726414,0.865474850641513,0.209165329726414,0.271676947341384,5.919148485314999E-002,0.315283878980793,0.504723433600890,0.834187836150038 
 08/22  20:00:00,2.13462224389642,0.810694398084311,0.000000000000000E+000,0.000000000000000E+000,0.562599388324942,0.185470597088565,0.748069985413507,0.185470597088565,0.464114757177228,0.101118780553210,0.282131553876513,0.522075153186363,0.774735055115570 
 08/22  21:00:00,2.19208129672720,0.737505643584212,0.000000000000000E+000,0.000000000000000E+000,0.503683693242927,0.168104646830065,0.671788340072992,0.168104646830065,0.596179930624524,0.129892416999850,0.267221967130982,0.509886628209248,0.702385818350152 
 08/22  22:00:00,1.72609787907252,0.618865210031386,0.000000000000000E+000,0.000000000000000E+000,0.378514601929564,0.130359034706145,0.508873636635711,0.130359034706145,0.445248256060239,9.700825065353844E-002,0.216614189355009,0.441241532678422,0.588473502039161 
 08/22  23:00:00,1.29044787652854,0.491754502207481,0.000000000000000E+000,0.000000000000000E+000,0.271478583705862,9.455779915063990E-002,0.366036382856503,9.455779915063990E-002,0.309409865982456,6.741252643972800E-002,0.147046405988563,0.383430681571697,0.465344673470713 
 08/22  24:00:00,0.867374245080341,0.355978183899433,0.000000000000000E+000,0.000000000000000E+000,0.179570087404017,6.254903864170087E-002,0.242119126045718,6.254903864170087E-002,0.158478191418172,3.452836009341598E-002,9.798097682479152E-002,0.317155577008642,0.334133232844981 
 08/23  01:00:00,0.642741695761959,0.294041682744200,0.000000000000000E+000,0.000000000000000E+000,9.996725264005785E-002,3.520354620915666E-002,0.135170798849215,3.520354620915666E-002,9.433225480622347E-002,2.055259486006273E-002,8.355728931351325E-002,0.292016744243345,0.273928237017522 
 08/23  02:00:00,0.536998797191183,0.277717524697075,0.000000000000000E+000,0.000000000000000E+000,6.021234765852209E-002,2.120467932236469E-002,8.141702698088697E-002,2.120467932236469E-002,6.414594497123881E-002,1.397576705462970E-002,7.171700163401486E-002,0.288631042860813,0.257837278341141 
 08/23  03:00:00,0.444029456132172,0.281839608825073,0.000000000000000E+000,0.000000000000000E+000,0.000000000000000E+000,0.000000000000000E+000,0.000000000000000E+000,0.000000000000000E+000,6.414594497123881E-002,1.397576705462970E-002,6.422752921492920E-002,0.284568201201776,0.262239201714033 
 08/23  04:00:00,0.442653217774458,0.328478558819137,0.000000000000000E+000,0.000000000000000E+000,0.000000000000000E+000,0.000000000000000E+000,0.000000000000000E+000,0.000000000000000E+000,6.414594497123881E-002,1.397576705462970E-002,7.360089274675015E-002,0.273818599312238,0.309618559710208 
 08/23  05:00:00,0.490849098792348,0.539696102636923,0.000000000000000E+000,0.000000000000000E+000,0.000000000000000E+000,0.000000000000000E+000,0.000000000000000E+000,0.000000000000000E+000,6.791923683534599E-002,1.479787121328750E-002,8.546042728064268E-002,0.305559549773472,0.518649859427267 
 08/23  06:00:00,0.639254351459105,0.932031934167226,0.000000000000000E+000,0.000000000000000E+000,0.000000000000000E+000,0.000000000000000E+000,0.000000000000000E+000,0.000000000000000E+000,0.109425455699815,2.384101877979976E-002,0.135831851626414,0.353044011663478,0.907715069782886 
 08/23  07:00:00,0.850911563693834,1.03923778051259,0.000000000000000E+000,0.000000000000000E+000,0.000000000000000E+000,0.000000000000000E+000,0.000000000000000E+000,0.000000000000000E+000,0.192437809835845,4.192729570005972E-002,0.209298719283835,0.375135713184494,1.01339929023414 
 08/23  08:00:00,0.787986427726371,1.00594173016479,0.000000000000000E+000,0.000000000000000E+000,0.000000000000000E+000,0.000000000000000E+000,0.000000000000000E+000,0.000000000000000E+000,0.150931674564283,3.288414813354746E-002,0.269903014330297,0.317155577008642,0.984096779110335 
 08/23  09:00:00,0.709799736822377,0.916234325603527,0.000000000000000E+000,0.000000000000000E+000,0.000000000000000E+000,0.000000000000000E+000,0.000000000000000E+000,0.000000000000000E+000,7.546582056356009E-002,1.644207770932665E-002,0.330854782137564,0.269925042722327,0.897642505770952 
 08/23  10:00:00,0.713681082623065,0.814689624650148,0.000000000000000E+000,0.000000000000000E+000,0.000000000000000E+000,0.000000000000000E+000,0.000000000000000E+000,0.000000000000000E+000,6.037265310713190E-002,1.315366289597190E-002,0.346769520115789,0.276273232814574,0.795660555997430 
 08/23  11:00:00,0.728065585502977,0.724070124822686,0.000000000000000E+000,0.000000000000000E+000,0.000000000000000E+000,0.000000000000000E+000,0.000000000000000E+000,0.000000000000000E+000,6.037265310713190E-002,1.315366289597190E-002,0.361069380461137,0.276357875349137,0.705035226185699 
 08/23  12:00:00,0.731018179078859,0.653199585141250,0.000000000000000E+000,0.000000000000000E+000,1.360601038982713E-002,4.543921721723497E-003,1.814993211155063E-002,4.543921721723497E-003,6.037265310713190E-002,1.315366289597190E-002,0.350527381326447,0.271702535948156,0.634485335639037 
 08/23  13:00:00,0.833744640086851,0.612352234529321,0.000000000000000E+000,0.000000000000000E+000,0.107496095096520,3.506693246312769E-002,0.142563027559647,3.506693246312769E-002,6.037265310713190E-002,1.315366289597190E-002,0.319445425549819,0.281097857284681,0.592990856773292 
 08/23  14:00:00,0.956383689806237,0.571976572872131,0.000000000000000E+000,0.000000000000000E+000,0.207946434480401,6.624133276288714E-002,0.274187767243289,6.624133276288714E-002,6.037265310713190E-002,1.315366289597190E-002,0.294631581622230,0.296926011248016,0.551524988057874 
 08/23  15:00:00,1.11922233395291,0.578780985014437,0.000000000000000E+000,0.000000000000000E+000,0.313689895085143,9.991781960423840E-002,0.413607714689382,9.991781960423840E-002,6.037265310713190E-002,1.315366289597190E-002,0.301544984082964,0.313431305487858,0.557192553267803 
 08/23  16:00:00,1.44692628716338,0.632931997007515,0.000000000000000E+000,0.000000000000000E+000,0.486532623662510,0.150965231326122,0.637497854988632,0.150965231326122,6.414594497123881E-002,1.397576705462970E-002,0.343460405072082,0.370734301387204,0.607396665911036 
 08/23  17:00:00,1.86034701609912,0.746690604971603,0.000000000000000E+000,0.000000000000000E+000,0.662985198770626,0.208445319876023,0.871430518646652,0.208445319876023,8.301240429177419E-002,1.808628602664225E-002,0.420322867033191,0.450382926411258,0.715669258678371 
 08/23  18:00:00,1.89809237706940,0.850268189330452,0.000000000000000E+000,0.000000000000000E+000,0.611836188907018,0.196980314490239,0.808816503397257,0.196980314490239,0.139611773894090,3.041784840650926E-002,0.383154291509830,0.488979922172116,0.816588370210737 
 08/23  19:00:00,1.91750796525171,0.868503218056202,0.000000000000000E+000,0.000000000000000E+000,0.562073631261245,0.187446575524655,0.749520206785900,0.187446575524655,0.271676947341384,5.919148485314999E-002,0.315283878980793,0.504723433600890,0.833739021862528 
 08/23  20:00:00,1.99782468255069,0.810564338232818,0.000000000000000E+000,0.000000000000000E+000,0.451211946253877,0.160060477813901,0.611272424067778,0.160060477813901,0.464114757177228,0.101118780553210,0.282131553876513,0.522075153186363,0.774604995264081 
 08/23  21:00:00,2.04844688511920,0.737453933887345,0.000000000000000E+000,0.000000000000000E+000,0.388834451597507,0.139319476867486,0.528153928464994,0.139319476867486,0.596179930624524,0.129892416999850,0.267221967130982,0.509886628209248,0.702334108653285 
 08/23  22:00:00,1.59586296479283,0.618659497199141,0.000000000000000E+000,0.000000000000000E+000,0.277483755405461,0.101154966950559,0.378638722356019,0.101154966950559,0.445248256060239,9.700825065353844E-002,0.216614189355009,0.441241532678422,0.588267789206916 
 08/23  23:00:00,1.16585025690800,0.491397152742110,0.000000000000000E+000,0.000000000000000E+000,0.176939612001117,6.449915123484165E-002,0.241438763235958,6.449915123484165E-002,0.309409865982456,6.741252643972800E-002,0.147046405988563,0.383430681571697,0.464987324005342 
 08/23  24:00:00,0.728749841642593,0.355567392087119,0.000000000000000E+000,0.000000000000000E+000,7.569595595172715E-002,2.779876665624275E-002,0.103494722607970,2.779876665624275E-002,0.158478191418172,3.452836009341598E-002,9.798097682479152E-002,0.317155577008642,0.333722441032667 
 08/24  01:00:00,0.507570896912745,0.293761068038975,0.000000000000000E+000,0.000000000000000E+000,0.000000000000000E+000,0.000000000000000E+000,0.000000000000000E+000,0.000000000000000E+000,9.433225480622347E-002,2.055259486006273E-002,8.355728931351325E-002,0.292016744243345,0.273647622312297 
 08/24  02:00:00,0.455581770210297,0.277433163074746,0.000000000000000E+000,0.000000000000000E+000,0.000000000000000E+000,0.000000000000000E+000,0.000000000000000E+000,0.000000000000000E+000,6.414594497123881E-002,1.397576705462970E-002,7.171700163401486E-002,0.288631042860813,0.257552916718812 
 08/24  03:00:00,0.444029456132172,0.281781672987422,0.000000000000000E+000,0.000000000000000E+000,0.000000000000000E+000,0.000000000000000E+000,0.000000000000000E+000,0.000000000000000E+000,6.414594497123881E-002,1.397576705462970E-002,6.422752921492920E-002,0.284568201201776,0.262181265876382 
 08/24  04:00:00,0.442653217774458,0.328662520756356,0.000000000000000E+000,0.000000000000000E+000,0.000000000000000E+000,0.000000000000000E+000,0.000000000000000E+000,0.000000000000000E+000,6.414594497123881E-002,1.397576705462970E-002,7.360089274675015E-002,0.273818599312238,0.309802521647427 
 08/24  05:00:00,0.490849098792348,0.539770367346407,0.000000000000000E+000,0.000000000000000E+000,0.000000000000000E+000,0.000000000000000E+000,0.000000000000000E+000,0.000000000000000E+000,6.791923683534599E-002,1.479787121328750E-002,8.546042728064268E-002,0.305559549773472,0.518724124136753 
 08/24  06:00:00,0.639254351459105,0.932384857222228,0.000000000000000E+000,0.000000000000000E+000,0.000000000000000E+000,0.000000000000000E+000,0.000000000000000E+000,0.000000000000000E+000,0.109425455699815,2.384101877979976E-002,0.135831851626414,0.353044011663478,0.908067992837888 
 08/24  07:00:00,0.850911563693834,1.03951175576646,0.000000000000000E+000,0.000000000000000E+000,0.000000000000000E+000,0.000000000000000E+000,0.000000000000000E+000,0.000000000000000E+000,0.192437809835845,4.192729570005972E-002,0.209298719283835,0.375135713184494,1.01367326548802 
 08/24  08:00:00,0.787986427726371,1.00603302128201,0.000000000000000E+000,0.000000000000000E+000,0.000000000000000E+000,0.000000000000000E+000,0.000000000000000E+000,0.000000000000000E+000,0.150931674564283,3.288414813354746E-002,0.269903014330297,0.317155577008642,0.984188070227560 
 08/24  09:00:00,0.709799736822377,0.915879889803778,0.000000000000000E+000,0.000000000000000E+000,0.000000000000000E+000,0.000000000000000E+000,0.000000000000000E+000,0.000000000000000E+000,7.546582056356009E-002,1.644207770932665E-002,0.330854782137564,0.269925042722327,0.897288069971204 
 08/24  10:00:00,0.713681082623065,0.814183677290165,0.000000000000000E+000,0.000000000000000E+000,0.000000000000000E+000,0.000000000000000E+000,0.000000000000000E+000,0.000000000000000E+000,6.037265310713190E-002,1.315366289597190E-002,0.346769520115789,0.276273232814574,0.795154608637447 
 08/24  11:00:00,0.728065585502977,0.723611766690331,0.000000000000000E+000,0.000000000000000E+000,0.000000000000000E+000,0.000000000000000E+000,0.000000000000000E+000,0.000000000000000E+000,6.037265310713190E-002,1.315366289597190E-002,0.361069380461137,0.276357875349137,0.704576868053343 
 08/24  12:00:00,0.737938120537532,0.652675292483972,0.000000000000000E+000,0.000000000000000E+000,1.896490953314821E-002,6.104964037076211E-003,2.506987357022445E-002,6.104964037076211E-003,6.037265310713190E-002,1.315366289597190E-002,0.350527381326447,0.271702535948156,0.633961042981759 
 08/24  13:00:00,0.873835808921816,0.611882269549105,0.000000000000000E+000,0.000000000000000E+000,0.138545013274231,4.410918312038187E-002,0.182654196394613,4.410918312038187E-002,6.037265310713190E-002,1.315366289597190E-002,0.319445425549819,0.281097857284681,0.592520891793076 
 08/24  14:00:00,1.02445736088988,0.571583728934903,0.000000000000000E+000,0.000000000000000E+000,0.260425548736286,8.183588959064486E-002,0.342261438326932,8.183588959064486E-002,6.037265310713190E-002,1.315366289597190E-002,0.294631581622230,0.296926011248016,0.551132144120646 
 08/24  15:00:00,1.19555456388251,0.578377064569540,0.000000000000000E+000,0.000000000000000E+000,0.372793649614639,0.117146295004345,0.489939944618984,0.117146295004345,6.037265310713190E-002,1.315366289597190E-002,0.301544984082964,0.313431305487858,0.556788632822905 
 08/24  16:00:00,1.48286559097838,0.632665829403011,0.000000000000000E+000,0.000000000000000E+000,0.512416987660107,0.161020171143516,0.673437158803624,0.161020171143516,6.414594497123881E-002,1.397576705462970E-002,0.343460405072082,0.370734301387204,0.607130498306532 
 08/24  17:00:00,1.86321492330107,0.746554126779115,0.000000000000000E+000,0.000000000000000E+000,0.663175731053955,0.211122694794649,0.874298425848603,0.211122694794649,8.301240429177419E-002,1.808628602664225E-002,0.420322867033191,0.450382926411258,0.715532780485880 
 08/24  18:00:00,1.91517125250252,0.850004245519333,0.000000000000000E+000,0.000000000000000E+000,0.624839270117616,0.201056108712752,0.825895378830369,0.201056108712752,0.139611773894090,3.041784840650926E-002,0.383154291509830,0.488979922172116,0.816324426399616 
 08/24  19:00:00,1.88451046557164,0.868352315206635,0.000000000000000E+000,0.000000000000000E+000,0.534490397605965,0.182032309499859,0.716522707105824,0.182032309499859,0.271676947341384,5.919148485314999E-002,0.315283878980793,0.504723433600890,0.833588119012959 
 08/24  20:00:00,1.94243301784529,0.810518328468986,0.000000000000000E+000,0.000000000000000E+000,0.407476756523344,0.148404002839031,0.555880759362377,0.148404002839031,0.464114757177228,0.101118780553210,0.282131553876513,0.522075153186363,0.774558985500248 
 08/24  21:00:00,1.94172269823611,0.737590444067150,0.000000000000000E+000,0.000000000000000E+000,0.306468252352803,0.114961489229100,0.421429741581904,0.114961489229100,0.596179930624524,0.129892416999850,0.267221967130982,0.509886628209248,0.702470618833090 
 08/24  22:00:00,1.48755309878041,0.618703944515529,0.000000000000000E+000,0.000000000000000E+000,0.196219277883757,7.410957845984310E-002,0.270328856343600,7.410957845984310E-002,0.445248256060239,9.700825065353844E-002,0.216614189355009,0.441241532678422,0.588312236523304 
 08/24  23:00:00,1.05120869024059,0.491430487860529,0.000000000000000E+000,0.000000000000000E+000,9.203489372411414E-002,3.476230284443586E-002,0.126797196568550,3.476230284443586E-002,0.309409865982456,6.741252643972800E-002,0.147046405988563,0.383430681571697,0.465020659123760 
 08/24  24:00:00,0.628701839266055,0.355448932462319,0.000000000000000E+000,0.000000000000000E+000,2.501617868698180E-003,9.451023627357770E-004,3.446720231433951E-003,9.451023627357770E-004,0.158478191418172,3.452836009341598E-002,9.798097682479152E-002,0.317155577008642,0.333603981407866 
 08/25  01:00:00,0.507570896912745,0.293495153695996,0.000000000000000E+000,0.000000000000000E+000,0.000000000000000E+000,0.000000000000000E+000,0.000000000000000E+000,0.000000000000000E+000,9.433225480622347E-002,2.055259486006273E-002,8.355728931351325E-002,0.292016744243345,0.273381707969319 
 08/25  02:00:00,0.455581770210297,0.277294267560646,0.000000000000000E+000,0.000000000000000E+000,0.000000000000000E+000,0.000000000000000E+000,0.000000000000000E+000,0.000000000000000E+000,6.414594497123881E-002,1.397576705462970E-002,7.171700163401486E-002,0.288631042860813,0.257414021204712 
 08/25  03:00:00,0.444029456132172,0.281775034090027,0.000000000000000E+000,0.000000000000000E+000,0.000000000000000E+000,0.000000000000000E+000,0.000000000000000E+000,0.000000000000000E+000,6.414594497123881E-002,1.397576705462970E-002,6.422752921492920E-002,0.284568201201776,0.262174626978987 
 08/25  04:00:00,0.442653217774458,0.328542150940194,0.000000000000000E+000,0.000000000000000E+000,0.000000000000000E+000,0.000000000000000E+000,0.000000000000000E+000,0.000000000000000E+000,6.414594497123881E-002,1.397576705462970E-002,7.360089274675015E-002,0.273818599312238,0.309682151831265 
 08/25  05:00:00,0.490849098792348,0.539484380882793,0.000000000000000E+000,0.000000000000000E+000,0.000000000000000E+000,0.000000000000000E+000,0.000000000000000E+000,0.000000000000000E+000,6.791923683534599E-002,1.479787121328750E-002,8.546042728064268E-002,0.305559549773472,0.518438137673139 
 08/25  06:00:00,0.639254351459105,0.932251613727278,0.000000000000000E+000,0.000000000000000E+000,0.000000000000000E+000,0.000000000000000E+000,0.000000000000000E+000,0.000000000000000E+000,0.109425455699815,2.384101877979976E-002,0.135831851626414,0.353044011663478,0.907934749342935 
 08/25  07:00:00,0.850911563693834,1.03980007989090,0.000000000000000E+000,0.000000000000000E+000,0.000000000000000E+000,0.000000000000000E+000,0.000000000000000E+000,0.000000000000000E+000,0.192437809835845,4.192729570005972E-002,0.209298719283835,0.375135713184494,1.01396158961245 
 08/25  08:00:00,0.787986427726371,1.00685960400984,0.000000000000000E+000,0.000000000000000E+000,0.000000000000000E+000,0.000000000000000E+000,0.000000000000000E+000,0.000000000000000E+000,0.150931674564283,3.288414813354746E-002,0.269903014330297,0.317155577008642,0.985014652955389 
 08/25  09:00:00,0.709799736822377,0.917054184614700,0.000000000000000E+000,0.000000000000000E+000,0.000000000000000E+000,0.000000000000000E+000,0.000000000000000E+000,0.000000000000000E+000,7.546582056356009E-002,1.644207770932665E-002,0.330854782137564,0.269925042722327,0.898462364782125 
 08/25  10:00:00,0.713681082623065,0.815723803284621,0.000000000000000E+000,0.000000000000000E+000,0.000000000000000E+000,0.000000000000000E+000,0.000000000000000E+000,0.000000000000000E+000,6.037265310713190E-002,1.315366289597190E-002,0.346769520115789,0.276273232814574,0.796694734631903 
 08/25  11:00:00,0.728065585502977,0.725404489648497,0.000000000000000E+000,0.000000000000000E+000,0.000000000000000E+000,0.000000000000000E+000,0.000000000000000E+000,0.000000000000000E+000,6.037265310713190E-002,1.315366289597190E-002,0.361069380461137,0.276357875349137,0.706369591011510 
 08/25  12:00:00,0.712868246967308,0.654462243843598,0.000000000000000E+000,0.000000000000000E+000,0.000000000000000E+000,0.000000000000000E+000,0.000000000000000E+000,0.000000000000000E+000,6.037265310713190E-002,1.315366289597190E-002,0.350527381326447,0.271702535948156,0.635747994341383 
 08/25  13:00:00,0.691181612527203,0.613514552664005,0.000000000000000E+000,0.000000000000000E+000,0.000000000000000E+000,0.000000000000000E+000,0.000000000000000E+000,0.000000000000000E+000,6.037265310713190E-002,1.315366289597190E-002,0.319445425549819,0.281097857284681,0.594153174907976 
 08/25  14:00:00,0.682195922562949,0.572841979625412,0.000000000000000E+000,0.000000000000000E+000,0.000000000000000E+000,0.000000000000000E+000,0.000000000000000E+000,0.000000000000000E+000,6.037265310713190E-002,1.315366289597190E-002,0.294631581622230,0.296926011248016,0.552390394811154 
 08/25  15:00:00,0.705614619263524,0.579233890685467,0.000000000000000E+000,0.000000000000000E+000,0.000000000000000E+000,0.000000000000000E+000,0.000000000000000E+000,0.000000000000000E+000,6.037265310713190E-002,1.315366289597190E-002,0.301544984082964,0.313431305487858,0.557645458938832 
 08/25  16:00:00,0.839227210747223,0.633470933414738,0.000000000000000E+000,0.000000000000000E+000,2.204963056397287E-002,7.749148008495170E-003,2.979877857246795E-002,7.749148008495170E-003,6.414594497123881E-002,1.397576705462970E-002,0.343460405072082,0.370734301387204,0.607935602318259 
 08/25  17:00:00,1.07898035032933,0.747208304917766,0.000000000000000E+000,0.000000000000000E+000,6.649502802179708E-002,2.356882485506857E-002,9.006385287686550E-002,2.356882485506857E-002,8.301240429177419E-002,1.808628602664225E-002,0.420322867033191,0.450382926411258,0.716186958624531 
 08/25  18:00:00,1.27320451719002,0.850439017061858,0.000000000000000E+000,0.000000000000000E+000,0.135150489572398,4.877815394547665E-002,0.183928643517875,4.877815394547665E-002,0.139611773894090,3.041784840650926E-002,0.383154291509830,0.488979922172116,0.816759197942144 
 08/25  19:00:00,1.35565163971945,0.868622003006719,0.000000000000000E+000,0.000000000000000E+000,0.137288588390165,5.037529286346733E-002,0.187663881253632,5.037529286346733E-002,0.271676947341384,5.919148485314999E-002,0.315283878980793,0.504723433600890,0.833857806813042 
 08/25  20:00:00,1.56098834128551,0.810389193162353,0.000000000000000E+000,0.000000000000000E+000,0.127326837593406,4.710924520919352E-002,0.174436082802599,4.710924520919352E-002,0.464114757177228,0.101118780553210,0.282131553876513,0.522075153186363,0.774429850193615 
 08/25  21:00:00,1.65863048621173,0.737296980318973,0.000000000000000E+000,0.000000000000000E+000,0.100600513900357,3.773701565716338E-002,0.138337529557521,3.773701565716338E-002,0.596179930624524,0.129892416999850,0.267221967130982,0.509886628209248,0.702177155084911 
 08/25  22:00:00,1.29347659243225,0.618405211586968,0.000000000000000E+000,0.000000000000000E+000,5.545188134673653E-002,2.080046864870405E-002,7.625234999544064E-002,2.080046864870405E-002,0.445248256060239,9.700825065353844E-002,0.216614189355009,0.441241532678422,0.588013503594743 
 08/25  23:00:00,0.924411493672042,0.491169615927342,0.000000000000000E+000,0.000000000000000E+000,0.000000000000000E+000,0.000000000000000E+000,0.000000000000000E+000,0.000000000000000E+000,0.309409865982456,6.741252643972800E-002,0.147046405988563,0.383430681571697,0.464759787190574 
 08/25  24:00:00,0.625255119034623,0.355224227909147,0.000000000000000E+000,0.000000000000000E+000,0.000000000000000E+000,0.000000000000000E+000,0.000000000000000E+000,0.000000000000000E+000,0.158478191418172,3.452836009341598E-002,9.798097682479152E-002,0.317155577008642,0.333379276854691 
 08/26  01:00:00,0.511517924145706,0.299649515855213,0.000000000000000E+000,0.000000000000000E+000,0.000000000000000E+000,0.000000000000000E+000,0.000000000000000E+000,0.000000000000000E+000,9.433225480622347E-002,2.055259486006273E-002,8.750431654647417E-002,0.292016744243345,0.279536070128536 
 08/26  02:00:00,0.458193010726518,0.281874742997756,0.000000000000000E+000,0.000000000000000E+000,0.000000000000000E+000,0.000000000000000E+000,0.000000000000000E+000,0.000000000000000E+000,6.414594497123881E-002,1.397576705462970E-002,7.432824215023587E-002,0.288631042860813,0.261994496641822 
 08/26  03:00:00,0.445394861396471,0.286846978559635,0.000000000000000E+000,0.000000000000000E+000,0.000000000000000E+000,0.000000000000000E+000,0.000000000000000E+000,0.000000000000000E+000,6.414594497123881E-002,1.397576705462970E-002,6.559293447922755E-002,0.284568201201776,0.267246571448594 
 08/26  04:00:00,0.445324375526857,0.338566274972548,0.000000000000000E+000,0.000000000000000E+000,0.000000000000000E+000,0.000000000000000E+000,0.000000000000000E+000,0.000000000000000E+000,6.414594497123881E-002,1.397576705462970E-002,7.627205049915019E-002,0.273818599312238,0.319706275863619 
 08/26  05:00:00,0.494945794669875,0.568108967993533,0.000000000000000E+000,0.000000000000000E+000,0.000000000000000E+000,0.000000000000000E+000,0.000000000000000E+000,0.000000000000000E+000,6.791923683534599E-002,1.479787121328750E-002,8.955712315816899E-002,0.305559549773472,0.547062724783880 
 08/26  06:00:00,0.649879872177018,0.997492144794694,0.000000000000000E+000,0.000000000000000E+000,0.000000000000000E+000,0.000000000000000E+000,0.000000000000000E+000,0.000000000000000E+000,0.109425455699815,2.384101877979976E-002,0.146457372344328,0.353044011663478,0.973175280410354 
 08/26  07:00:00,0.872072942542493,1.11860595075724,0.000000000000000E+000,0.000000000000000E+000,0.000000000000000E+000,0.000000000000000E+000,0.000000000000000E+000,0.000000000000000E+000,0.192437809835845,4.192729570005972E-002,0.230460098132495,0.375135713184494,1.09276746047879 
 08/26  08:00:00,0.820423754568404,1.08868418513292,0.000000000000000E+000,0.000000000000000E+000,0.000000000000000E+000,0.000000000000000E+000,0.000000000000000E+000,0.000000000000000E+000,0.150931674564283,3.288414813354746E-002,0.302340341172329,0.317155577008642,1.06683923407847 
 08/26  09:00:00,0.754830831313107,0.991909902978565,0.000000000000000E+000,0.000000000000000E+000,0.000000000000000E+000,0.000000000000000E+000,0.000000000000000E+000,0.000000000000000E+000,7.546582056356009E-002,1.644207770932665E-002,0.375885876628294,0.269925042722327,0.973318083145994 
 08/26  10:00:00,0.764597352645348,0.879754435288641,0.000000000000000E+000,0.000000000000000E+000,0.000000000000000E+000,0.000000000000000E+000,0.000000000000000E+000,0.000000000000000E+000,6.037265310713190E-002,1.315366289597190E-002,0.397685790138072,0.276273232814574,0.860725366635920 
 08/26  11:00:00,0.780554387012999,0.778231915711712,0.000000000000000E+000,0.000000000000000E+000,0.000000000000000E+000,0.000000000000000E+000,0.000000000000000E+000,0.000000000000000E+000,6.037265310713190E-002,1.315366289597190E-002,0.413558181971159,0.276357875349137,0.759197017074725 
 08/26  12:00:00,0.760678791306802,0.700111521574961,0.000000000000000E+000,0.000000000000000E+000,0.000000000000000E+000,0.000000000000000E+000,0.000000000000000E+000,0.000000000000000E+000,6.037265310713190E-002,1.315366289597190E-002,0.398337925665944,0.271702535948156,0.681397272072748 
 08/26  13:00:00,0.734769679912349,0.652989141330542,0.000000000000000E+000,0.000000000000000E+000,0.000000000000000E+000,0.000000000000000E+000,0.000000000000000E+000,0.000000000000000E+000,6.037265310713190E-002,1.315366289597190E-002,0.363033492934962,0.281097857284681,0.633627763574514 
 08/26  14:00:00,0.721321526038615,0.608539930303446,0.000000000000000E+000,0.000000000000000E+000,0.000000000000000E+000,0.000000000000000E+000,0.000000000000000E+000,0.000000000000000E+000,6.037265310713190E-002,1.315366289597190E-002,0.333757185097896,0.296926011248016,0.588088345489189 
 08/26  15:00:00,0.779217423644685,0.614967457520122,0.000000000000000E+000,0.000000000000000E+000,2.740639010021590E-002,9.137411778502575E-003,3.654380187871839E-002,9.137411778502575E-003,6.037265310713190E-002,1.315366289597190E-002,0.338603986585406,0.313431305487858,0.593379025773488 
 08/26  16:00:00,1.03541908042170,0.677535668477304,0.000000000000000E+000,0.000000000000000E+000,0.142176761005655,4.789593925923381E-002,0.190072700264889,4.789593925923381E-002,6.414594497123881E-002,1.397576705462970E-002,0.379378353054140,0.370734301387204,0.652000337380825 
 08/26  17:00:00,1.40205193204011,0.800540092010197,0.000000000000000E+000,0.000000000000000E+000,0.282560704188388,9.522277190253380E-002,0.377783476090922,9.522277190253380E-002,8.301240429177419E-002,1.808628602664225E-002,0.455674825529913,0.450382926411258,0.769518745716965 
 08/26  18:00:00,1.52109482913870,0.920157503880206,0.000000000000000E+000,0.000000000000000E+000,0.295710824348284,0.101797788130466,0.397508612478752,0.101797788130466,0.139611773894090,3.041784840650926E-002,0.417464634497629,0.488979922172116,0.886477684760491 
 08/26  19:00:00,1.59857016721911,0.946622095624684,0.000000000000000E+000,0.000000000000000E+000,0.293189782785650,0.103147844378290,0.396337627163940,0.103147844378290,0.271676947341384,5.919148485314999E-002,0.349528660570141,0.504723433600890,0.911857899431008 
 08/26  20:00:00,1.77569240415238,0.884704607472686,0.000000000000000E+000,0.000000000000000E+000,0.260263727266450,9.402102019113875E-002,0.354284747457588,9.402102019113875E-002,0.464114757177228,0.101118780553210,0.316986952088389,0.522075153186363,0.848745264503946 
 08/26  21:00:00,1.85313526902720,0.799501884662157,0.000000000000000E+000,0.000000000000000E+000,0.217825415663835,7.941001075537582E-002,0.297235426419212,7.941001075537582E-002,0.596179930624524,0.129892416999850,0.302828853084766,0.509886628209248,0.764382059428097 
 08/26  22:00:00,1.44107762859866,0.667240579443736,0.000000000000000E+000,0.000000000000000E+000,0.143318046151521,5.224210545148565E-002,0.195560151603007,5.224210545148565E-002,0.445248256060239,9.700825065353844E-002,0.244907423913850,0.441241532678422,0.636848871451514 
 08/26  23:00:00,1.01458135580906,0.521645476661197,0.000000000000000E+000,0.000000000000000E+000,5.437574359506813E-002,2.025926077830099E-002,7.463500437336906E-002,2.025926077830099E-002,0.309409865982456,6.741252643972800E-002,0.162581263752207,0.383430681571697,0.495235647924426 
 08/26  24:00:00,0.631828807370369,0.366543262451973,0.000000000000000E+000,0.000000000000000E+000,0.000000000000000E+000,0.000000000000000E+000,0.000000000000000E+000,0.000000000000000E+000,0.158478191418172,3.452836009341598E-002,0.104554665160539,0.317155577008642,0.344698311397520 
 08/27  01:00:00,0.511517924145706,0.299409076956539,0.000000000000000E+000,0.000000000000000E+000,0.000000000000000E+000,0.000000000000000E+000,0.000000000000000E+000,0.000000000000000E+000,9.433225480622347E-002,2.055259486006273E-002,8.750431654647417E-002,0.292016744243345,0.279295631229862 
 08/27  02:00:00,0.458193010726518,0.281590140514013,0.000000000000000E+000,0.000000000000000E+000,0.000000000000000E+000,0.000000000000000E+000,0.000000000000000E+000,0.000000000000000E+000,6.414594497123881E-002,1.397576705462970E-002,7.432824215023587E-002,0.288631042860813,0.261709894158078 
 08/27  03:00:00,0.445394861396471,0.286332530210805,0.000000000000000E+000,0.000000000000000E+000,0.000000000000000E+000,0.000000000000000E+000,0.000000000000000E+000,0.000000000000000E+000,6.414594497123881E-002,1.397576705462970E-002,6.559293447922755E-002,0.284568201201776,0.266732123099764 
 08/27  04:00:00,0.445324375526857,0.338018889330303,0.000000000000000E+000,0.000000000000000E+000,0.000000000000000E+000,0.000000000000000E+000,0.000000000000000E+000,0.000000000000000E+000,6.414594497123881E-002,1.397576705462970E-002,7.627205049915019E-002,0.273818599312238,0.319158890221375 
 08/27  05:00:00,0.494945794669875,0.567867542772440,0.000000000000000E+000,0.000000000000000E+000,0.000000000000000E+000,0.000000000000000E+000,0.000000000000000E+000,0.000000000000000E+000,6.791923683534599E-002,1.479787121328750E-002,8.955712315816899E-002,0.305559549773472,0.546821299562784 
 08/27  06:00:00,0.649879872177018,0.997661289436954,0.000000000000000E+000,0.000000000000000E+000,0.000000000000000E+000,0.000000000000000E+000,0.000000000000000E+000,0.000000000000000E+000,0.109425455699815,2.384101877979976E-002,0.146457372344328,0.353044011663478,0.973344425052614 
 08/27  07:00:00,0.872072942542493,1.11886847776463,0.000000000000000E+000,0.000000000000000E+000,0.000000000000000E+000,0.000000000000000E+000,0.000000000000000E+000,0.000000000000000E+000,0.192437809835845,4.192729570005972E-002,0.230460098132495,0.375135713184494,1.09302998748618 
 08/27  08:00:00,0.820423754568404,1.08882537229645,0.000000000000000E+000,0.000000000000000E+000,0.000000000000000E+000,0.000000000000000E+000,0.000000000000000E+000,0.000000000000000E+000,0.150931674564283,3.288414813354746E-002,0.302340341172329,0.317155577008642,1.06698042124199 
 08/27  09:00:00,0.754830831313107,0.991954306670183,0.000000000000000E+000,0.000000000000000E+000,0.000000000000000E+000,0.000000000000000E+000,0.000000000000000E+000,0.000000000000000E+000,7.546582056356009E-002,1.644207770932665E-002,0.375885876628294,0.269925042722327,0.973362486837611 
 08/27  10:00:00,0.764597352645348,0.879483005460928,0.000000000000000E+000,0.000000000000000E+000,0.000000000000000E+000,0.000000000000000E+000,0.000000000000000E+000,0.000000000000000E+000,6.037265310713190E-002,1.315366289597190E-002,0.397685790138072,0.276273232814574,0.860453936808210 
 08/27  11:00:00,0.780554387012999,0.777852459657742,0.000000000000000E+000,0.000000000000000E+000,0.000000000000000E+000,0.000000000000000E+000,0.000000000000000E+000,0.000000000000000E+000,6.037265310713190E-002,1.315366289597190E-002,0.413558181971159,0.276357875349137,0.758817561020755 
 08/27  12:00:00,0.760678791306802,0.699600540994146,0.000000000000000E+000,0.000000000000000E+000,0.000000000000000E+000,0.000000000000000E+000,0.000000000000000E+000,0.000000000000000E+000,6.037265310713190E-002,1.315366289597190E-002,0.398337925665944,0.271702535948156,0.680886291491933 
 08/27  13:00:00,0.776287759794533,0.652383082697529,0.000000000000000E+000,0.000000000000000E+000,3.140546968685898E-002,1.011261019532688E-002,4.151807988218594E-002,1.011261019532688E-002,6.037265310713190E-002,1.315366289597190E-002,0.363033492934962,0.281097857284681,0.633021704941500 
 08/27  14:00:00,0.999242699454651,0.607877366409726,0.000000000000000E+000,0.000000000000000E+000,0.212053958653379,6.586721476265826E-002,0.277921173416036,6.586721476265826E-002,6.037265310713190E-002,1.315366289597190E-002,0.333757185097896,0.296926011248016,0.587425781595472 
 08/27  15:00:00,1.26413929418447,0.614341592933987,0.000000000000000E+000,0.000000000000000E+000,0.401243195641080,0.120222476777421,0.521465672418501,0.120222476777421,6.037265310713190E-002,1.315366289597190E-002,0.338603986585406,0.313431305487858,0.592753161187352 
 08/27  16:00:00,1.64426811048741,0.676932025173451,0.000000000000000E+000,0.000000000000000E+000,0.618341739775599,0.180579990554998,0.798921730330595,0.180579990554998,6.414594497123881E-002,1.397576705462970E-002,0.379378353054140,0.370734301387204,0.651396694076972 
 08/27  17:00:00,2.05650097584815,0.800374400319866,0.000000000000000E+000,0.000000000000000E+000,0.792189857392795,0.240042662506161,1.03223251989896,0.240042662506161,8.301240429177419E-002,1.808628602664225E-002,0.455674825529913,0.450382926411258,0.769353054026634 
 08/27  18:00:00,2.12104312296667,0.920015371205966,0.000000000000000E+000,0.000000000000000E+000,0.763080763302811,0.234376143003907,0.997456906306717,0.234376143003907,0.139611773894090,3.041784840650926E-002,0.417464634497629,0.488979922172116,0.886335552086249 
 08/27  19:00:00,1.97641835129620,0.947025672211282,0.000000000000000E+000,0.000000000000000E+000,0.577120290473599,0.197065520767437,0.774185811241034,0.197065520767437,0.271676947341384,5.919148485314999E-002,0.349528660570141,0.504723433600890,0.912261476017605 
 08/27  20:00:00,1.95202775133003,0.885507754164589,0.000000000000000E+000,0.000000000000000E+000,0.387081281707264,0.143538812927973,0.530620094635239,0.143538812927973,0.464114757177228,0.101118780553210,0.316986952088389,0.522075153186363,0.849548411195849 
 08/27  21:00:00,1.95757915093587,0.800184274164496,0.000000000000000E+000,0.000000000000000E+000,0.291941845720154,0.109737462607721,0.401679308327876,0.109737462607721,0.596179930624524,0.129892416999850,0.302828853084766,0.509886628209248,0.765064448930436 
 08/27  22:00:00,1.50519732327197,0.667696144957205,0.000000000000000E+000,0.000000000000000E+000,0.188746574383165,7.093327189315267E-002,0.259679846276318,7.093327189315267E-002,0.445248256060239,9.700825065353844E-002,0.244907423913850,0.441241532678422,0.637304436964981 
 08/27  23:00:00,1.02959007032771,0.521957977513467,0.000000000000000E+000,0.000000000000000E+000,6.495174324749914E-002,2.469197564452268E-002,8.964371889202162E-002,2.469197564452268E-002,0.309409865982456,6.741252643972800E-002,0.162581263752207,0.383430681571697,0.495548148776699 
 08/27  24:00:00,0.631828807370369,0.366662118514674,0.000000000000000E+000,0.000000000000000E+000,0.000000000000000E+000,0.000000000000000E+000,0.000000000000000E+000,0.000000000000000E+000,0.158478191418172,3.452836009341598E-002,0.104554665160539,0.317155577008642,0.344817167460219 
 08/28  01:00:00,0.507570896912745,0.293374778399213,0.000000000000000E+000,0.000000000000000E+000,0.000000000000000E+000,0.000000000000000E+000,0.000000000000000E+000,0.000000000000000E+000,9.433225480622347E-002,2.055259486006273E-002,8.355728931351325E-002,0.292016744243345,0.273261332672535 
 08/28  02:00:00,0.455581770210297,0.277058611981918,0.000000000000000E+000,0.000000000000000E+000,0.000000000000000E+000,0.000000000000000E+000,0.000000000000000E+000,0.000000000000000E+000,6.414594497123881E-002,1.397576705462970E-002,7.171700163401486E-002,0.288631042860813,0.257178365625983 
 08/28  03:00:00,0.444029456132172,0.281671384605600,0.000000000000000E+000,0.000000000000000E+000,0.000000000000000E+000,0.000000000000000E+000,0.000000000000000E+000,0.000000000000000E+000,6.414594497123881E-002,1.397576705462970E-002,6.422752921492920E-002,0.284568201201776,0.262070977494559 
 08/28  04:00:00,0.442653217774458,0.328620797305608,0.000000000000000E+000,0.000000000000000E+000,0.000000000000000E+000,0.000000000000000E+000,0.000000000000000E+000,0.000000000000000E+000,6.414594497123881E-002,1.397576705462970E-002,7.360089274675015E-002,0.273818599312238,0.309760798196679 
 08/28  05:00:00,0.490849098792348,0.540149705577099,0.000000000000000E+000,0.000000000000000E+000,0.000000000000000E+000,0.000000000000000E+000,0.000000000000000E+000,0.000000000000000E+000,6.791923683534599E-002,1.479787121328750E-002,8.546042728064268E-002,0.305559549773472,0.519103462367446 
 08/28  06:00:00,0.639254351459105,0.933696551989508,0.000000000000000E+000,0.000000000000000E+000,0.000000000000000E+000,0.000000000000000E+000,0.000000000000000E+000,0.000000000000000E+000,0.109425455699815,2.384101877979976E-002,0.135831851626414,0.353044011663478,0.909379687605165 
 08/28  07:00:00,0.850911563693834,1.04122044581068,0.000000000000000E+000,0.000000000000000E+000,0.000000000000000E+000,0.000000000000000E+000,0.000000000000000E+000,0.000000000000000E+000,0.192437809835845,4.192729570005972E-002,0.209298719283835,0.375135713184494,1.01538195553223 
 08/28  08:00:00,0.787986427726371,1.00779152040600,0.000000000000000E+000,0.000000000000000E+000,0.000000000000000E+000,0.000000000000000E+000,0.000000000000000E+000,0.000000000000000E+000,0.150931674564283,3.288414813354746E-002,0.269903014330297,0.317155577008642,0.985946569351544 
 08/28  09:00:00,0.709799736822377,0.917358974146106,0.000000000000000E+000,0.000000000000000E+000,0.000000000000000E+000,0.000000000000000E+000,0.000000000000000E+000,0.000000000000000E+000,7.546582056356009E-002,1.644207770932665E-002,0.330854782137564,0.269925042722327,0.898767154313531 
 08/28  10:00:00,0.713681082623065,0.815502538923987,0.000000000000000E+000,0.000000000000000E+000,0.000000000000000E+000,0.000000000000000E+000,0.000000000000000E+000,0.000000000000000E+000,6.037265310713190E-002,1.315366289597190E-002,0.346769520115789,0.276273232814574,0.796473470271269 
 08/28  11:00:00,0.728065585502977,0.724677762997566,0.000000000000000E+000,0.000000000000000E+000,0.000000000000000E+000,0.000000000000000E+000,0.000000000000000E+000,0.000000000000000E+000,6.037265310713190E-002,1.315366289597190E-002,0.361069380461137,0.276357875349137,0.705642864360579 
 08/28  12:00:00,0.712868246967308,0.653599157772516,0.000000000000000E+000,0.000000000000000E+000,0.000000000000000E+000,0.000000000000000E+000,0.000000000000000E+000,0.000000000000000E+000,6.037265310713190E-002,1.315366289597190E-002,0.350527381326447,0.271702535948156,0.634884908270304 
 08/28  13:00:00,0.717120781393330,0.612597653298292,0.000000000000000E+000,0.000000000000000E+000,1.955537050341786E-002,6.383798362709049E-003,2.593916886612691E-002,6.383798362709049E-003,6.037265310713190E-002,1.315366289597190E-002,0.319445425549819,0.281097857284681,0.593236275542263 
 08/28  14:00:00,0.869997158006889,0.572054615345962,0.000000000000000E+000,0.000000000000000E+000,0.141537787685572,4.626344775836581E-002,0.187801235443938,4.626344775836581E-002,6.037265310713190E-002,1.315366289597190E-002,0.294631581622230,0.296926011248016,0.551603030531705 
 08/28  15:00:00,1.04761368507086,0.578828631203315,0.000000000000000E+000,0.000000000000000E+000,0.257725534271555,8.427353153577713E-002,0.341999065807334,8.427353153577713E-002,6.037265310713190E-002,1.315366289597190E-002,0.301544984082964,0.313431305487858,0.557240199456681 
 08/28  16:00:00,1.31499045948913,0.633224877217294,0.000000000000000E+000,0.000000000000000E+000,0.379991191960427,0.125570835353949,0.505562027314373,0.125570835353949,6.414594497123881E-002,1.397576705462970E-002,0.343460405072082,0.370734301387204,0.607689546120815 
 08/28  17:00:00,1.65219572237387,0.747375023925310,0.000000000000000E+000,0.000000000000000E+000,0.497051097306390,0.166228127615012,0.663279224921403,0.166228127615012,8.301240429177419E-002,1.808628602664225E-002,0.420322867033191,0.450382926411258,0.716353677632078 
 08/28  18:00:00,1.72247635010620,0.851061748668307,0.000000000000000E+000,0.000000000000000E+000,0.471958345013124,0.161242131420929,0.633200476434054,0.161242131420929,0.139611773894090,3.041784840650926E-002,0.383154291509830,0.488979922172116,0.817381929548590 
 08/28  19:00:00,1.67378258990121,0.869654063607530,0.000000000000000E+000,0.000000000000000E+000,0.370477533329226,0.135317298106171,0.505794831435397,0.135317298106171,0.271676947341384,5.919148485314999E-002,0.315283878980793,0.504723433600890,0.834889867413854 
 08/28  20:00:00,1.81342352985225,0.811371541757264,0.000000000000000E+000,0.000000000000000E+000,0.311399177370309,0.115472093999034,0.426871271369341,0.115472093999034,0.464114757177228,0.101118780553210,0.282131553876513,0.522075153186363,0.775412198788524 
 08/28  21:00:00,1.84286912641756,0.738137829393488,0.000000000000000E+000,0.000000000000000E+000,0.234035890937234,8.854027882611749E-002,0.322576169763352,8.854027882611749E-002,0.596179930624524,0.129892416999850,0.267221967130982,0.509886628209248,0.703018004159428 
 08/28  22:00:00,1.39000120435240,0.619110633026416,0.000000000000000E+000,0.000000000000000E+000,0.125007714175226,4.776924774036984E-002,0.172776961915596,4.776924774036984E-002,0.445248256060239,9.700825065353844E-002,0.216614189355009,0.441241532678422,0.588718925034194 
 08/28  23:00:00,0.985663275968154,0.491502432496518,0.000000000000000E+000,0.000000000000000E+000,4.438306481905595E-002,1.686871747705516E-002,6.125178229611108E-002,1.686871747705516E-002,0.309409865982456,6.741252643972800E-002,0.147046405988563,0.383430681571697,0.465092603759749 
 08/28  24:00:00,0.625255119034623,0.355237133953624,0.000000000000000E+000,0.000000000000000E+000,0.000000000000000E+000,0.000000000000000E+000,0.000000000000000E+000,0.000000000000000E+000,0.158478191418172,3.452836009341598E-002,9.798097682479152E-002,0.317155577008642,0.333392182899172 
 08/29  01:00:00,0.507570896912745,0.293378307956195,0.000000000000000E+000,0.000000000000000E+000,0.000000000000000E+000,0.000000000000000E+000,0.000000000000000E+000,0.000000000000000E+000,9.433225480622347E-002,2.055259486006273E-002,8.355728931351325E-002,0.292016744243345,0.273264862229516 
 08/29  02:00:00,0.455581770210297,0.277193180004289,0.000000000000000E+000,0.000000000000000E+000,0.000000000000000E+000,0.000000000000000E+000,0.000000000000000E+000,0.000000000000000E+000,6.414594497123881E-002,1.397576705462970E-002,7.171700163401486E-002,0.288631042860813,0.257312933648354 
 08/29  03:00:00,0.444029456132172,0.281766857611745,0.000000000000000E+000,0.000000000000000E+000,0.000000000000000E+000,0.000000000000000E+000,0.000000000000000E+000,0.000000000000000E+000,6.414594497123881E-002,1.397576705462970E-002,6.422752921492920E-002,0.284568201201776,0.262166450500704 
 08/29  04:00:00,0.442653217774458,0.328964382346943,0.000000000000000E+000,0.000000000000000E+000,0.000000000000000E+000,0.000000000000000E+000,0.000000000000000E+000,0.000000000000000E+000,6.414594497123881E-002,1.397576705462970E-002,7.360089274675015E-002,0.273818599312238,0.310104383238014 
 08/29  05:00:00,0.490849098792348,0.540622101865219,0.000000000000000E+000,0.000000000000000E+000,0.000000000000000E+000,0.000000000000000E+000,0.000000000000000E+000,0.000000000000000E+000,6.791923683534599E-002,1.479787121328750E-002,8.546042728064268E-002,0.305559549773472,0.519575858655565 
 08/29  06:00:00,0.639254351459105,0.934628736821483,0.000000000000000E+000,0.000000000000000E+000,0.000000000000000E+000,0.000000000000000E+000,0.000000000000000E+000,0.000000000000000E+000,0.109425455699815,2.384101877979976E-002,0.135831851626414,0.353044011663478,0.910311872437143 
 08/29  07:00:00,0.850911563693834,1.04227204857486,0.000000000000000E+000,0.000000000000000E+000,0.000000000000000E+000,0.000000000000000E+000,0.000000000000000E+000,0.000000000000000E+000,0.192437809835845,4.192729570005972E-002,0.209298719283835,0.375135713184494,1.01643355829641 
 08/29  08:00:00,0.787986427726371,1.00897590228913,0.000000000000000E+000,0.000000000000000E+000,0.000000000000000E+000,0.000000000000000E+000,0.000000000000000E+000,0.000000000000000E+000,0.150931674564283,3.288414813354746E-002,0.269903014330297,0.317155577008642,0.987130951234682 
 08/29  09:00:00,0.709799736822377,0.918699468938815,0.000000000000000E+000,0.000000000000000E+000,0.000000000000000E+000,0.000000000000000E+000,0.000000000000000E+000,0.000000000000000E+000,7.546582056356009E-002,1.644207770932665E-002,0.330854782137564,0.269925042722327,0.900107649106240 
 08/29  10:00:00,0.713681082623065,0.817139994984006,0.000000000000000E+000,0.000000000000000E+000,0.000000000000000E+000,0.000000000000000E+000,0.000000000000000E+000,0.000000000000000E+000,6.037265310713190E-002,1.315366289597190E-002,0.346769520115789,0.276273232814574,0.798110926331289 
 08/29  11:00:00,0.728065585502977,0.726628468944860,0.000000000000000E+000,0.000000000000000E+000,0.000000000000000E+000,0.000000000000000E+000,0.000000000000000E+000,0.000000000000000E+000,6.037265310713190E-002,1.315366289597190E-002,0.361069380461137,0.276357875349137,0.707593570307873 
 08/29  12:00:00,0.712868246967308,0.655537768350637,0.000000000000000E+000,0.000000000000000E+000,0.000000000000000E+000,0.000000000000000E+000,0.000000000000000E+000,0.000000000000000E+000,6.037265310713190E-002,1.315366289597190E-002,0.350527381326447,0.271702535948156,0.636823518848424 
 08/29  13:00:00,0.691181612527203,0.614179089927226,0.000000000000000E+000,0.000000000000000E+000,0.000000000000000E+000,0.000000000000000E+000,0.000000000000000E+000,0.000000000000000E+000,6.037265310713190E-002,1.315366289597190E-002,0.319445425549819,0.281097857284681,0.594817712171200 
 08/29  14:00:00,0.682195922562949,0.573426082708602,0.000000000000000E+000,0.000000000000000E+000,0.000000000000000E+000,0.000000000000000E+000,0.000000000000000E+000,0.000000000000000E+000,6.037265310713190E-002,1.315366289597190E-002,0.294631581622230,0.296926011248016,0.552974497894344 
 08/29  15:00:00,0.705614619263524,0.579995756540751,0.000000000000000E+000,0.000000000000000E+000,0.000000000000000E+000,0.000000000000000E+000,0.000000000000000E+000,0.000000000000000E+000,6.037265310713190E-002,1.315366289597190E-002,0.301544984082964,0.313431305487858,0.558407324794116 
 08/29  16:00:00,0.821461370929840,0.634073334561242,0.000000000000000E+000,0.000000000000000E+000,8.998955787999231E-003,3.033982967086487E-003,1.203293875508572E-002,3.033982967086487E-003,6.414594497123881E-002,1.397576705462970E-002,0.343460405072082,0.370734301387204,0.608538003464763 
 08/29  17:00:00,1.18512587383044,0.748049831504614,0.000000000000000E+000,0.000000000000000E+000,0.146730287551503,4.947908882646995E-002,0.196209376377973,4.947908882646995E-002,8.301240429177419E-002,1.808628602664225E-002,0.420322867033191,0.450382926411258,0.717028485211382 
 08/29  18:00:00,1.38619334229429,0.851707561121170,0.000000000000000E+000,0.000000000000000E+000,0.220215167087554,7.670230153459130E-002,0.296917468622146,7.670230153459130E-002,0.139611773894090,3.041784840650926E-002,0.383154291509830,0.488979922172116,0.818027742001453 
 08/29  19:00:00,1.44750144210668,0.870205043173633,0.000000000000000E+000,0.000000000000000E+000,0.204803673842948,7.471000979791337E-002,0.279513683640862,7.471000979791337E-002,0.271676947341384,5.919148485314999E-002,0.315283878980793,0.504723433600890,0.835440846979957 
 08/29  20:00:00,1.63287395993303,0.811968907368806,0.000000000000000E+000,0.000000000000000E+000,0.179429163284444,6.689253816567299E-002,0.246321701450117,6.689253816567299E-002,0.464114757177228,0.101118780553210,0.282131553876513,0.522075153186363,0.776009564400066 
 08/29  21:00:00,1.71360094798664,0.738717195839262,0.000000000000000E+000,0.000000000000000E+000,0.140282576746480,5.302541458595800E-002,0.193307991332438,5.302541458595800E-002,0.596179930624524,0.129892416999850,0.267221967130982,0.509886628209248,0.703597370605202 
 08/29  22:00:00,1.29604555577423,0.619610004697063,0.000000000000000E+000,0.000000000000000E+000,5.704015815441112E-002,2.178115518300937E-002,7.882131333742050E-002,2.178115518300937E-002,0.445248256060239,9.700825065353844E-002,0.216614189355009,0.441241532678422,0.589218296704838 
 08/29  23:00:00,0.924411493672042,0.492082165353506,0.000000000000000E+000,0.000000000000000E+000,0.000000000000000E+000,0.000000000000000E+000,0.000000000000000E+000,0.000000000000000E+000,0.309409865982456,6.741252643972800E-002,0.147046405988563,0.383430681571697,0.465672336616738 
 08/29  24:00:00,0.625255119034623,0.355788744467404,0.000000000000000E+000,0.000000000000000E+000,0.000000000000000E+000,0.000000000000000E+000,0.000000000000000E+000,0.000000000000000E+000,0.158478191418172,3.452836009341598E-002,9.798097682479152E-002,0.317155577008642,0.333943793412949 
 08/30  01:00:00,0.507570896912745,0.294147226265726,0.000000000000000E+000,0.000000000000000E+000,0.000000000000000E+000,0.000000000000000E+000,0.000000000000000E+000,0.000000000000000E+000,9.433225480622347E-002,2.055259486006273E-002,8.355728931351325E-002,0.292016744243345,0.274033780539048 
 08/30  02:00:00,0.455581770210297,0.278163990764990,0.000000000000000E+000,0.000000000000000E+000,0.000000000000000E+000,0.000000000000000E+000,0.000000000000000E+000,0.000000000000000E+000,6.414594497123881E-002,1.397576705462970E-002,7.171700163401486E-002,0.288631042860813,0.258283744409054 
 08/30  03:00:00,0.444029456132172,0.282692500834995,0.000000000000000E+000,0.000000000000000E+000,0.000000000000000E+000,0.000000000000000E+000,0.000000000000000E+000,0.000000000000000E+000,6.414594497123881E-002,1.397576705462970E-002,6.422752921492920E-002,0.284568201201776,0.263092093723955 
 08/30  04:00:00,0.442653217774458,0.329984003930825,0.000000000000000E+000,0.000000000000000E+000,0.000000000000000E+000,0.000000000000000E+000,0.000000000000000E+000,0.000000000000000E+000,6.414594497123881E-002,1.397576705462970E-002,7.360089274675015E-002,0.273818599312238,0.311124004821896 
 08/30  05:00:00,0.490849098792348,0.541869440786342,0.000000000000000E+000,0.000000000000000E+000,0.000000000000000E+000,0.000000000000000E+000,0.000000000000000E+000,0.000000000000000E+000,6.791923683534599E-002,1.479787121328750E-002,8.546042728064268E-002,0.305559549773472,0.520823197576689 
 08/30  06:00:00,0.639254351459105,0.936372705280715,0.000000000000000E+000,0.000000000000000E+000,0.000000000000000E+000,0.000000000000000E+000,0.000000000000000E+000,0.000000000000000E+000,0.109425455699815,2.384101877979976E-002,0.135831851626414,0.353044011663478,0.912055840896375 
 08/30  07:00:00,0.850911563693834,1.04418889960238,0.000000000000000E+000,0.000000000000000E+000,0.000000000000000E+000,0.000000000000000E+000,0.000000000000000E+000,0.000000000000000E+000,0.192437809835845,4.192729570005972E-002,0.209298719283835,0.375135713184494,1.01835040932393 
 08/30  08:00:00,0.787986427726371,1.01077302028624,0.000000000000000E+000,0.000000000000000E+000,0.000000000000000E+000,0.000000000000000E+000,0.000000000000000E+000,0.000000000000000E+000,0.150931674564283,3.288414813354746E-002,0.269903014330297,0.317155577008642,0.988928069231784 
 08/30  09:00:00,0.709799736822377,0.920233300356601,0.000000000000000E+000,0.000000000000000E+000,0.000000000000000E+000,0.000000000000000E+000,0.000000000000000E+000,0.000000000000000E+000,7.546582056356009E-002,1.644207770932665E-002,0.330854782137564,0.269925042722327,0.901641480524030 
 08/30  10:00:00,0.713681082623065,0.818237113056431,0.000000000000000E+000,0.000000000000000E+000,0.000000000000000E+000,0.000000000000000E+000,0.000000000000000E+000,0.000000000000000E+000,6.037265310713190E-002,1.315366289597190E-002,0.346769520115789,0.276273232814574,0.799208044403713 
 08/30  11:00:00,0.728065585502977,0.727332220447233,0.000000000000000E+000,0.000000000000000E+000,0.000000000000000E+000,0.000000000000000E+000,0.000000000000000E+000,0.000000000000000E+000,6.037265310713190E-002,1.315366289597190E-002,0.361069380461137,0.276357875349137,0.708297321810246 
 08/30  12:00:00,0.712868246967308,0.656067478872660,0.000000000000000E+000,0.000000000000000E+000,0.000000000000000E+000,0.000000000000000E+000,0.000000000000000E+000,0.000000000000000E+000,6.037265310713190E-002,1.315366289597190E-002,0.350527381326447,0.271702535948156,0.637353229370448 
 08/30  13:00:00,0.691181612527203,0.615021376026474,0.000000000000000E+000,0.000000000000000E+000,0.000000000000000E+000,0.000000000000000E+000,0.000000000000000E+000,0.000000000000000E+000,6.037265310713190E-002,1.315366289597190E-002,0.319445425549819,0.281097857284681,0.595659998270445 
 08/30  14:00:00,0.682195922562949,0.574241713827776,0.000000000000000E+000,0.000000000000000E+000,0.000000000000000E+000,0.000000000000000E+000,0.000000000000000E+000,0.000000000000000E+000,6.037265310713190E-002,1.315366289597190E-002,0.294631581622230,0.296926011248016,0.553790129013518 
 08/30  15:00:00,0.705614619263524,0.580740929940478,0.000000000000000E+000,0.000000000000000E+000,0.000000000000000E+000,0.000000000000000E+000,0.000000000000000E+000,0.000000000000000E+000,6.037265310713190E-002,1.315366289597190E-002,0.301544984082964,0.313431305487858,0.559152498193843 
 08/30  16:00:00,0.854679634050905,0.634931793406651,0.000000000000000E+000,0.000000000000000E+000,3.366670535041384E-002,1.158449652573719E-002,4.525120187615086E-002,1.158449652573719E-002,6.414594497123881E-002,1.397576705462970E-002,0.343460405072082,0.370734301387204,0.609396462310172 
 08/30  17:00:00,1.13505456127847,0.749103058299556,0.000000000000000E+000,0.000000000000000E+000,0.108115720180036,3.802234364596308E-002,0.146138063825999,3.802234364596308E-002,8.301240429177419E-002,1.808628602664225E-002,0.420322867033191,0.450382926411258,0.718081712006321 
 08/30  18:00:00,1.31094660794364,0.852810490583302,0.000000000000000E+000,0.000000000000000E+000,0.162861733991232,5.880900028025703E-002,0.221670734271489,5.880900028025703E-002,0.139611773894090,3.041784840650926E-002,0.383154291509830,0.488979922172116,0.819130671463585 
 08/30  19:00:00,1.37112607596244,0.871178935684252,0.000000000000000E+000,0.000000000000000E+000,0.148270938842065,5.486737865456309E-002,0.203138317496628,5.486737865456309E-002,0.271676947341384,5.919148485314999E-002,0.315283878980793,0.504723433600890,0.836414739490578 
 08/30  20:00:00,1.38655225848291,0.812633722031244,0.000000000000000E+000,0.000000000000000E+000,0.000000000000000E+000,0.000000000000000E+000,0.000000000000000E+000,0.000000000000000E+000,0.464114757177228,0.101118780553210,0.282131553876513,0.522075153186363,0.776674379062503 
 08/30  21:00:00,1.60771471199495,0.738970898220890,0.000000000000000E+000,0.000000000000000E+000,6.345854673396678E-002,2.396320860678160E-002,8.742175534074831E-002,2.396320860678160E-002,0.596179930624524,0.129892416999850,0.267221967130982,0.509886628209248,0.703851072986830 
 08/30  22:00:00,1.22504018758619,0.619967933957062,0.000000000000000E+000,0.000000000000000E+000,5.657193548911857E-003,2.158751600471949E-003,7.815945149383784E-003,2.158751600471949E-003,0.445248256060239,9.700825065353844E-002,0.216614189355009,0.441241532678422,0.589576225964840 
 08/30  23:00:00,0.924411493672042,0.492339455965419,0.000000000000000E+000,0.000000000000000E+000,0.000000000000000E+000,0.000000000000000E+000,0.000000000000000E+000,0.000000000000000E+000,0.309409865982456,6.741252643972800E-002,0.147046405988563,0.383430681571697,0.465929627228648 
 08/30  24:00:00,0.625255119034623,0.356290297844810,0.000000000000000E+000,0.000000000000000E+000,0.000000000000000E+000,0.000000000000000E+000,0.000000000000000E+000,0.000000000000000E+000,0.158478191418172,3.452836009341598E-002,9.798097682479152E-002,0.317155577008642,0.334445346790355 
 08/31  01:00:00,0.507570896912745,0.294567892958640,0.000000000000000E+000,0.000000000000000E+000,0.000000000000000E+000,0.000000000000000E+000,0.000000000000000E+000,0.000000000000000E+000,9.433225480622347E-002,2.055259486006273E-002,8.355728931351325E-002,0.292016744243345,0.274454447231962 
 08/31  02:00:00,0.455581770210297,0.278365663644492,0.000000000000000E+000,0.000000000000000E+000,0.000000000000000E+000,0.000000000000000E+000,0.000000000000000E+000,0.000000000000000E+000,6.414594497123881E-002,1.397576705462970E-002,7.171700163401486E-002,0.288631042860813,0.258485417288557 
 08/31  03:00:00,0.444029456132172,0.282868180522313,0.000000000000000E+000,0.000000000000000E+000,0.000000000000000E+000,0.000000000000000E+000,0.000000000000000E+000,0.000000000000000E+000,6.414594497123881E-002,1.397576705462970E-002,6.422752921492920E-002,0.284568201201776,0.263267773411271 
 08/31  04:00:00,0.442653217774458,0.329875093507361,0.000000000000000E+000,0.000000000000000E+000,0.000000000000000E+000,0.000000000000000E+000,0.000000000000000E+000,0.000000000000000E+000,6.414594497123881E-002,1.397576705462970E-002,7.360089274675015E-002,0.273818599312238,0.311015094398432 
 08/31  05:00:00,0.490849098792348,0.541927988200285,0.000000000000000E+000,0.000000000000000E+000,0.000000000000000E+000,0.000000000000000E+000,0.000000000000000E+000,0.000000000000000E+000,6.791923683534599E-002,1.479787121328750E-002,8.546042728064268E-002,0.305559549773472,0.520881744990629 
 08/31  06:00:00,0.639254351459105,0.936667477658955,0.000000000000000E+000,0.000000000000000E+000,0.000000000000000E+000,0.000000000000000E+000,0.000000000000000E+000,0.000000000000000E+000,0.109425455699815,2.384101877979976E-002,0.135831851626414,0.353044011663478,0.912350613274615 
 08/31  07:00:00,0.850911563693834,1.04477811283054,0.000000000000000E+000,0.000000000000000E+000,0.000000000000000E+000,0.000000000000000E+000,0.000000000000000E+000,0.000000000000000E+000,0.192437809835845,4.192729570005972E-002,0.209298719283835,0.375135713184494,1.01893962255209 
 08/31  08:00:00,0.787986427726371,1.01156617284017,0.000000000000000E+000,0.000000000000000E+000,0.000000000000000E+000,0.000000000000000E+000,0.000000000000000E+000,0.000000000000000E+000,0.150931674564283,3.288414813354746E-002,0.269903014330297,0.317155577008642,0.989721221785716 
 08/31  09:00:00,0.709799736822377,0.921315227622520,0.000000000000000E+000,0.000000000000000E+000,0.000000000000000E+000,0.000000000000000E+000,0.000000000000000E+000,0.000000000000000E+000,7.546582056356009E-002,1.644207770932665E-002,0.330854782137564,0.269925042722327,0.902723407789948 
 08/31  10:00:00,0.713681082623065,0.819331183300867,0.000000000000000E+000,0.000000000000000E+000,0.000000000000000E+000,0.000000000000000E+000,0.000000000000000E+000,0.000000000000000E+000,6.037265310713190E-002,1.315366289597190E-002,0.346769520115789,0.276273232814574,0.800302114648149 
 08/31  11:00:00,0.728065585502977,0.728190019586955,0.000000000000000E+000,0.000000000000000E+000,0.000000000000000E+000,0.000000000000000E+000,0.000000000000000E+000,0.000000000000000E+000,6.037265310713190E-002,1.315366289597190E-002,0.361069380461137,0.276357875349137,0.709155120949968 
 08/31  12:00:00,0.712868246967308,0.656771476404005,0.000000000000000E+000,0.000000000000000E+000,0.000000000000000E+000,0.000000000000000E+000,0.000000000000000E+000,0.000000000000000E+000,6.037265310713190E-002,1.315366289597190E-002,0.350527381326447,0.271702535948156,0.638057226901793 
 08/31  13:00:00,0.691181612527203,0.615617980591588,0.000000000000000E+000,0.000000000000000E+000,0.000000000000000E+000,0.000000000000000E+000,0.000000000000000E+000,0.000000000000000E+000,6.037265310713190E-002,1.315366289597190E-002,0.319445425549819,0.281097857284681,0.596256602835559 
 08/31  14:00:00,0.682195922562949,0.574693714676709,0.000000000000000E+000,0.000000000000000E+000,0.000000000000000E+000,0.000000000000000E+000,0.000000000000000E+000,0.000000000000000E+000,6.037265310713190E-002,1.315366289597190E-002,0.294631581622230,0.296926011248016,0.554242129862455 
 08/31  15:00:00,0.705614619263524,0.581147829319133,0.000000000000000E+000,0.000000000000000E+000,0.000000000000000E+000,0.000000000000000E+000,0.000000000000000E+000,0.000000000000000E+000,6.037265310713190E-002,1.315366289597190E-002,0.301544984082964,0.313431305487858,0.559559397572499 
 08/31  16:00:00,0.821482347017405,0.635592197582543,0.000000000000000E+000,0.000000000000000E+000,8.991215746426981E-003,3.062699096222928E-003,1.205391484264991E-002,3.062699096222928E-003,6.414594497123881E-002,1.397576705462970E-002,0.343460405072082,0.370734301387204,0.610056866486064 
 08/31  17:00:00,1.11053489146874,0.749743630596613,0.000000000000000E+000,0.000000000000000E+000,9.023831024850544E-002,3.138008376776471E-002,0.121618394016270,3.138008376776471E-002,8.301240429177419E-002,1.808628602664225E-002,0.420322867033191,0.450382926411258,0.718722284303381 
 08/31  18:00:00,1.29932251263097,0.853458758006599,0.000000000000000E+000,0.000000000000000E+000,0.155067211546541,5.497942741228174E-002,0.210046638958823,5.497942741228174E-002,0.139611773894090,3.041784840650926E-002,0.383154291509830,0.488979922172116,0.819778938886885 
 08/31  19:00:00,1.36472655074516,0.871836972871329,0.000000000000000E+000,0.000000000000000E+000,0.143982620544178,5.275617173516085E-002,0.196738792279339,5.275617173516085E-002,0.271676947341384,5.919148485314999E-002,0.315283878980793,0.504723433600890,0.837072776677655 
 08/31  20:00:00,1.52847172380803,0.813571435690756,0.000000000000000E+000,0.000000000000000E+000,0.103111331777305,3.880813354781006E-002,0.141919465325115,3.880813354781006E-002,0.464114757177228,0.101118780553210,0.282131553876513,0.522075153186363,0.777612092722015 
 08/31  21:00:00,1.61991675593675,0.740114379905147,0.000000000000000E+000,0.000000000000000E+000,7.223416894480893E-002,2.738963033773721E-002,9.962379928254594E-002,2.738963033773721E-002,0.596179930624524,0.129892416999850,0.267221967130982,0.509886628209248,0.704994554671087 
 08/31  22:00:00,1.22500137511637,0.620684704942167,0.000000000000000E+000,0.000000000000000E+000,5.631508651456039E-003,2.145624028099685E-003,7.777132679555721E-003,2.145624028099685E-003,0.445248256060239,9.700825065353844E-002,0.216614189355009,0.441241532678422,0.590292996949945 
 08/31  23:00:00,0.924411493672042,0.492804134576003,0.000000000000000E+000,0.000000000000000E+000,0.000000000000000E+000,0.000000000000000E+000,0.000000000000000E+000,0.000000000000000E+000,0.309409865982456,6.741252643972800E-002,0.147046405988563,0.383430681571697,0.466394305839235 
 08/31  24:00:00,0.625255119034623,0.356285420718422,0.000000000000000E+000,0.000000000000000E+000,0.000000000000000E+000,0.000000000000000E+000,0.000000000000000E+000,0.000000000000000E+000,0.158478191418172,3.452836009341598E-002,9.798097682479152E-002,0.317155577008642,0.334440469663967 
 09/01  01:00:00,0.510536846348723,0.294393830163756,0.000000000000000E+000,0.000000000000000E+000,0.000000000000000E+000,0.000000000000000E+000,0.000000000000000E+000,0.000000000000000E+000,9.573711719915248E-002,2.085867858142951E-002,8.349244294370009E-002,0.293336593934840,0.274189476207806 
 09/01  02:00:00,0.456462739677630,0.278002020291952,0.000000000000000E+000,0.000000000000000E+000,0.000000000000000E+000,0.000000000000000E+000,0.000000000000000E+000,0.000000000000000E+000,6.382473086728384E-002,1.390578086421579E-002,7.168462430934135E-002,0.289935589947189,0.258031919715200 
 09/01  03:00:00,0.444892062473365,0.282377768404101,0.000000000000000E+000,0.000000000000000E+000,0.000000000000000E+000,0.000000000000000E+000,0.000000000000000E+000,0.000000000000000E+000,6.382473086728384E-002,1.390578086421579E-002,6.419515189025571E-002,0.285854385162011,0.262688771882388 
 09/01  04:00:00,0.443434769299257,0.329404184776795,0.000000000000000E+000,0.000000000000000E+000,0.000000000000000E+000,0.000000000000000E+000,0.000000000000000E+000,0.000000000000000E+000,6.382473086728384E-002,1.390578086421579E-002,7.353604637693699E-002,0.275056197501220,0.310458942734042 
 09/01  05:00:00,0.492698516617542,0.541653703445338,0.000000000000000E+000,0.000000000000000E+000,0.000000000000000E+000,0.000000000000000E+000,0.000000000000000E+000,0.000000000000000E+000,6.838363722948601E-002,1.489905222685725E-002,8.536320358615601E-002,0.306940609885441,0.520512335972588 
 09/01  06:00:00,0.662817575079225,0.936605381797123,0.000000000000000E+000,0.000000000000000E+000,0.000000000000000E+000,0.000000000000000E+000,0.000000000000000E+000,0.000000000000000E+000,0.127649461734568,2.781156537098450E-002,0.135604843471835,0.354639690812237,0.912178610681102 
 09/01  07:00:00,0.912118343366149,1.04456800528742,0.000000000000000E+000,0.000000000000000E+000,0.000000000000000E+000,0.000000000000000E+000,0.000000000000000E+000,0.000000000000000E+000,0.241622204382529,5.264332211787399E-002,0.208909549344490,0.376831241831655,1.01861273087212 
 09/01  08:00:00,0.849478472667321,1.01111165103413,0.000000000000000E+000,0.000000000000000E+000,0.000000000000000E+000,0.000000000000000E+000,0.000000000000000E+000,0.000000000000000E+000,0.200592047122709,4.370389624558903E-002,0.269481467066278,0.318589048543143,0.989167965737620 
 09/01  09:00:00,0.740818726703354,0.920660095469787,0.000000000000000E+000,0.000000000000000E+000,0.000000000000000E+000,0.000000000000000E+000,0.000000000000000E+000,0.000000000000000E+000,0.100296023561355,2.185194812279451E-002,0.330413698414181,0.271145042915422,0.901984244813113 
 09/01  10:00:00,0.735401338881078,0.818510911706328,0.000000000000000E+000,0.000000000000000E+000,0.000000000000000E+000,0.000000000000000E+000,0.000000000000000E+000,0.000000000000000E+000,7.750145831318095E-002,1.688559130958724E-002,0.346380350176442,0.277521925392267,0.799395835963651 
 09/01  11:00:00,0.749721377956306,0.727362493408707,0.000000000000000E+000,0.000000000000000E+000,0.000000000000000E+000,0.000000000000000E+000,0.000000000000000E+000,0.000000000000000E+000,7.750145831318095E-002,1.688559130958724E-002,0.360615364151980,0.277606950491958,0.708241561331554 
 09/01  12:00:00,0.734438151968782,0.655854892628122,0.000000000000000E+000,0.000000000000000E+000,0.000000000000000E+000,0.000000000000000E+000,0.000000000000000E+000,0.000000000000000E+000,7.750145831318095E-002,1.688559130958724E-002,0.350008518647474,0.272930570008939,0.637056058947370 
 09/01  13:00:00,0.712891297672837,0.614914690431909,0.000000000000000E+000,0.000000000000000E+000,0.000000000000000E+000,0.000000000000000E+000,0.000000000000000E+000,0.000000000000000E+000,7.750145831318095E-002,1.688559130958724E-002,0.319023878285798,0.282368356074668,0.595465803623876 
 09/01  14:00:00,0.703996592126409,0.574406730495642,0.000000000000000E+000,0.000000000000000E+000,0.000000000000000E+000,0.000000000000000E+000,0.000000000000000E+000,0.000000000000000E+000,7.750145831318095E-002,1.688559130958724E-002,0.294229479097109,0.298268049716935,0.553862709139849 
 09/01  15:00:00,0.810043964172278,0.581232890040176,0.000000000000000E+000,0.000000000000000E+000,6.116962137414544E-002,2.150121392504394E-002,8.267083529918921E-002,2.150121392504394E-002,7.750145831318095E-002,1.688559130958724E-002,0.301026121403993,0.314847944156729,0.559546883460788 
 09/01  16:00:00,1.00026968344101,0.635827355290344,0.000000000000000E+000,0.000000000000000E+000,0.120429731564253,4.220933874241731E-002,0.162639070306670,4.220933874241731E-002,8.661930447474814E-002,1.887213949869952E-002,0.342617218823578,0.372409936647711,0.610176610268003 
 09/01  17:00:00,1.30124056867604,0.750164444736751,0.000000000000000E+000,0.000000000000000E+000,0.190675534113398,6.662564451083546E-002,0.257301178624234,6.662564451083546E-002,0.127649461734568,2.781156537098450E-002,0.418947793799472,0.452418555457185,0.719002888968745 
 09/01  18:00:00,1.54205808361029,0.853853183858531,0.000000000000000E+000,0.000000000000000E+000,0.246957478917618,8.600121010355387E-002,0.332958689021171,8.600121010355387E-002,0.237063298020327,5.165005257650900E-002,0.382084005386279,0.491190000916397,0.820021139567653 
 09/01  19:00:00,1.68344752658023,0.872060589539088,0.000000000000000E+000,0.000000000000000E+000,0.233435682309332,8.370559760975006E-002,0.317141279919082,8.370559760975006E-002,0.433096355187926,9.436066106796846E-002,0.314732547256681,0.507004669458972,0.837139267034931 
 09/01  20:00:00,1.89423720449448,0.813708344821308,0.000000000000000E+000,0.000000000000000E+000,0.206573750983282,7.589990728403891E-002,0.282473658267321,7.589990728403891E-002,0.647365121397244,0.141044365937652,0.281807230306979,0.524434814895680,0.777586473748753 
 09/01  21:00:00,1.72968174227410,0.740355275587663,0.000000000000000E+000,0.000000000000000E+000,0.145759322449082,5.473653653241781E-002,0.200495858981500,5.473653653241781E-002,0.601776057775222,0.131111652311238,0.266994958976403,0.512191200540138,0.705076716680228 
 09/01  22:00:00,1.33391149028077,0.620774757541398,0.000000000000000E+000,0.000000000000000E+000,7.800330611969970E-002,2.942304188117689E-002,0.107426348000877,2.942304188117689E-002,0.451331980636735,9.833373923342846E-002,0.216471564029606,0.443235844690528,0.590245685897232 
 09/01  23:00:00,0.932325322135461,0.492799916986988,0.000000000000000E+000,0.000000000000000E+000,0.000000000000000E+000,0.000000000000000E+000,0.000000000000000E+000,0.000000000000000E+000,0.314564789770669,6.853563477971396E-002,0.146949182294076,0.385163701601401,0.466270721792651 
 09/01  24:00:00,0.627943451118245,0.356056946364285,0.000000000000000E+000,0.000000000000000E+000,0.000000000000000E+000,0.000000000000000E+000,0.000000000000000E+000,0.000000000000000E+000,0.159561806269983,3.476445216053948E-002,9.791613045497836E-002,0.318589048543143,0.334113261067776 
 09/02  01:00:00,0.514483873581683,0.300168537345463,0.000000000000000E+000,0.000000000000000E+000,0.000000000000000E+000,0.000000000000000E+000,0.000000000000000E+000,0.000000000000000E+000,9.573711719915248E-002,2.085867858142951E-002,8.743947017666101E-002,0.293336593934840,0.279964183389512 
 09/02  02:00:00,0.459073980193851,0.282443376839196,0.000000000000000E+000,0.000000000000000E+000,0.000000000000000E+000,0.000000000000000E+000,0.000000000000000E+000,0.000000000000000E+000,6.382473086728384E-002,1.390578086421579E-002,7.429586482556264E-002,0.289935589947189,0.262473276262444 
 09/02  03:00:00,0.446257467737664,0.287398522330717,0.000000000000000E+000,0.000000000000000E+000,0.000000000000000E+000,0.000000000000000E+000,0.000000000000000E+000,0.000000000000000E+000,6.382473086728384E-002,1.390578086421579E-002,6.556055715455404E-002,0.285854385162011,0.267709525809005 
 09/02  04:00:00,0.446105927051656,0.339666757109052,0.000000000000000E+000,0.000000000000000E+000,0.000000000000000E+000,0.000000000000000E+000,0.000000000000000E+000,0.000000000000000E+000,6.382473086728384E-002,1.390578086421579E-002,7.620720412933703E-002,0.275056197501220,0.320721515066296 
 09/02  05:00:00,0.496795212495069,0.570880157892836,0.000000000000000E+000,0.000000000000000E+000,0.000000000000000E+000,0.000000000000000E+000,0.000000000000000E+000,0.000000000000000E+000,6.838363722948601E-002,1.489905222685725E-002,8.945989946368259E-002,0.306940609885441,0.549738790420086 
 09/02  06:00:00,0.673443095797140,1.00313665772839,0.000000000000000E+000,0.000000000000000E+000,0.000000000000000E+000,0.000000000000000E+000,0.000000000000000E+000,0.000000000000000E+000,0.127649461734568,2.781156537098450E-002,0.146230364189749,0.354639690812237,0.978709886612363 
 09/02  07:00:00,0.933279722214808,1.12494731183777,0.000000000000000E+000,0.000000000000000E+000,0.000000000000000E+000,0.000000000000000E+000,0.000000000000000E+000,0.000000000000000E+000,0.241622204382529,5.264332211787399E-002,0.230070928193149,0.376831241831655,1.09899203742247 
 09/02  08:00:00,0.881915799509353,1.09472254553373,0.000000000000000E+000,0.000000000000000E+000,0.000000000000000E+000,0.000000000000000E+000,0.000000000000000E+000,0.000000000000000E+000,0.200592047122709,4.370389624558903E-002,0.301918793908311,0.318589048543143,1.07277886023722 
 09/02  09:00:00,0.785849821194082,0.997453452204418,0.000000000000000E+000,0.000000000000000E+000,0.000000000000000E+000,0.000000000000000E+000,0.000000000000000E+000,0.000000000000000E+000,0.100296023561355,2.185194812279451E-002,0.375444792904911,0.271145042915422,0.978777601547744 
 09/02  10:00:00,0.786317608903362,0.884360330346112,0.000000000000000E+000,0.000000000000000E+000,0.000000000000000E+000,0.000000000000000E+000,0.000000000000000E+000,0.000000000000000E+000,7.750145831318095E-002,1.688559130958724E-002,0.397296620198725,0.277521925392267,0.865245254603439 
 09/02  11:00:00,0.802210179466325,0.782038473560712,0.000000000000000E+000,0.000000000000000E+000,0.000000000000000E+000,0.000000000000000E+000,0.000000000000000E+000,0.000000000000000E+000,7.750145831318095E-002,1.688559130958724E-002,0.413104165661999,0.277606950491958,0.762917541483556 
 09/02  12:00:00,0.782248696308279,0.703265674288456,0.000000000000000E+000,0.000000000000000E+000,0.000000000000000E+000,0.000000000000000E+000,0.000000000000000E+000,0.000000000000000E+000,7.750145831318095E-002,1.688559130958724E-002,0.397819062986971,0.272930570008939,0.684466840607701 
 09/02  13:00:00,0.756479365057980,0.655989630414671,0.000000000000000E+000,0.000000000000000E+000,0.000000000000000E+000,0.000000000000000E+000,0.000000000000000E+000,0.000000000000000E+000,7.750145831318095E-002,1.688559130958724E-002,0.362611945670944,0.282368356074668,0.636540743606637 
 09/02  14:00:00,0.743122195602075,0.611489966505829,0.000000000000000E+000,0.000000000000000E+000,0.000000000000000E+000,0.000000000000000E+000,0.000000000000000E+000,0.000000000000000E+000,7.750145831318095E-002,1.688559130958724E-002,0.333355082572772,0.298268049716935,0.590945945150039 
 09/02  15:00:00,0.788527327878497,0.617966957860290,0.000000000000000E+000,0.000000000000000E+000,1.792421203169507E-002,6.170984471269294E-003,2.409519650296436E-002,6.170984471269294E-003,7.750145831318095E-002,1.688559130958724E-002,0.338085123906433,0.314847944156729,0.596280951280902 
 09/02  16:00:00,1.02557472013753,0.680839136839507,0.000000000000000E+000,0.000000000000000E+000,0.113182241302734,3.884391771840181E-002,0.152026159021136,3.884391771840181E-002,8.661930447474814E-002,1.887213949869952E-002,0.378535166805636,0.372409936647711,0.655188391817169 
 09/02  17:00:00,1.40062586526011,0.804494520565143,0.000000000000000E+000,0.000000000000000E+000,0.239311656436224,8.202286027535434E-002,0.321334516711577,8.202286027535434E-002,0.127649461734568,2.781156537098450E-002,0.454299752296194,0.452418555457185,0.773332964797138 
 09/02  18:00:00,1.66411757981475,0.924542588336673,0.000000000000000E+000,0.000000000000000E+000,0.313610239038010,0.107097603199825,0.420707842237835,0.107097603199825,0.237063298020327,5.165005257650900E-002,0.416394348374079,0.491190000916397,0.890710544045796 
 09/02  19:00:00,1.81324469755341,0.951252386556053,0.000000000000000E+000,0.000000000000000E+000,0.303938893849751,0.108754775453163,0.412693669302916,0.108754775453163,0.433096355187926,9.436066106796846E-002,0.348977328846029,0.507004669458972,0.916331064051895 
 09/02  20:00:00,1.99425084123901,0.889220841815185,0.000000000000000E+000,0.000000000000000E+000,0.253418746759830,9.421315004014835E-002,0.347631896799978,9.421315004014835E-002,0.647365121397244,0.141044365937652,0.316662628518856,0.524434814895680,0.853098970742633 
 09/02  21:00:00,1.78320417564514,0.803829842643521,0.000000000000000E+000,0.000000000000000E+000,0.158013263345837,6.039814305291356E-002,0.218411406398750,6.039814305291356E-002,0.601776057775222,0.131111652311238,0.302601844930188,0.512191200540138,0.768551283736085 
 09/02  22:00:00,1.34281039735511,0.670819209129138,0.000000000000000E+000,0.000000000000000E+000,6.369320824823944E-002,2.433881226812904E-002,8.803202051636841E-002,2.433881226812904E-002,0.451331980636735,9.833373923342846E-002,0.244764798588447,0.443235844690528,0.640290137484972 
 09/02  23:00:00,0.947860179899104,0.524151006031603,0.000000000000000E+000,0.000000000000000E+000,0.000000000000000E+000,0.000000000000000E+000,0.000000000000000E+000,0.000000000000000E+000,0.314564789770669,6.853563477971396E-002,0.162484040057721,0.385163701601401,0.497621810837266 
 09/02  24:00:00,0.634517139453991,0.368168392729226,0.000000000000000E+000,0.000000000000000E+000,0.000000000000000E+000,0.000000000000000E+000,0.000000000000000E+000,0.000000000000000E+000,0.159561806269983,3.476445216053948E-002,0.104489818790726,0.318589048543143,0.346224707432719 
 09/03  01:00:00,0.514483873581683,0.300666703227642,0.000000000000000E+000,0.000000000000000E+000,0.000000000000000E+000,0.000000000000000E+000,0.000000000000000E+000,0.000000000000000E+000,9.573711719915248E-002,2.085867858142951E-002,8.743947017666101E-002,0.293336593934840,0.280462349271692 
 09/03  02:00:00,0.459073980193851,0.282671214547691,0.000000000000000E+000,0.000000000000000E+000,0.000000000000000E+000,0.000000000000000E+000,0.000000000000000E+000,0.000000000000000E+000,6.382473086728384E-002,1.390578086421579E-002,7.429586482556264E-002,0.289935589947189,0.262701113970939 
 09/03  03:00:00,0.446257467737664,0.287414877737321,0.000000000000000E+000,0.000000000000000E+000,0.000000000000000E+000,0.000000000000000E+000,0.000000000000000E+000,0.000000000000000E+000,6.382473086728384E-002,1.390578086421579E-002,6.556055715455404E-002,0.285854385162011,0.267725881215608 
 09/03  04:00:00,0.446105927051656,0.339516055662452,0.000000000000000E+000,0.000000000000000E+000,0.000000000000000E+000,0.000000000000000E+000,0.000000000000000E+000,0.000000000000000E+000,6.382473086728384E-002,1.390578086421579E-002,7.620720412933703E-002,0.275056197501220,0.320570813619698 
 09/03  05:00:00,0.496795212495069,0.570829941441927,0.000000000000000E+000,0.000000000000000E+000,0.000000000000000E+000,0.000000000000000E+000,0.000000000000000E+000,0.000000000000000E+000,6.838363722948601E-002,1.489905222685725E-002,8.945989946368259E-002,0.306940609885441,0.549688573969177 
 09/03  06:00:00,0.673443095797140,1.00340048309430,0.000000000000000E+000,0.000000000000000E+000,0.000000000000000E+000,0.000000000000000E+000,0.000000000000000E+000,0.000000000000000E+000,0.127649461734568,2.781156537098450E-002,0.146230364189749,0.354639690812237,0.978973711978276 
 09/03  07:00:00,0.933279722214808,1.12525448845737,0.000000000000000E+000,0.000000000000000E+000,0.000000000000000E+000,0.000000000000000E+000,0.000000000000000E+000,0.000000000000000E+000,0.241622204382529,5.264332211787399E-002,0.230070928193149,0.376831241831655,1.09929921404207 
 09/03  08:00:00,0.881915799509353,1.09489004499542,0.000000000000000E+000,0.000000000000000E+000,0.000000000000000E+000,0.000000000000000E+000,0.000000000000000E+000,0.000000000000000E+000,0.200592047122709,4.370389624558903E-002,0.301918793908311,0.318589048543143,1.07294635969891 
 09/03  09:00:00,0.785849821194082,0.997320953939375,0.000000000000000E+000,0.000000000000000E+000,0.000000000000000E+000,0.000000000000000E+000,0.000000000000000E+000,0.000000000000000E+000,0.100296023561355,2.185194812279451E-002,0.375444792904911,0.271145042915422,0.978645103282698 
 09/03  10:00:00,0.786317608903362,0.884178495288389,0.000000000000000E+000,0.000000000000000E+000,0.000000000000000E+000,0.000000000000000E+000,0.000000000000000E+000,0.000000000000000E+000,7.750145831318095E-002,1.688559130958724E-002,0.397296620198725,0.277521925392267,0.865063419545713 
 09/03  11:00:00,0.802210179466325,0.781804396099817,0.000000000000000E+000,0.000000000000000E+000,0.000000000000000E+000,0.000000000000000E+000,0.000000000000000E+000,0.000000000000000E+000,7.750145831318095E-002,1.688559130958724E-002,0.413104165661999,0.277606950491958,0.762683464022664 
 09/03  12:00:00,0.782248696308279,0.702969462123714,0.000000000000000E+000,0.000000000000000E+000,0.000000000000000E+000,0.000000000000000E+000,0.000000000000000E+000,0.000000000000000E+000,7.750145831318095E-002,1.688559130958724E-002,0.397819062986971,0.272930570008939,0.684170628442959 
 09/03  13:00:00,0.886813966027366,0.655486817102006,0.000000000000000E+000,0.000000000000000E+000,9.866298400841905E-002,3.167161696096608E-002,0.130334600969385,3.167161696096608E-002,7.750145831318095E-002,1.688559130958724E-002,0.362611945670944,0.282368356074668,0.636037930293973 
 09/03  14:00:00,1.10096175567259,0.610902623919255,0.000000000000000E+000,0.000000000000000E+000,0.271841484889733,8.599807518078233E-002,0.357839560070516,8.599807518078233E-002,7.750145831318095E-002,1.688559130958724E-002,0.333355082572772,0.298268049716935,0.590358602563465 
 09/03  15:00:00,1.35616047630362,0.617521199800926,0.000000000000000E+000,0.000000000000000E+000,0.451446403817962,0.140281941110126,0.591728344928089,0.140281941110126,7.750145831318095E-002,1.688559130958724E-002,0.338085123906433,0.314847944156729,0.595835193221537 
 09/03  16:00:00,1.54715063585177,0.680883190957922,0.000000000000000E+000,0.000000000000000E+000,0.505901087157132,0.167700987578239,0.673602074735370,0.167700987578239,8.661930447474814E-002,1.887213949869952E-002,0.378535166805636,0.372409936647711,0.655232445935585 
 09/03  17:00:00,1.76547993524943,0.805297921272058,0.000000000000000E+000,0.000000000000000E+000,0.508094734939399,0.178093851761501,0.686188586700900,0.178093851761501,0.127649461734568,2.781156537098450E-002,0.454299752296194,0.452418555457185,0.774136365504052 
 09/03  18:00:00,1.86867181090654,0.926115643848195,0.000000000000000E+000,0.000000000000000E+000,0.457156639373669,0.168105433955951,0.625262073329620,0.168105433955951,0.237063298020327,5.165005257650900E-002,0.416394348374079,0.491190000916397,0.892283599557314 
 09/03  19:00:00,1.95238160450372,0.952695204295906,0.000000000000000E+000,0.000000000000000E+000,0.402613150717824,0.149217425535399,0.551830576253225,0.149217425535399,0.433096355187926,9.436066106796846E-002,0.348977328846029,0.507004669458972,0.917773881791751 
 09/03  20:00:00,2.11431904632021,0.889993309757342,0.000000000000000E+000,0.000000000000000E+000,0.340660695003382,0.127039406877794,0.467700101881177,0.127039406877794,0.647365121397244,0.141044365937652,0.316662628518856,0.524434814895680,0.853871438684790 
 09/03  21:00:00,1.91560740911649,0.804054737989617,0.000000000000000E+000,0.000000000000000E+000,0.255035361942835,9.577927792726604E-002,0.350814639870101,9.577927792726604E-002,0.601776057775222,0.131111652311238,0.302601844930188,0.512191200540138,0.768776179082182 
 09/03  22:00:00,1.45592924543531,0.670832769111397,0.000000000000000E+000,0.000000000000000E+000,0.145970793460561,5.518007513600646E-002,0.201150868596568,5.518007513600646E-002,0.451331980636735,9.833373923342846E-002,0.244764798588447,0.443235844690528,0.640303697467232 
 09/03  23:00:00,1.00971092250429,0.523933962912877,0.000000000000000E+000,0.000000000000000E+000,4.482356596811519E-002,1.702717663707214E-002,6.185074260518755E-002,1.702717663707214E-002,0.314564789770669,6.853563477971396E-002,0.162484040057721,0.385163701601401,0.497404767718540 
 09/03  24:00:00,0.634517139453991,0.367687342837786,0.000000000000000E+000,0.000000000000000E+000,0.000000000000000E+000,0.000000000000000E+000,0.000000000000000E+000,0.000000000000000E+000,0.159561806269983,3.476445216053948E-002,0.104489818790726,0.318589048543143,0.345743657541280 
 09/04  01:00:00,0.510536846348723,0.294111242873259,0.000000000000000E+000,0.000000000000000E+000,0.000000000000000E+000,0.000000000000000E+000,0.000000000000000E+000,0.000000000000000E+000,9.573711719915248E-002,2.085867858142951E-002,8.349244294370009E-002,0.293336593934840,0.273906888917307 
 09/04  02:00:00,0.456462739677630,0.277983617234449,0.000000000000000E+000,0.000000000000000E+000,0.000000000000000E+000,0.000000000000000E+000,0.000000000000000E+000,0.000000000000000E+000,6.382473086728384E-002,1.390578086421579E-002,7.168462430934135E-002,0.289935589947189,0.258013516657698 
 09/04  03:00:00,0.444892062473365,0.282747968831186,0.000000000000000E+000,0.000000000000000E+000,0.000000000000000E+000,0.000000000000000E+000,0.000000000000000E+000,0.000000000000000E+000,6.382473086728384E-002,1.390578086421579E-002,6.419515189025571E-002,0.285854385162011,0.263058972309474 
 09/04  04:00:00,0.443434769299257,0.330021547499646,0.000000000000000E+000,0.000000000000000E+000,0.000000000000000E+000,0.000000000000000E+000,0.000000000000000E+000,0.000000000000000E+000,6.382473086728384E-002,1.390578086421579E-002,7.353604637693699E-002,0.275056197501220,0.311076305456892 
 09/04  05:00:00,0.492698516617542,0.543089343810908,0.000000000000000E+000,0.000000000000000E+000,0.000000000000000E+000,0.000000000000000E+000,0.000000000000000E+000,0.000000000000000E+000,6.838363722948601E-002,1.489905222685725E-002,8.536320358615601E-002,0.306940609885441,0.521947976338158 
 09/04  06:00:00,0.662817575079225,0.939686768865894,0.000000000000000E+000,0.000000000000000E+000,0.000000000000000E+000,0.000000000000000E+000,0.000000000000000E+000,0.000000000000000E+000,0.127649461734568,2.781156537098450E-002,0.135604843471835,0.354639690812237,0.915259997749873 
 09/04  07:00:00,0.912118343366149,1.04800827599779,0.000000000000000E+000,0.000000000000000E+000,0.000000000000000E+000,0.000000000000000E+000,0.000000000000000E+000,0.000000000000000E+000,0.241622204382529,5.264332211787399E-002,0.208909549344490,0.376831241831655,1.02205300158249 
 09/04  08:00:00,0.849478472667321,1.01444453951847,0.000000000000000E+000,0.000000000000000E+000,0.000000000000000E+000,0.000000000000000E+000,0.000000000000000E+000,0.000000000000000E+000,0.200592047122709,4.370389624558903E-002,0.269481467066278,0.318589048543143,0.992500854221956 
 09/04  09:00:00,0.740818726703354,0.923607897385513,0.000000000000000E+000,0.000000000000000E+000,0.000000000000000E+000,0.000000000000000E+000,0.000000000000000E+000,0.000000000000000E+000,0.100296023561355,2.185194812279451E-002,0.330413698414181,0.271145042915422,0.904932046728839 
 09/04  10:00:00,0.735401338881078,0.821184377862785,0.000000000000000E+000,0.000000000000000E+000,0.000000000000000E+000,0.000000000000000E+000,0.000000000000000E+000,0.000000000000000E+000,7.750145831318095E-002,1.688559130958724E-002,0.346380350176442,0.277521925392267,0.802069302120112 
 09/04  11:00:00,0.749721377956306,0.729741082474429,0.000000000000000E+000,0.000000000000000E+000,0.000000000000000E+000,0.000000000000000E+000,0.000000000000000E+000,0.000000000000000E+000,7.750145831318095E-002,1.688559130958724E-002,0.360615364151980,0.277606950491958,0.710620150397274 
 09/04  12:00:00,0.734438151968782,0.657999119064646,0.000000000000000E+000,0.000000000000000E+000,0.000000000000000E+000,0.000000000000000E+000,0.000000000000000E+000,0.000000000000000E+000,7.750145831318095E-002,1.688559130958724E-002,0.350008518647474,0.272930570008939,0.639200285383891 
 09/04  13:00:00,0.712891297672837,0.616667930375947,0.000000000000000E+000,0.000000000000000E+000,0.000000000000000E+000,0.000000000000000E+000,0.000000000000000E+000,0.000000000000000E+000,7.750145831318095E-002,1.688559130958724E-002,0.319023878285798,0.282368356074668,0.597219043567914 
 09/04  14:00:00,0.703996592126409,0.575696591864549,0.000000000000000E+000,0.000000000000000E+000,0.000000000000000E+000,0.000000000000000E+000,0.000000000000000E+000,0.000000000000000E+000,7.750145831318095E-002,1.688559130958724E-002,0.294229479097109,0.298268049716935,0.555152570508759 
 09/04  15:00:00,0.773647284506655,0.582176289846148,0.000000000000000E+000,0.000000000000000E+000,3.450736782512023E-002,1.176678780844502E-002,4.627415563356517E-002,1.176678780844502E-002,7.750145831318095E-002,1.688559130958724E-002,0.301026121403993,0.314847944156729,0.560490283266760 
 09/04  16:00:00,1.00446483568286,0.636900574778180,0.000000000000000E+000,0.000000000000000E+000,0.124167657761179,4.266656478734397E-002,0.166834222548523,4.266656478734397E-002,8.661930447474814E-002,1.887213949869952E-002,0.342617218823578,0.372409936647711,0.611249829755839 
 09/04  17:00:00,1.34424482895764,0.751706385972303,0.000000000000000E+000,0.000000000000000E+000,0.223186564327816,7.711887457801253E-002,0.300305438905828,7.711887457801253E-002,0.127649461734568,2.781156537098450E-002,0.418947793799472,0.452418555457185,0.720544830204297 
 09/04  18:00:00,1.58833681096188,0.855774570785123,0.000000000000000E+000,0.000000000000000E+000,0.281337790489177,9.789962588358388E-002,0.379237416372760,9.789962588358388E-002,0.237063298020327,5.165005257650900E-002,0.382084005386279,0.491190000916397,0.821942526494242 
 09/04  19:00:00,1.45686939867045,0.874302401063131,0.000000000000000E+000,0.000000000000000E+000,6.632653306271261E-002,2.423661894658609E-002,9.056315200929864E-002,2.423661894658609E-002,0.433096355187926,9.436066106796846E-002,0.314732547256681,0.507004669458972,0.839381078558976 
 09/04  20:00:00,1.83414958157570,0.815540922948922,0.000000000000000E+000,0.000000000000000E+000,0.161287542744292,6.109849260425137E-002,0.222386035348543,6.109849260425137E-002,0.647365121397244,0.141044365937652,0.281807230306979,0.524434814895680,0.779419051876370 
 09/04  21:00:00,1.63817821908397,0.742327859649738,0.000000000000000E+000,0.000000000000000E+000,7.888881637480623E-002,3.010351941656043E-002,0.108992335791367,3.010351941656043E-002,0.601776057775222,0.131111652311238,0.266994958976403,0.512191200540138,0.707049300742305 
 09/04  22:00:00,1.22648514227990,0.622518657950353,0.000000000000000E+000,0.000000000000000E+000,0.000000000000000E+000,0.000000000000000E+000,0.000000000000000E+000,0.000000000000000E+000,0.451331980636735,9.833373923342846E-002,0.216471564029606,0.443235844690528,0.591989586306187 
 09/04  23:00:00,0.932325322135461,0.493996788187064,0.000000000000000E+000,0.000000000000000E+000,0.000000000000000E+000,0.000000000000000E+000,0.000000000000000E+000,0.000000000000000E+000,0.314564789770669,6.853563477971396E-002,0.146949182294076,0.385163701601401,0.467467592992728 
 09/04  24:00:00,0.627943451118245,0.357073568169445,0.000000000000000E+000,0.000000000000000E+000,0.000000000000000E+000,0.000000000000000E+000,0.000000000000000E+000,0.000000000000000E+000,0.159561806269983,3.476445216053948E-002,9.791613045497836E-002,0.318589048543143,0.335129882872939 
 09/05  01:00:00,0.510536846348723,0.294984133175246,0.000000000000000E+000,0.000000000000000E+000,0.000000000000000E+000,0.000000000000000E+000,0.000000000000000E+000,0.000000000000000E+000,9.573711719915248E-002,2.085867858142951E-002,8.349244294370009E-002,0.293336593934840,0.274779779219293 
 09/05  02:00:00,0.456462739677630,0.278592918676971,0.000000000000000E+000,0.000000000000000E+000,0.000000000000000E+000,0.000000000000000E+000,0.000000000000000E+000,0.000000000000000E+000,6.382473086728384E-002,1.390578086421579E-002,7.168462430934135E-002,0.289935589947189,0.258622818100218 
 09/05  03:00:00,0.444892062473365,0.283229965236324,0.000000000000000E+000,0.000000000000000E+000,0.000000000000000E+000,0.000000000000000E+000,0.000000000000000E+000,0.000000000000000E+000,6.382473086728384E-002,1.390578086421579E-002,6.419515189025571E-002,0.285854385162011,0.263540968714611 
 09/05  04:00:00,0.443434769299257,0.330478524854417,0.000000000000000E+000,0.000000000000000E+000,0.000000000000000E+000,0.000000000000000E+000,0.000000000000000E+000,0.000000000000000E+000,6.382473086728384E-002,1.390578086421579E-002,7.353604637693699E-002,0.275056197501220,0.311533282811663 
 09/05  05:00:00,0.492698516617542,0.543805811202820,0.000000000000000E+000,0.000000000000000E+000,0.000000000000000E+000,0.000000000000000E+000,0.000000000000000E+000,0.000000000000000E+000,6.838363722948601E-002,1.489905222685725E-002,8.536320358615601E-002,0.306940609885441,0.522664443730070 
 09/05  06:00:00,0.662817575079225,0.940764624367995,0.000000000000000E+000,0.000000000000000E+000,0.000000000000000E+000,0.000000000000000E+000,0.000000000000000E+000,0.000000000000000E+000,0.127649461734568,2.781156537098450E-002,0.135604843471835,0.354639690812237,0.916337853251971 
 09/05  07:00:00,0.912118343366149,1.04932584423352,0.000000000000000E+000,0.000000000000000E+000,0.000000000000000E+000,0.000000000000000E+000,0.000000000000000E+000,0.000000000000000E+000,0.241622204382529,5.264332211787399E-002,0.208909549344490,0.376831241831655,1.02337056981822 
 09/05  08:00:00,0.849478472667321,1.01558876299389,0.000000000000000E+000,0.000000000000000E+000,0.000000000000000E+000,0.000000000000000E+000,0.000000000000000E+000,0.000000000000000E+000,0.200592047122709,4.370389624558903E-002,0.269481467066278,0.318589048543143,0.993645077697379 
 09/05  09:00:00,0.740818726703354,0.924430727373212,0.000000000000000E+000,0.000000000000000E+000,0.000000000000000E+000,0.000000000000000E+000,0.000000000000000E+000,0.000000000000000E+000,0.100296023561355,2.185194812279451E-002,0.330413698414181,0.271145042915422,0.905754876716538 
 09/05  10:00:00,0.735401338881078,0.821726371130754,0.000000000000000E+000,0.000000000000000E+000,0.000000000000000E+000,0.000000000000000E+000,0.000000000000000E+000,0.000000000000000E+000,7.750145831318095E-002,1.688559130958724E-002,0.346380350176442,0.277521925392267,0.802611295388081 
 09/05  11:00:00,0.749721377956306,0.730154021156511,0.000000000000000E+000,0.000000000000000E+000,0.000000000000000E+000,0.000000000000000E+000,0.000000000000000E+000,0.000000000000000E+000,7.750145831318095E-002,1.688559130958724E-002,0.360615364151980,0.277606950491958,0.711033089079358 
 09/05  12:00:00,0.734438151968782,0.658299601031484,0.000000000000000E+000,0.000000000000000E+000,0.000000000000000E+000,0.000000000000000E+000,0.000000000000000E+000,0.000000000000000E+000,7.750145831318095E-002,1.688559130958724E-002,0.350008518647474,0.272930570008939,0.639500767350729 
 09/05  13:00:00,0.712891297672837,0.616936256376238,0.000000000000000E+000,0.000000000000000E+000,0.000000000000000E+000,0.000000000000000E+000,0.000000000000000E+000,0.000000000000000E+000,7.750145831318095E-002,1.688559130958724E-002,0.319023878285798,0.282368356074668,0.597487369568205 
 09/05  14:00:00,0.703996592126409,0.576011444403812,0.000000000000000E+000,0.000000000000000E+000,0.000000000000000E+000,0.000000000000000E+000,0.000000000000000E+000,0.000000000000000E+000,7.750145831318095E-002,1.688559130958724E-002,0.294229479097109,0.298268049716935,0.555467423048019 
 09/05  15:00:00,0.823702095777802,0.582657840349683,0.000000000000000E+000,0.000000000000000E+000,7.224768616449852E-002,2.408128074021373E-002,9.632896690471214E-002,2.408128074021373E-002,7.750145831318095E-002,1.688559130958724E-002,0.301026121403993,0.314847944156729,0.560971833770294 
 09/05  16:00:00,1.05847850705556,0.637440245771025,0.000000000000000E+000,0.000000000000000E+000,0.164737319204768,5.611057471645831E-002,0.220847893921226,5.611057471645831E-002,8.661930447474814E-002,1.887213949869952E-002,0.342617218823578,0.372409936647711,0.611789500748687 
 09/05  17:00:00,1.36213168883917,0.752562850873368,0.000000000000000E+000,0.000000000000000E+000,0.236105695916836,8.208660287052502E-002,0.318192298787360,8.208660287052502E-002,0.127649461734568,2.781156537098450E-002,0.418947793799472,0.452418555457185,0.721401295105363 
 09/05  18:00:00,1.57573119960607,0.856887899736219,0.000000000000000E+000,0.000000000000000E+000,0.270688919931450,9.594288508550361E-002,0.366631805016954,9.594288508550361E-002,0.237063298020327,5.165005257650900E-002,0.382084005386279,0.491190000916397,0.823055855445338 
 09/05  19:00:00,1.64627202985349,0.875611612539832,0.000000000000000E+000,0.000000000000000E+000,0.203602550746359,7.636323244598457E-002,0.279965783192345,7.636323244598457E-002,0.433096355187926,9.436066106796846E-002,0.314732547256681,0.507004669458972,0.840690290035677 
 09/05  20:00:00,1.76636029275064,0.817333124376462,0.000000000000000E+000,0.000000000000000E+000,0.111890594463756,4.270615205972765E-002,0.154596746523483,4.270615205972765E-002,0.647365121397244,0.141044365937652,0.281807230306979,0.524434814895680,0.781211253303911 
 09/05  21:00:00,1.52918588329260,0.743814224240348,0.000000000000000E+000,0.000000000000000E+000,0.000000000000000E+000,0.000000000000000E+000,0.000000000000000E+000,0.000000000000000E+000,0.601776057775222,0.131111652311238,0.266994958976403,0.512191200540138,0.708535665332915 
 09/05  22:00:00,1.22648514227990,0.623567067239994,0.000000000000000E+000,0.000000000000000E+000,0.000000000000000E+000,0.000000000000000E+000,0.000000000000000E+000,0.000000000000000E+000,0.451331980636735,9.833373923342846E-002,0.216471564029606,0.443235844690528,0.593037995595828 
 09/05  23:00:00,0.932325322135461,0.495064979349250,0.000000000000000E+000,0.000000000000000E+000,0.000000000000000E+000,0.000000000000000E+000,0.000000000000000E+000,0.000000000000000E+000,0.314564789770669,6.853563477971396E-002,0.146949182294076,0.385163701601401,0.468535784154914 
 09/05  24:00:00,0.627943451118245,0.357971122052021,0.000000000000000E+000,0.000000000000000E+000,0.000000000000000E+000,0.000000000000000E+000,0.000000000000000E+000,0.000000000000000E+000,0.159561806269983,3.476445216053948E-002,9.791613045497836E-002,0.318589048543143,0.336027436755515 
 09/06  01:00:00,0.510536846348723,0.296071240495161,0.000000000000000E+000,0.000000000000000E+000,0.000000000000000E+000,0.000000000000000E+000,0.000000000000000E+000,0.000000000000000E+000,9.573711719915248E-002,2.085867858142951E-002,8.349244294370009E-002,0.293336593934840,0.275866886539209 
 09/06  02:00:00,0.456462739677630,0.279981982040231,0.000000000000000E+000,0.000000000000000E+000,0.000000000000000E+000,0.000000000000000E+000,0.000000000000000E+000,0.000000000000000E+000,6.382473086728384E-002,1.390578086421579E-002,7.168462430934135E-002,0.289935589947189,0.260011881463479 
 09/06  03:00:00,0.456886409102043,0.704454060783253,0.000000000000000E+000,0.419665426910717,0.000000000000000E+000,1.199434662867827E-002,1.199434662867827E-002,1.199434662867827E-002,6.382473086728384E-002,1.390578086421579E-002,6.419515189025571E-002,0.285854385162011,0.265099637350823 
 09/06  04:00:00,0.469328915118246,1.25945078737937,0.000000000000000E+000,0.927470549123015,0.000000000000000E+000,2.589414581898878E-002,2.589414581898878E-002,2.589414581898878E-002,6.382473086728384E-002,1.390578086421579E-002,7.353604637693699E-002,0.275056197501220,0.313034996213599 
 09/06  05:00:00,0.529857135511458,1.89219769141601,0.000000000000000E+000,1.34708970969413,0.000000000000000E+000,3.715861889391744E-002,3.715861889391744E-002,3.715861889391744E-002,6.838363722948601E-002,1.489905222685725E-002,8.536320358615601E-002,0.306940609885441,0.523966614249134 
 09/06  06:00:00,0.716412780342149,2.88885766484767,0.000000000000000E+000,1.94656052456259,0.000000000000000E+000,5.359520526292407E-002,5.359520526292407E-002,5.359520526292407E-002,0.127649461734568,2.781156537098450E-002,0.135604843471835,0.354639690812237,0.917870369169061 
 09/06  07:00:00,0.955324166625708,2.61947184585197,0.000000000000000E+000,1.56922152971895,0.000000000000000E+000,4.320582325955957E-002,4.320582325955957E-002,4.320582325955957E-002,0.241622204382529,5.264332211787399E-002,0.208909549344490,0.376831241831655,1.02429504171772 
 09/06  08:00:00,0.890101467930616,2.49164877014564,0.000000000000000E+000,1.47541405207986,0.000000000000000E+000,4.062299526329465E-002,4.062299526329465E-002,4.062299526329465E-002,0.200592047122709,4.370389624558903E-002,0.269481467066278,0.318589048543143,0.994291032769273 
 09/06  09:00:00,0.775423476417826,2.18196491880236,0.000000000000000E+000,1.25683331981114,0.000000000000000E+000,3.460474971447235E-002,3.460474971447235E-002,3.460474971447235E-002,0.100296023561355,2.185194812279451E-002,0.330413698414181,0.271145042915422,0.906455748334544 
 09/06  10:00:00,0.761602450765929,1.77418690963114,0.000000000000000E+000,0.951615911246056,0.000000000000000E+000,2.620111188485010E-002,2.620111188485010E-002,2.620111188485010E-002,7.750145831318095E-002,1.688559130958724E-002,0.346380350176442,0.277521925392267,0.803455922642415 
 09/06  11:00:00,0.751823233727270,0.807522761034514,0.000000000000000E+000,7.633872194371397E-002,0.000000000000000E+000,2.101855770964024E-003,2.101855770964024E-003,2.101855770964024E-003,7.750145831318095E-002,1.688559130958724E-002,0.360615364151980,0.277606950491958,0.712063107013647 
 09/06  12:00:00,0.734438151968782,0.660072006569522,0.000000000000000E+000,0.000000000000000E+000,0.000000000000000E+000,0.000000000000000E+000,0.000000000000000E+000,0.000000000000000E+000,7.750145831318095E-002,1.688559130958724E-002,0.350008518647474,0.272930570008939,0.641273172888767 
 09/06  13:00:00,0.712891297672837,0.618996290502128,0.000000000000000E+000,0.000000000000000E+000,0.000000000000000E+000,0.000000000000000E+000,0.000000000000000E+000,0.000000000000000E+000,7.750145831318095E-002,1.688559130958724E-002,0.319023878285798,0.282368356074668,0.599547403694095 
 09/06  14:00:00,0.703996592126409,0.577961730033497,0.000000000000000E+000,0.000000000000000E+000,0.000000000000000E+000,0.000000000000000E+000,0.000000000000000E+000,0.000000000000000E+000,7.750145831318095E-002,1.688559130958724E-002,0.294229479097109,0.298268049716935,0.557417708677707 
 09/06  15:00:00,0.727373128873090,0.584498872534318,0.000000000000000E+000,0.000000000000000E+000,0.000000000000000E+000,0.000000000000000E+000,0.000000000000000E+000,0.000000000000000E+000,7.750145831318095E-002,1.688559130958724E-002,0.301026121403993,0.314847944156729,0.562812865954933 
 09/06  16:00:00,0.837630613134335,0.639337007797311,0.000000000000000E+000,0.000000000000000E+000,0.000000000000000E+000,0.000000000000000E+000,0.000000000000000E+000,0.000000000000000E+000,8.661930447474814E-002,1.887213949869952E-002,0.342617218823578,0.372409936647711,0.613686262774973 
 09/06  17:00:00,1.04393939005181,0.754208044805942,0.000000000000000E+000,0.000000000000000E+000,0.000000000000000E+000,0.000000000000000E+000,0.000000000000000E+000,0.000000000000000E+000,0.127649461734568,2.781156537098450E-002,0.418947793799472,0.452418555457185,0.723046489037937 
 09/06  18:00:00,1.20909939458911,0.858313930715415,0.000000000000000E+000,0.000000000000000E+000,0.000000000000000E+000,0.000000000000000E+000,0.000000000000000E+000,0.000000000000000E+000,0.237063298020327,5.165005257650900E-002,0.382084005386279,0.491190000916397,0.824481886424537 
 09/06  19:00:00,1.36630624666115,0.876563735825969,0.000000000000000E+000,0.000000000000000E+000,0.000000000000000E+000,0.000000000000000E+000,0.000000000000000E+000,0.000000000000000E+000,0.433096355187926,9.436066106796846E-002,0.314732547256681,0.507004669458972,0.841642413321811 
 09/06  20:00:00,1.61176354622716,0.817937921296502,0.000000000000000E+000,0.000000000000000E+000,0.000000000000000E+000,0.000000000000000E+000,0.000000000000000E+000,0.000000000000000E+000,0.647365121397244,0.141044365937652,0.281807230306979,0.524434814895680,0.781816050223951 
 09/06  21:00:00,1.52918588329260,0.744392306176227,0.000000000000000E+000,0.000000000000000E+000,0.000000000000000E+000,0.000000000000000E+000,0.000000000000000E+000,0.000000000000000E+000,0.601776057775222,0.131111652311238,0.266994958976403,0.512191200540138,0.709113747268794 
 09/06  22:00:00,1.22648514227990,0.624367981330505,0.000000000000000E+000,0.000000000000000E+000,0.000000000000000E+000,0.000000000000000E+000,0.000000000000000E+000,0.000000000000000E+000,0.451331980636735,9.833373923342846E-002,0.216471564029606,0.443235844690528,0.593838909686339 
 09/06  23:00:00,0.932325322135461,0.495845287393924,0.000000000000000E+000,0.000000000000000E+000,0.000000000000000E+000,0.000000000000000E+000,0.000000000000000E+000,0.000000000000000E+000,0.314564789770669,6.853563477971396E-002,0.146949182294076,0.385163701601401,0.469316092199587 
 09/06  24:00:00,0.627943451118245,0.358608755077525,0.000000000000000E+000,0.000000000000000E+000,0.000000000000000E+000,0.000000000000000E+000,0.000000000000000E+000,0.000000000000000E+000,0.159561806269983,3.476445216053948E-002,9.791613045497836E-002,0.318589048543143,0.336665069781018 
 09/07  01:00:00,0.510536846348723,0.296444220072964,0.000000000000000E+000,0.000000000000000E+000,0.000000000000000E+000,0.000000000000000E+000,0.000000000000000E+000,0.000000000000000E+000,9.573711719915248E-002,2.085867858142951E-002,8.349244294370009E-002,0.293336593934840,0.276239866117012 
 09/07  02:00:00,0.456462739677630,0.280115064933595,0.000000000000000E+000,0.000000000000000E+000,0.000000000000000E+000,0.000000000000000E+000,0.000000000000000E+000,0.000000000000000E+000,6.382473086728384E-002,1.390578086421579E-002,7.168462430934135E-002,0.289935589947189,0.260144964356843 
 09/07  03:00:00,0.448429686000609,0.413189316069041,0.000000000000000E+000,0.128485342580853,0.000000000000000E+000,3.537623527244447E-003,3.537623527244447E-003,3.537623527244447E-003,6.382473086728384E-002,1.390578086421579E-002,6.419515189025571E-002,0.285854385162011,0.265014976966475 
 09/07  04:00:00,0.458626030258297,0.884006005356580,0.000000000000000E+000,0.551741685774551,0.000000000000000E+000,1.519126095904141E-002,1.519126095904141E-002,1.519126095904141E-002,6.382473086728384E-002,1.390578086421579E-002,7.353604637693699E-002,0.275056197501220,0.313319077539275 
 09/07  05:00:00,0.516168055768345,1.39830580959588,0.000000000000000E+000,0.852406072828932,0.000000000000000E+000,2.346953915080319E-002,2.346953915080319E-002,2.346953915080319E-002,6.838363722948601E-002,1.489905222685725E-002,8.536320358615601E-002,0.306940609885441,0.524758369294199 
 09/07  06:00:00,0.698137166752203,2.22635304704799,0.000000000000000E+000,1.28279614859223,0.000000000000000E+000,3.531959167297823E-002,3.531959167297823E-002,3.531959167297823E-002,0.127649461734568,2.781156537098450E-002,0.135604843471835,0.354639690812237,0.919130127339739 
 09/07  07:00:00,0.938823570194839,2.02175159892492,0.000000000000000E+000,0.969925202995275,0.000000000000000E+000,2.670522682868865E-002,2.670522682868865E-002,2.670522682868865E-002,0.241622204382529,5.264332211787399E-002,0.208909549344490,0.376831241831655,1.02587112151434 
 09/07  08:00:00,0.873757289413297,1.89971539384311,0.000000000000000E+000,0.881798773396971,0.000000000000000E+000,2.427881674597566E-002,2.427881674597566E-002,2.427881674597566E-002,0.200592047122709,4.370389624558903E-002,0.269481467066278,0.318589048543143,0.995972935149633 
 09/07  09:00:00,0.758591043773075,1.57213654375274,0.000000000000000E+000,0.645484809102123,0.000000000000000E+000,1.777231706972042E-002,1.777231706972042E-002,1.777231706972042E-002,0.100296023561355,2.185194812279451E-002,0.330413698414181,0.271145042915422,0.907975883993943 
 09/07  10:00:00,0.741153682684038,1.03293021193012,0.000000000000000E+000,0.208923266841231,0.000000000000000E+000,5.752343802961166E-003,5.752343802961166E-003,5.752343802961166E-003,7.750145831318095E-002,1.688559130958724E-002,0.346380350176442,0.277521925392267,0.804891869346216 
 09/07  11:00:00,0.749721377956306,0.732672862383526,0.000000000000000E+000,0.000000000000000E+000,0.000000000000000E+000,0.000000000000000E+000,0.000000000000000E+000,0.000000000000000E+000,7.750145831318095E-002,1.688559130958724E-002,0.360615364151980,0.277606950491958,0.713551930306374 
 09/07  12:00:00,0.734438151968782,0.660938706930517,0.000000000000000E+000,0.000000000000000E+000,0.000000000000000E+000,0.000000000000000E+000,0.000000000000000E+000,0.000000000000000E+000,7.750145831318095E-002,1.688559130958724E-002,0.350008518647474,0.272930570008939,0.642139873249763 
 09/07  13:00:00,0.712891297672837,0.619492282153940,0.000000000000000E+000,0.000000000000000E+000,0.000000000000000E+000,0.000000000000000E+000,0.000000000000000E+000,0.000000000000000E+000,7.750145831318095E-002,1.688559130958724E-002,0.319023878285798,0.282368356074668,0.600043395345907 
 09/07  14:00:00,0.703996592126409,0.578388704887774,0.000000000000000E+000,0.000000000000000E+000,0.000000000000000E+000,0.000000000000000E+000,0.000000000000000E+000,0.000000000000000E+000,7.750145831318095E-002,1.688559130958724E-002,0.294229479097109,0.298268049716935,0.557844683531984 
 09/07  15:00:00,0.727373128873090,0.585054776256580,0.000000000000000E+000,0.000000000000000E+000,0.000000000000000E+000,0.000000000000000E+000,0.000000000000000E+000,0.000000000000000E+000,7.750145831318095E-002,1.688559130958724E-002,0.301026121403993,0.314847944156729,0.563368769677191 
 09/07  16:00:00,0.837630613134335,0.639922300443161,0.000000000000000E+000,0.000000000000000E+000,0.000000000000000E+000,0.000000000000000E+000,0.000000000000000E+000,0.000000000000000E+000,8.661930447474814E-002,1.887213949869952E-002,0.342617218823578,0.372409936647711,0.614271555420823 
 09/07  17:00:00,1.04393939005181,0.755030592712052,0.000000000000000E+000,0.000000000000000E+000,0.000000000000000E+000,0.000000000000000E+000,0.000000000000000E+000,0.000000000000000E+000,0.127649461734568,2.781156537098450E-002,0.418947793799472,0.452418555457185,0.723869036944047 
 09/07  18:00:00,1.27477228166559,0.859379351992232,0.000000000000000E+000,0.000000000000000E+000,4.813523189449721E-002,1.753765518197456E-002,6.567288707647179E-002,1.753765518197456E-002,0.237063298020327,5.165005257650900E-002,0.382084005386279,0.491190000916397,0.825547307701354 
 09/07  19:00:00,1.44653986419073,0.877784065135460,0.000000000000000E+000,0.000000000000000E+000,5.836751430617936E-002,2.186610322340028E-002,8.023361752957962E-002,2.186610322340028E-002,0.433096355187926,9.436066106796846E-002,0.314732547256681,0.507004669458972,0.842862742631305 
 09/07  20:00:00,1.66466213513528,0.819081604657876,0.000000000000000E+000,0.000000000000000E+000,3.822256774517668E-002,1.467602116294809E-002,5.289858890812477E-002,1.467602116294809E-002,0.647365121397244,0.141044365937652,0.281807230306979,0.524434814895680,0.782959733585322 
 09/07  21:00:00,1.52918588329260,0.745248429556292,0.000000000000000E+000,0.000000000000000E+000,0.000000000000000E+000,0.000000000000000E+000,0.000000000000000E+000,0.000000000000000E+000,0.601776057775222,0.131111652311238,0.266994958976403,0.512191200540138,0.709969870648856 
 09/07  22:00:00,1.22648514227990,0.624726005732894,0.000000000000000E+000,0.000000000000000E+000,0.000000000000000E+000,0.000000000000000E+000,0.000000000000000E+000,0.000000000000000E+000,0.451331980636735,9.833373923342846E-002,0.216471564029606,0.443235844690528,0.594196934088728 
 09/07  23:00:00,0.932325322135461,0.495816295871133,0.000000000000000E+000,0.000000000000000E+000,0.000000000000000E+000,0.000000000000000E+000,0.000000000000000E+000,0.000000000000000E+000,0.314564789770669,6.853563477971396E-002,0.146949182294076,0.385163701601401,0.469287100676797 
 09/07  24:00:00,0.627943451118245,0.358225548888715,0.000000000000000E+000,0.000000000000000E+000,0.000000000000000E+000,0.000000000000000E+000,0.000000000000000E+000,0.000000000000000E+000,0.159561806269983,3.476445216053948E-002,9.791613045497836E-002,0.318589048543143,0.336281863592209 
 09/08  01:00:00,0.510536846348723,0.295875152064807,0.000000000000000E+000,0.000000000000000E+000,0.000000000000000E+000,0.000000000000000E+000,0.000000000000000E+000,0.000000000000000E+000,9.573711719915248E-002,2.085867858142951E-002,8.349244294370009E-002,0.293336593934840,0.275670798108855 
 09/08  02:00:00,0.456462739677630,0.279782593013859,0.000000000000000E+000,0.000000000000000E+000,0.000000000000000E+000,0.000000000000000E+000,0.000000000000000E+000,0.000000000000000E+000,6.382473086728384E-002,1.390578086421579E-002,7.168462430934135E-002,0.289935589947189,0.259812492437108 
 09/08  03:00:00,0.444892062473365,0.284526170819007,0.000000000000000E+000,0.000000000000000E+000,0.000000000000000E+000,0.000000000000000E+000,0.000000000000000E+000,0.000000000000000E+000,6.382473086728384E-002,1.390578086421579E-002,6.419515189025571E-002,0.285854385162011,0.264837174297294 
 09/08  04:00:00,0.443434769299257,0.332003394196958,0.000000000000000E+000,0.000000000000000E+000,0.000000000000000E+000,0.000000000000000E+000,0.000000000000000E+000,0.000000000000000E+000,6.382473086728384E-002,1.390578086421579E-002,7.353604637693699E-002,0.275056197501220,0.313058152154202 
 09/08  05:00:00,0.492698516617542,0.546173714886011,0.000000000000000E+000,0.000000000000000E+000,0.000000000000000E+000,0.000000000000000E+000,0.000000000000000E+000,0.000000000000000E+000,6.838363722948601E-002,1.489905222685725E-002,8.536320358615601E-002,0.306940609885441,0.525032347413264 
 09/08  06:00:00,0.662817575079225,0.944733334955002,0.000000000000000E+000,0.000000000000000E+000,0.000000000000000E+000,0.000000000000000E+000,0.000000000000000E+000,0.000000000000000E+000,0.127649461734568,2.781156537098450E-002,0.135604843471835,0.354639690812237,0.920306563838981 
 09/08  07:00:00,0.912496471842027,1.06674255982953,0.000000000000000E+000,1.287084764169660E-002,0.000000000000000E+000,3.781284758773887E-004,3.781284758773887E-004,3.781284758773887E-004,0.241622204382529,5.264332211787399E-002,0.208909549344490,0.376831241831655,1.02791643777253 
 09/08  08:00:00,0.853405208034462,1.15543474312497,0.000000000000000E+000,0.135130917586898,0.000000000000000E+000,3.926735367139253E-003,3.926735367139253E-003,3.926735367139253E-003,0.200592047122709,4.370389624558903E-002,0.269481467066278,0.318589048543143,0.998360140241568 
 09/08  09:00:00,0.746082341355640,1.11277395138521,0.000000000000000E+000,0.183665554036135,0.000000000000000E+000,5.263614652285936E-003,5.263614652285936E-003,5.263614652285936E-003,0.100296023561355,2.185194812279451E-002,0.330413698414181,0.271145042915422,0.910432546692405 
 09/08  10:00:00,0.735401338881078,0.825751480762164,0.000000000000000E+000,0.000000000000000E+000,0.000000000000000E+000,0.000000000000000E+000,0.000000000000000E+000,0.000000000000000E+000,7.750145831318095E-002,1.688559130958724E-002,0.346380350176442,0.277521925392267,0.806636405019491 
 09/08  11:00:00,0.749721377956306,0.733584602242290,0.000000000000000E+000,0.000000000000000E+000,0.000000000000000E+000,0.000000000000000E+000,0.000000000000000E+000,0.000000000000000E+000,7.750145831318095E-002,1.688559130958724E-002,0.360615364151980,0.277606950491958,0.714463670165134 
 09/08  12:00:00,0.734438151968782,0.661245470913415,0.000000000000000E+000,0.000000000000000E+000,0.000000000000000E+000,0.000000000000000E+000,0.000000000000000E+000,0.000000000000000E+000,7.750145831318095E-002,1.688559130958724E-002,0.350008518647474,0.272930570008939,0.642446637232660 
 09/08  13:00:00,0.712891297672837,0.619591432148005,0.000000000000000E+000,0.000000000000000E+000,0.000000000000000E+000,0.000000000000000E+000,0.000000000000000E+000,0.000000000000000E+000,7.750145831318095E-002,1.688559130958724E-002,0.319023878285798,0.282368356074668,0.600142545339972 
 09/08  14:00:00,0.703996592126409,0.578353197270457,0.000000000000000E+000,0.000000000000000E+000,0.000000000000000E+000,0.000000000000000E+000,0.000000000000000E+000,0.000000000000000E+000,7.750145831318095E-002,1.688559130958724E-002,0.294229479097109,0.298268049716935,0.557809175914667 
 09/08  15:00:00,0.727373128873090,0.584928154614522,0.000000000000000E+000,0.000000000000000E+000,0.000000000000000E+000,0.000000000000000E+000,0.000000000000000E+000,0.000000000000000E+000,7.750145831318095E-002,1.688559130958724E-002,0.301026121403993,0.314847944156729,0.563242148035133 
 09/08  16:00:00,0.927858307841727,0.639832084347261,0.000000000000000E+000,0.000000000000000E+000,6.804894259991053E-002,2.217875210748143E-002,9.022769470739191E-002,2.217875210748143E-002,8.661930447474814E-002,1.887213949869952E-002,0.342617218823578,0.372409936647711,0.614181339324923 
 09/08  17:00:00,1.31621567751179,0.755164281434778,0.000000000000000E+000,0.000000000000000E+000,0.204472148537742,6.780413892224274E-002,0.272276287459985,6.780413892224274E-002,0.127649461734568,2.781156537098450E-002,0.418947793799472,0.452418555457185,0.724002725666773 
 09/08  18:00:00,1.50540971633246,0.859987883855323,0.000000000000000E+000,0.000000000000000E+000,0.221539096785477,7.477122495786877E-002,0.296310321743345,7.477122495786877E-002,0.237063298020327,5.165005257650900E-002,0.382084005386279,0.491190000916397,0.826155839564446 
 09/08  19:00:00,1.65095292912498,0.878379016945487,0.000000000000000E+000,0.000000000000000E+000,0.210559380947390,7.408730151644075E-002,0.284646682463830,7.408730151644075E-002,0.433096355187926,9.436066106796846E-002,0.314732547256681,0.507004669458972,0.843457694441330 
 09/08  20:00:00,1.61176354622716,0.819608413598276,0.000000000000000E+000,0.000000000000000E+000,0.000000000000000E+000,0.000000000000000E+000,0.000000000000000E+000,0.000000000000000E+000,0.647365121397244,0.141044365937652,0.281807230306979,0.524434814895680,0.783486542525721 
 09/08  21:00:00,1.52918588329260,0.745161961232484,0.000000000000000E+000,0.000000000000000E+000,0.000000000000000E+000,0.000000000000000E+000,0.000000000000000E+000,0.000000000000000E+000,0.601776057775222,0.131111652311238,0.266994958976403,0.512191200540138,0.709883402325048 
 09/08  22:00:00,1.22648514227990,0.624483426317533,0.000000000000000E+000,0.000000000000000E+000,0.000000000000000E+000,0.000000000000000E+000,0.000000000000000E+000,0.000000000000000E+000,0.451331980636735,9.833373923342846E-002,0.216471564029606,0.443235844690528,0.593954354673367 
 09/08  23:00:00,0.932325322135461,0.495536088693034,0.000000000000000E+000,0.000000000000000E+000,0.000000000000000E+000,0.000000000000000E+000,0.000000000000000E+000,0.000000000000000E+000,0.314564789770669,6.853563477971396E-002,0.146949182294076,0.385163701601401,0.469006893498698 
 09/08  24:00:00,0.627943451118245,0.357916266836882,0.000000000000000E+000,0.000000000000000E+000,0.000000000000000E+000,0.000000000000000E+000,0.000000000000000E+000,0.000000000000000E+000,0.159561806269983,3.476445216053948E-002,9.791613045497836E-002,0.318589048543143,0.335972581540375 
 09/09  01:00:00,0.514483873581683,0.301896600102184,0.000000000000000E+000,0.000000000000000E+000,0.000000000000000E+000,0.000000000000000E+000,0.000000000000000E+000,0.000000000000000E+000,9.573711719915248E-002,2.085867858142951E-002,8.743947017666101E-002,0.293336593934840,0.281692246146233 
 09/09  02:00:00,0.459073980193851,0.284035950624451,0.000000000000000E+000,0.000000000000000E+000,0.000000000000000E+000,0.000000000000000E+000,0.000000000000000E+000,0.000000000000000E+000,6.382473086728384E-002,1.390578086421579E-002,7.429586482556264E-002,0.289935589947189,0.264065850047698 
 09/09  03:00:00,0.446257467737664,0.289360569432845,0.000000000000000E+000,0.000000000000000E+000,0.000000000000000E+000,0.000000000000000E+000,0.000000000000000E+000,0.000000000000000E+000,6.382473086728384E-002,1.390578086421579E-002,6.556055715455404E-002,0.285854385162011,0.269671572911132 
 09/09  04:00:00,0.446105927051656,0.342043597932321,0.000000000000000E+000,0.000000000000000E+000,0.000000000000000E+000,0.000000000000000E+000,0.000000000000000E+000,0.000000000000000E+000,6.382473086728384E-002,1.390578086421579E-002,7.620720412933703E-002,0.275056197501220,0.323098355889567 
 09/09  05:00:00,0.496795212495069,0.575356398685067,0.000000000000000E+000,0.000000000000000E+000,0.000000000000000E+000,0.000000000000000E+000,0.000000000000000E+000,0.000000000000000E+000,6.838363722948601E-002,1.489905222685725E-002,8.945989946368259E-002,0.306940609885441,0.554215031212318 
 09/09  06:00:00,0.675105346241970,1.06942069705816,0.000000000000000E+000,5.759767963901296E-002,0.000000000000000E+000,1.662250444829795E-003,1.662250444829795E-003,1.662250444829795E-003,0.127649461734568,2.781156537098450E-002,0.146230364189749,0.354639690812237,0.987396246303123 
 09/09  07:00:00,0.933279722214808,1.13470647827368,0.000000000000000E+000,0.000000000000000E+000,0.000000000000000E+000,0.000000000000000E+000,0.000000000000000E+000,0.000000000000000E+000,0.241622204382529,5.264332211787399E-002,0.230070928193149,0.376831241831655,1.10875120385838 
 09/09  08:00:00,0.881915799509353,1.10427778183587,0.000000000000000E+000,0.000000000000000E+000,0.000000000000000E+000,0.000000000000000E+000,0.000000000000000E+000,0.000000000000000E+000,0.200592047122709,4.370389624558903E-002,0.301918793908311,0.318589048543143,1.08233409653936 
 09/09  09:00:00,0.785849821194082,1.00595645882486,0.000000000000000E+000,0.000000000000000E+000,0.000000000000000E+000,0.000000000000000E+000,0.000000000000000E+000,0.000000000000000E+000,0.100296023561355,2.185194812279451E-002,0.375444792904911,0.271145042915422,0.987280608168188 
 09/09  10:00:00,0.786317608903362,0.891644844896341,0.000000000000000E+000,0.000000000000000E+000,0.000000000000000E+000,0.000000000000000E+000,0.000000000000000E+000,0.000000000000000E+000,7.750145831318095E-002,1.688559130958724E-002,0.397296620198725,0.277521925392267,0.872529769153668 
 09/09  11:00:00,0.802210179466325,0.788187071842175,0.000000000000000E+000,0.000000000000000E+000,0.000000000000000E+000,0.000000000000000E+000,0.000000000000000E+000,0.000000000000000E+000,7.750145831318095E-002,1.688559130958724E-002,0.413104165661999,0.277606950491958,0.769066139765022 
 09/09  12:00:00,0.782248696308279,0.708534948211441,0.000000000000000E+000,0.000000000000000E+000,0.000000000000000E+000,0.000000000000000E+000,0.000000000000000E+000,0.000000000000000E+000,7.750145831318095E-002,1.688559130958724E-002,0.397819062986971,0.272930570008939,0.689736114530686 
 09/09  13:00:00,0.756479365057980,0.660572225288905,0.000000000000000E+000,0.000000000000000E+000,0.000000000000000E+000,0.000000000000000E+000,0.000000000000000E+000,0.000000000000000E+000,7.750145831318095E-002,1.688559130958724E-002,0.362611945670944,0.282368356074668,0.641123338480872 
 09/09  14:00:00,0.743122195602075,0.615346760173439,0.000000000000000E+000,0.000000000000000E+000,0.000000000000000E+000,0.000000000000000E+000,0.000000000000000E+000,0.000000000000000E+000,7.750145831318095E-002,1.688559130958724E-002,0.333355082572772,0.298268049716935,0.594802738817649 
 09/09  15:00:00,0.955534345999640,0.621746269941665,0.000000000000000E+000,0.000000000000000E+000,0.146189361957966,4.491285266614422E-002,0.191102214624110,4.491285266614422E-002,7.750145831318095E-002,1.688559130958724E-002,0.338085123906433,0.314847944156729,0.600060263362279 
 09/09  16:00:00,1.21196495446713,0.685288065587889,0.000000000000000E+000,0.000000000000000E+000,0.257160473188984,8.125592016175523E-002,0.338416393350740,8.125592016175523E-002,8.661930447474814E-002,1.887213949869952E-002,0.378535166805636,0.372409936647711,0.659637320565551 
 09/09  17:00:00,1.57115443295398,0.810465898242080,0.000000000000000E+000,0.000000000000000E+000,0.371282007690932,0.120581076714518,0.491863084405450,0.120581076714518,0.127649461734568,2.781156537098450E-002,0.454299752296194,0.452418555457185,0.779304342474078 
 09/09  18:00:00,1.74182852579701,0.931795717110186,0.000000000000000E+000,0.000000000000000E+000,0.373743441447572,0.124675346772518,0.498418788220089,0.124675346772518,0.237063298020327,5.165005257650900E-002,0.416394348374079,0.491190000916397,0.897963672819305 
 09/09  19:00:00,1.85055921753000,0.958756000508756,0.000000000000000E+000,0.000000000000000E+000,0.334142028779937,0.115866160499561,0.450008189279497,0.115866160499561,0.433096355187926,9.436066106796846E-002,0.348977328846029,0.507004669458972,0.923834678004601 
 09/09  20:00:00,2.02737758485133,0.895874795793085,0.000000000000000E+000,0.000000000000000E+000,0.280038126199872,0.100720514212425,0.380758640412296,0.100720514212425,0.647365121397244,0.141044365937652,0.316662628518856,0.524434814895680,0.859752924720531 
 09/09  21:00:00,1.83729265100821,0.809518746435287,0.000000000000000E+000,0.000000000000000E+000,0.198808114295848,7.369176746597902E-002,0.272499881761827,7.369176746597902E-002,0.601776057775222,0.131111652311238,0.302601844930188,0.512191200540138,0.774240187527852 
 09/09  22:00:00,1.40576192939128,0.675233229052593,0.000000000000000E+000,0.000000000000000E+000,0.109796404834421,4.118714771812292E-002,0.150983552552544,4.118714771812292E-002,0.451331980636735,9.833373923342846E-002,0.244764798588447,0.443235844690528,0.644704157408427 
 09/09  23:00:00,0.976963452390717,0.527158741979520,0.000000000000000E+000,0.000000000000000E+000,2.109379132531375E-002,8.009481166298613E-003,2.910327249161242E-002,8.009481166298613E-003,0.314564789770669,6.853563477971396E-002,0.162484040057721,0.385163701601401,0.500629546785184 
 09/09  24:00:00,0.634517139453991,0.369661731426796,0.000000000000000E+000,0.000000000000000E+000,0.000000000000000E+000,0.000000000000000E+000,0.000000000000000E+000,0.000000000000000E+000,0.159561806269983,3.476445216053948E-002,0.104489818790726,0.318589048543143,0.347718046130289 
 09/10  01:00:00,0.514483873581683,0.301619361318557,0.000000000000000E+000,0.000000000000000E+000,0.000000000000000E+000,0.000000000000000E+000,0.000000000000000E+000,0.000000000000000E+000,9.573711719915248E-002,2.085867858142951E-002,8.743947017666101E-002,0.293336593934840,0.281415007362604 
 09/10  02:00:00,0.459073980193851,0.283617689979723,0.000000000000000E+000,0.000000000000000E+000,0.000000000000000E+000,0.000000000000000E+000,0.000000000000000E+000,0.000000000000000E+000,6.382473086728384E-002,1.390578086421579E-002,7.429586482556264E-002,0.289935589947189,0.263647589402971 
 09/10  03:00:00,0.446257467737664,0.288832015867561,0.000000000000000E+000,0.000000000000000E+000,0.000000000000000E+000,0.000000000000000E+000,0.000000000000000E+000,0.000000000000000E+000,6.382473086728384E-002,1.390578086421579E-002,6.556055715455404E-002,0.285854385162011,0.269143019345850 
 09/10  04:00:00,0.446105927051656,0.341558603052225,0.000000000000000E+000,0.000000000000000E+000,0.000000000000000E+000,0.000000000000000E+000,0.000000000000000E+000,0.000000000000000E+000,6.382473086728384E-002,1.390578086421579E-002,7.620720412933703E-002,0.275056197501220,0.322613361009468 
 09/10  05:00:00,0.496795212495069,0.575183976201466,0.000000000000000E+000,0.000000000000000E+000,0.000000000000000E+000,0.000000000000000E+000,0.000000000000000E+000,0.000000000000000E+000,6.838363722948601E-002,1.489905222685725E-002,8.945989946368259E-002,0.306940609885441,0.554042608728718 
 09/10  06:00:00,0.673443095797140,1.01217862689581,0.000000000000000E+000,0.000000000000000E+000,0.000000000000000E+000,0.000000000000000E+000,0.000000000000000E+000,0.000000000000000E+000,0.127649461734568,2.781156537098450E-002,0.146230364189749,0.354639690812237,0.987751855779786 
 09/10  07:00:00,0.933279722214808,1.13547168793430,0.000000000000000E+000,0.000000000000000E+000,0.000000000000000E+000,0.000000000000000E+000,0.000000000000000E+000,0.000000000000000E+000,0.241622204382529,5.264332211787399E-002,0.230070928193149,0.376831241831655,1.10951641351900 
 09/10  08:00:00,0.881915799509353,1.10483444550282,0.000000000000000E+000,0.000000000000000E+000,0.000000000000000E+000,0.000000000000000E+000,0.000000000000000E+000,0.000000000000000E+000,0.200592047122709,4.370389624558903E-002,0.301918793908311,0.318589048543143,1.08289076020631 
 09/10  09:00:00,0.785849821194082,1.00614721518667,0.000000000000000E+000,0.000000000000000E+000,0.000000000000000E+000,0.000000000000000E+000,0.000000000000000E+000,0.000000000000000E+000,0.100296023561355,2.185194812279451E-002,0.375444792904911,0.271145042915422,0.987471364529993 
 09/10  10:00:00,0.786317608903362,0.891845343995857,0.000000000000000E+000,0.000000000000000E+000,0.000000000000000E+000,0.000000000000000E+000,0.000000000000000E+000,0.000000000000000E+000,7.750145831318095E-002,1.688559130958724E-002,0.397296620198725,0.277521925392267,0.872730268253184 
 09/10  11:00:00,0.802210179466325,0.788440747254260,0.000000000000000E+000,0.000000000000000E+000,0.000000000000000E+000,0.000000000000000E+000,0.000000000000000E+000,0.000000000000000E+000,7.750145831318095E-002,1.688559130958724E-002,0.413104165661999,0.277606950491958,0.769319815177104 
 09/10  12:00:00,0.782248696308279,0.708814763218382,0.000000000000000E+000,0.000000000000000E+000,0.000000000000000E+000,0.000000000000000E+000,0.000000000000000E+000,0.000000000000000E+000,7.750145831318095E-002,1.688559130958724E-002,0.397819062986971,0.272930570008939,0.690015929537630 
 09/10  13:00:00,0.756479365057980,0.660823783462171,0.000000000000000E+000,0.000000000000000E+000,0.000000000000000E+000,0.000000000000000E+000,0.000000000000000E+000,0.000000000000000E+000,7.750145831318095E-002,1.688559130958724E-002,0.362611945670944,0.282368356074668,0.641374896654140 
 09/10  14:00:00,0.786558639816897,0.615580781902059,0.000000000000000E+000,0.000000000000000E+000,3.298977960668507E-002,1.044666460813833E-002,4.343644421482341E-002,1.044666460813833E-002,7.750145831318095E-002,1.688559130958724E-002,0.333355082572772,0.298268049716935,0.595036760546269 
 09/10  15:00:00,0.994201927346236,0.622013329502346,0.000000000000000E+000,0.000000000000000E+000,0.175350151497398,5.441964447330658E-002,0.229769795970705,5.441964447330658E-002,7.750145831318095E-002,1.688559130958724E-002,0.338085123906433,0.314847944156729,0.600327322922960 
 09/10  16:00:00,1.22163438393191,0.685739393121173,0.000000000000000E+000,0.000000000000000E+000,0.264541070709855,8.354475210565709E-002,0.348085822815513,8.354475210565709E-002,8.661930447474814E-002,1.887213949869952E-002,0.378535166805636,0.372409936647711,0.660088648098835 
 09/10  17:00:00,1.54394801830079,0.810891991262516,0.000000000000000E+000,0.000000000000000E+000,0.351848399813045,0.112808269939217,0.464656669752261,0.112808269939217,0.127649461734568,2.781156537098450E-002,0.454299752296194,0.452418555457185,0.779730435494510 
 09/10  18:00:00,1.75972169189289,0.932344656555851,0.000000000000000E+000,0.000000000000000E+000,0.389343515707263,0.126968438608710,0.516311954315972,0.126968438608710,0.237063298020327,5.165005257650900E-002,0.416394348374079,0.491190000916397,0.898512612264970 
 09/10  19:00:00,1.89099699896045,0.959283154116315,0.000000000000000E+000,0.000000000000000E+000,0.365759860457015,0.124686110252937,0.490445970709954,0.124686110252937,0.433096355187926,9.436066106796846E-002,0.348977328846029,0.507004669458972,0.924361831612160 
 09/10  20:00:00,2.07697510699427,0.896484806040879,0.000000000000000E+000,0.000000000000000E+000,0.317629918828868,0.112726243726370,0.430356162555238,0.112726243726370,0.647365121397244,0.141044365937652,0.316662628518856,0.524434814895680,0.860362934968325 
 09/10  21:00:00,1.88792793571342,0.810085436129283,0.000000000000000E+000,0.000000000000000E+000,0.236288934166031,8.684623230099664E-002,0.323135166467026,8.684623230099664E-002,0.601776057775222,0.131111652311238,0.302601844930188,0.512191200540138,0.774806877221848 
 09/10  22:00:00,1.45682913401608,0.675597919115597,0.000000000000000E+000,0.000000000000000E+000,0.147295928034149,5.475482914318744E-002,0.202050757177337,5.475482914318744E-002,0.451331980636735,9.833373923342846E-002,0.244764798588447,0.443235844690528,0.645068847471432 
 09/10  23:00:00,1.02822783488398,0.527238359101517,0.000000000000000E+000,0.000000000000000E+000,5.844057237557439E-002,2.192708260929742E-002,8.036765498487171E-002,2.192708260929742E-002,0.314564789770669,6.853563477971396E-002,0.162484040057721,0.385163701601401,0.500709163907180 
 09/10  24:00:00,0.634517139453991,0.369480800125418,0.000000000000000E+000,0.000000000000000E+000,0.000000000000000E+000,0.000000000000000E+000,0.000000000000000E+000,0.000000000000000E+000,0.159561806269983,3.476445216053948E-002,0.104489818790726,0.318589048543143,0.347537114828908 
 09/11  01:00:00,0.510536846348723,0.295151476654698,0.000000000000000E+000,0.000000000000000E+000,0.000000000000000E+000,0.000000000000000E+000,0.000000000000000E+000,0.000000000000000E+000,9.573711719915248E-002,2.085867858142951E-002,8.349244294370009E-002,0.293336593934840,0.274947122698745 
 09/11  02:00:00,0.456462739677630,0.278820193349757,0.000000000000000E+000,0.000000000000000E+000,0.000000000000000E+000,0.000000000000000E+000,0.000000000000000E+000,0.000000000000000E+000,6.382473086728384E-002,1.390578086421579E-002,7.168462430934135E-002,0.289935589947189,0.258850092773004 
 09/11  03:00:00,0.444892062473365,0.283686214702957,0.000000000000000E+000,0.000000000000000E+000,0.000000000000000E+000,0.000000000000000E+000,0.000000000000000E+000,0.000000000000000E+000,6.382473086728384E-002,1.390578086421579E-002,6.419515189025571E-002,0.285854385162011,0.263997218181244 
 09/11  04:00:00,0.443434769299257,0.331709246725293,0.000000000000000E+000,0.000000000000000E+000,0.000000000000000E+000,0.000000000000000E+000,0.000000000000000E+000,0.000000000000000E+000,6.382473086728384E-002,1.390578086421579E-002,7.353604637693699E-002,0.275056197501220,0.312764004682537 
 09/11  05:00:00,0.492698516617542,0.547124426632577,0.000000000000000E+000,0.000000000000000E+000,0.000000000000000E+000,0.000000000000000E+000,0.000000000000000E+000,0.000000000000000E+000,6.838363722948601E-002,1.489905222685725E-002,8.536320358615601E-002,0.306940609885441,0.525983059159830 
 09/11  06:00:00,0.662817575079225,0.947648289294939,0.000000000000000E+000,0.000000000000000E+000,0.000000000000000E+000,0.000000000000000E+000,0.000000000000000E+000,0.000000000000000E+000,0.127649461734568,2.781156537098450E-002,0.135604843471835,0.354639690812237,0.923221518178918 
 09/11  07:00:00,0.912118343366149,1.05720992247362,0.000000000000000E+000,0.000000000000000E+000,0.000000000000000E+000,0.000000000000000E+000,0.000000000000000E+000,0.000000000000000E+000,0.241622204382529,5.264332211787399E-002,0.208909549344490,0.376831241831655,1.03125464805833 
 09/11  08:00:00,0.849478472667321,1.02317405215096,0.000000000000000E+000,0.000000000000000E+000,0.000000000000000E+000,0.000000000000000E+000,0.000000000000000E+000,0.000000000000000E+000,0.200592047122709,4.370389624558903E-002,0.269481467066278,0.318589048543143,1.00123036685446 
 09/11  09:00:00,0.740818726703354,0.931126569250534,0.000000000000000E+000,0.000000000000000E+000,0.000000000000000E+000,0.000000000000000E+000,0.000000000000000E+000,0.000000000000000E+000,0.100296023561355,2.185194812279451E-002,0.330413698414181,0.271145042915422,0.912450718593860 
 09/11  10:00:00,0.735401338881078,0.827360944641859,0.000000000000000E+000,0.000000000000000E+000,0.000000000000000E+000,0.000000000000000E+000,0.000000000000000E+000,0.000000000000000E+000,7.750145831318095E-002,1.688559130958724E-002,0.346380350176442,0.277521925392267,0.808245868899186 
 09/11  11:00:00,0.749721377956306,0.734779720510481,0.000000000000000E+000,0.000000000000000E+000,0.000000000000000E+000,0.000000000000000E+000,0.000000000000000E+000,0.000000000000000E+000,7.750145831318095E-002,1.688559130958724E-002,0.360615364151980,0.277606950491958,0.715658788433325 
 09/11  12:00:00,0.734438151968782,0.662116353806984,0.000000000000000E+000,0.000000000000000E+000,0.000000000000000E+000,0.000000000000000E+000,0.000000000000000E+000,0.000000000000000E+000,7.750145831318095E-002,1.688559130958724E-002,0.350008518647474,0.272930570008939,0.643317520126229 
 09/11  13:00:00,0.712891297672837,0.620256972417428,0.000000000000000E+000,0.000000000000000E+000,0.000000000000000E+000,0.000000000000000E+000,0.000000000000000E+000,0.000000000000000E+000,7.750145831318095E-002,1.688559130958724E-002,0.319023878285798,0.282368356074668,0.600808085609395 
 09/11  14:00:00,0.828373260387978,0.578830119154514,0.000000000000000E+000,0.000000000000000E+000,9.486304312964934E-002,2.951362513191872E-002,0.124376668261568,2.951362513191872E-002,7.750145831318095E-002,1.688559130958724E-002,0.294229479097109,0.298268049716935,0.558286097798724 
 09/11  15:00:00,1.06184934643009,0.585584598886307,0.000000000000000E+000,0.000000000000000E+000,0.255923182903289,7.855303465371273E-002,0.334476217557002,7.855303465371273E-002,7.750145831318095E-002,1.688559130958724E-002,0.301026121403993,0.314847944156729,0.563898592306921 
 09/11  16:00:00,1.29656740637770,0.640862166796098,0.000000000000000E+000,0.000000000000000E+000,0.349137464729190,0.109799328514175,0.458936793243366,0.109799328514175,8.661930447474814E-002,1.887213949869952E-002,0.342617218823578,0.372409936647711,0.615211421773760 
 09/11  17:00:00,1.67886978371600,0.757147802391632,0.000000000000000E+000,0.000000000000000E+000,0.480253958252990,0.154676435411200,0.634930393664189,0.154676435411200,0.127649461734568,2.781156537098450E-002,0.418947793799472,0.452418555457185,0.725986246623627 
 09/11  18:00:00,1.80994203138854,0.862611512312477,0.000000000000000E+000,0.000000000000000E+000,0.451882102220809,0.148960534578616,0.600842636799428,0.148960534578616,0.237063298020327,5.165005257650900E-002,0.382084005386279,0.491190000916397,0.828779468021600 
 09/11  19:00:00,1.89080540451294,0.881087493068942,0.000000000000000E+000,0.000000000000000E+000,0.389768630914625,0.134730526937168,0.524499157851791,0.134730526937168,0.433096355187926,9.436066106796846E-002,0.314732547256681,0.507004669458972,0.846166170564784 
 09/11  20:00:00,1.85191873486107,0.821909533248364,0.000000000000000E+000,0.000000000000000E+000,0.176502022814858,6.365316581905719E-002,0.240155188633915,6.365316581905719E-002,0.647365121397244,0.141044365937652,0.281807230306979,0.524434814895680,0.785787662175813 
 09/11  21:00:00,1.52918588329260,0.747212073174039,0.000000000000000E+000,0.000000000000000E+000,0.000000000000000E+000,0.000000000000000E+000,0.000000000000000E+000,0.000000000000000E+000,0.601776057775222,0.131111652311238,0.266994958976403,0.512191200540138,0.711933514266603 
 09/11  22:00:00,1.22648514227990,0.625527876625893,0.000000000000000E+000,0.000000000000000E+000,0.000000000000000E+000,0.000000000000000E+000,0.000000000000000E+000,0.000000000000000E+000,0.451331980636735,9.833373923342846E-002,0.216471564029606,0.443235844690528,0.594998804981727 
 09/11  23:00:00,0.932325322135461,0.495823240896920,0.000000000000000E+000,0.000000000000000E+000,0.000000000000000E+000,0.000000000000000E+000,0.000000000000000E+000,0.000000000000000E+000,0.314564789770669,6.853563477971396E-002,0.146949182294076,0.385163701601401,0.469294045702583 
 09/11  24:00:00,0.627943451118245,0.357592742301840,0.000000000000000E+000,0.000000000000000E+000,0.000000000000000E+000,0.000000000000000E+000,0.000000000000000E+000,0.000000000000000E+000,0.159561806269983,3.476445216053948E-002,9.791613045497836E-002,0.318589048543143,0.335649057005334 
 09/12  01:00:00,0.510536846348723,0.295046795740403,0.000000000000000E+000,0.000000000000000E+000,0.000000000000000E+000,0.000000000000000E+000,0.000000000000000E+000,0.000000000000000E+000,9.573711719915248E-002,2.085867858142951E-002,8.349244294370009E-002,0.293336593934840,0.274842441784453 
 09/12  02:00:00,0.456462739677630,0.278855207913293,0.000000000000000E+000,0.000000000000000E+000,0.000000000000000E+000,0.000000000000000E+000,0.000000000000000E+000,0.000000000000000E+000,6.382473086728384E-002,1.390578086421579E-002,7.168462430934135E-002,0.289935589947189,0.258885107336542 
 09/12  03:00:00,0.444892062473365,0.283678713727278,0.000000000000000E+000,0.000000000000000E+000,0.000000000000000E+000,0.000000000000000E+000,0.000000000000000E+000,0.000000000000000E+000,6.382473086728384E-002,1.390578086421579E-002,6.419515189025571E-002,0.285854385162011,0.263989717205566 
 09/12  04:00:00,0.443434769299257,0.331730173141712,0.000000000000000E+000,0.000000000000000E+000,0.000000000000000E+000,0.000000000000000E+000,0.000000000000000E+000,0.000000000000000E+000,6.382473086728384E-002,1.390578086421579E-002,7.353604637693699E-002,0.275056197501220,0.312784931098959 
 09/12  05:00:00,0.492698516617542,0.547477167641098,0.000000000000000E+000,0.000000000000000E+000,0.000000000000000E+000,0.000000000000000E+000,0.000000000000000E+000,0.000000000000000E+000,6.838363722948601E-002,1.489905222685725E-002,8.536320358615601E-002,0.306940609885441,0.526335800168350 
 09/12  06:00:00,0.662817575079225,0.948794209775161,0.000000000000000E+000,0.000000000000000E+000,0.000000000000000E+000,0.000000000000000E+000,0.000000000000000E+000,0.000000000000000E+000,0.127649461734568,2.781156537098450E-002,0.135604843471835,0.354639690812237,0.924367438659140 
 09/12  07:00:00,0.912118343366149,1.05848203036051,0.000000000000000E+000,0.000000000000000E+000,0.000000000000000E+000,0.000000000000000E+000,0.000000000000000E+000,0.000000000000000E+000,0.241622204382529,5.264332211787399E-002,0.208909549344490,0.376831241831655,1.03252675594521 
 09/12  08:00:00,0.849478472667321,1.02449276298467,0.000000000000000E+000,0.000000000000000E+000,0.000000000000000E+000,0.000000000000000E+000,0.000000000000000E+000,0.000000000000000E+000,0.200592047122709,4.370389624558903E-002,0.269481467066278,0.318589048543143,1.00254907768816 
 09/12  09:00:00,0.740818726703354,0.932495919559369,0.000000000000000E+000,0.000000000000000E+000,0.000000000000000E+000,0.000000000000000E+000,0.000000000000000E+000,0.000000000000000E+000,0.100296023561355,2.185194812279451E-002,0.330413698414181,0.271145042915422,0.913820068902695 
 09/12  10:00:00,0.735401338881078,0.828651209072628,0.000000000000000E+000,0.000000000000000E+000,0.000000000000000E+000,0.000000000000000E+000,0.000000000000000E+000,0.000000000000000E+000,7.750145831318095E-002,1.688559130958724E-002,0.346380350176442,0.277521925392267,0.809536133329955 
 09/12  11:00:00,0.749721377956306,0.735920692388816,0.000000000000000E+000,0.000000000000000E+000,0.000000000000000E+000,0.000000000000000E+000,0.000000000000000E+000,0.000000000000000E+000,7.750145831318095E-002,1.688559130958724E-002,0.360615364151980,0.277606950491958,0.716799760311661 
 09/12  12:00:00,0.734438151968782,0.663184495341208,0.000000000000000E+000,0.000000000000000E+000,0.000000000000000E+000,0.000000000000000E+000,0.000000000000000E+000,0.000000000000000E+000,7.750145831318095E-002,1.688559130958724E-002,0.350008518647474,0.272930570008939,0.644385661660453 
 09/12  13:00:00,0.712891297672837,0.621307809372722,0.000000000000000E+000,0.000000000000000E+000,0.000000000000000E+000,0.000000000000000E+000,0.000000000000000E+000,0.000000000000000E+000,7.750145831318095E-002,1.688559130958724E-002,0.319023878285798,0.282368356074668,0.601858922564689 
 09/12  14:00:00,0.703996592126409,0.579942433221025,0.000000000000000E+000,0.000000000000000E+000,0.000000000000000E+000,0.000000000000000E+000,0.000000000000000E+000,0.000000000000000E+000,7.750145831318095E-002,1.688559130958724E-002,0.294229479097109,0.298268049716935,0.559398411865235 
 09/12  15:00:00,0.823934978361408,0.586599131702852,0.000000000000000E+000,0.000000000000000E+000,7.278681165207829E-002,2.377503783624116E-002,9.656184948831945E-002,2.377503783624116E-002,7.750145831318095E-002,1.688559130958724E-002,0.301026121403993,0.314847944156729,0.564913125123463 
 09/12  16:00:00,1.05035024159303,0.641897846951222,0.000000000000000E+000,0.000000000000000E+000,0.159473679465137,5.324594899355511E-002,0.212719628458692,5.324594899355511E-002,8.661930447474814E-002,1.887213949869952E-002,0.342617218823578,0.372409936647711,0.616247101928884 
 09/12  17:00:00,1.36222987391848,0.758156073813790,0.000000000000000E+000,0.000000000000000E+000,0.237339145033324,8.095133883334925E-002,0.318290483866672,8.095133883334925E-002,0.127649461734568,2.781156537098450E-002,0.418947793799472,0.452418555457185,0.726994518045785 
 09/12  18:00:00,1.55109170810889,0.863545515520254,0.000000000000000E+000,0.000000000000000E+000,0.253661872194340,8.833044132543486E-002,0.341992313519774,8.833044132543486E-002,0.237063298020327,5.165005257650900E-002,0.382084005386279,0.491190000916397,0.829713471229374 
 09/12  19:00:00,1.67188729430093,0.882088508161414,0.000000000000000E+000,0.000000000000000E+000,0.224706187018593,8.087486062119423E-002,0.305581047639787,8.087486062119423E-002,0.433096355187926,9.436066106796846E-002,0.314732547256681,0.507004669458972,0.847167185657259 
 09/12  20:00:00,1.86600130201788,0.822808274724660,0.000000000000000E+000,0.000000000000000E+000,0.185585300571119,6.865245521959856E-002,0.254237755790718,6.865245521959856E-002,0.647365121397244,0.141044365937652,0.281807230306979,0.524434814895680,0.786686403652106 
 09/12  21:00:00,1.69061028749606,0.748358213155733,0.000000000000000E+000,0.000000000000000E+000,0.117058470000446,4.436593420301702E-002,0.161424404203463,4.436593420301702E-002,0.601776057775222,0.131111652311238,0.266994958976403,0.512191200540138,0.713079654248298 
 09/12  22:00:00,1.28787913985444,0.626964153546841,0.000000000000000E+000,0.000000000000000E+000,4.442473952616819E-002,1.696925804837469E-002,6.139399757454266E-002,1.696925804837469E-002,0.451331980636735,9.833373923342846E-002,0.216471564029606,0.443235844690528,0.596435081902673 
 09/12  23:00:00,0.932325322135461,0.496980831539055,0.000000000000000E+000,0.000000000000000E+000,0.000000000000000E+000,0.000000000000000E+000,0.000000000000000E+000,0.000000000000000E+000,0.314564789770669,6.853563477971396E-002,0.146949182294076,0.385163701601401,0.470451636344719 
 09/12  24:00:00,0.627943451118245,0.358279092840600,0.000000000000000E+000,0.000000000000000E+000,0.000000000000000E+000,0.000000000000000E+000,0.000000000000000E+000,0.000000000000000E+000,0.159561806269983,3.476445216053948E-002,9.791613045497836E-002,0.318589048543143,0.336335407544094 
 09/13  01:00:00,0.510536846348723,0.295487341063275,0.000000000000000E+000,0.000000000000000E+000,0.000000000000000E+000,0.000000000000000E+000,0.000000000000000E+000,0.000000000000000E+000,9.573711719915248E-002,2.085867858142951E-002,8.349244294370009E-002,0.293336593934840,0.275282987107325 
 09/13  02:00:00,0.456462739677630,0.279139007411463,0.000000000000000E+000,0.000000000000000E+000,0.000000000000000E+000,0.000000000000000E+000,0.000000000000000E+000,0.000000000000000E+000,6.382473086728384E-002,1.390578086421579E-002,7.168462430934135E-002,0.289935589947189,0.259168906834710 
 09/13  03:00:00,0.444892062473365,0.283866348800822,0.000000000000000E+000,0.000000000000000E+000,0.000000000000000E+000,0.000000000000000E+000,0.000000000000000E+000,0.000000000000000E+000,6.382473086728384E-002,1.390578086421579E-002,6.419515189025571E-002,0.285854385162011,0.264177352279109 
 09/13  04:00:00,0.443434769299257,0.331756491336150,0.000000000000000E+000,0.000000000000000E+000,0.000000000000000E+000,0.000000000000000E+000,0.000000000000000E+000,0.000000000000000E+000,6.382473086728384E-002,1.390578086421579E-002,7.353604637693699E-002,0.275056197501220,0.312811249293396 
 09/13  05:00:00,0.492698516617542,0.547630831251853,0.000000000000000E+000,0.000000000000000E+000,0.000000000000000E+000,0.000000000000000E+000,0.000000000000000E+000,0.000000000000000E+000,6.838363722948601E-002,1.489905222685725E-002,8.536320358615601E-002,0.306940609885441,0.526489463779104 
 09/13  06:00:00,0.662817575079225,0.949445634100511,0.000000000000000E+000,0.000000000000000E+000,0.000000000000000E+000,0.000000000000000E+000,0.000000000000000E+000,0.000000000000000E+000,0.127649461734568,2.781156537098450E-002,0.135604843471835,0.354639690812237,0.925018862984490 
 09/13  07:00:00,0.912118343366149,1.05955090626187,0.000000000000000E+000,0.000000000000000E+000,0.000000000000000E+000,0.000000000000000E+000,0.000000000000000E+000,0.000000000000000E+000,0.241622204382529,5.264332211787399E-002,0.208909549344490,0.376831241831655,1.03359563184657 
 09/13  08:00:00,0.849478472667321,1.02591834186233,0.000000000000000E+000,0.000000000000000E+000,0.000000000000000E+000,0.000000000000000E+000,0.000000000000000E+000,0.000000000000000E+000,0.200592047122709,4.370389624558903E-002,0.269481467066278,0.318589048543143,1.00397465656582 
 09/13  09:00:00,0.740818726703354,0.934282130137014,0.000000000000000E+000,0.000000000000000E+000,0.000000000000000E+000,0.000000000000000E+000,0.000000000000000E+000,0.000000000000000E+000,0.100296023561355,2.185194812279451E-002,0.330413698414181,0.271145042915422,0.915606279480340 
 09/13  10:00:00,0.735401338881078,0.830661145679877,0.000000000000000E+000,0.000000000000000E+000,0.000000000000000E+000,0.000000000000000E+000,0.000000000000000E+000,0.000000000000000E+000,7.750145831318095E-002,1.688559130958724E-002,0.346380350176442,0.277521925392267,0.811546069937203 
 09/13  11:00:00,0.749721377956306,0.738102258975988,0.000000000000000E+000,0.000000000000000E+000,0.000000000000000E+000,0.000000000000000E+000,0.000000000000000E+000,0.000000000000000E+000,7.750145831318095E-002,1.688559130958724E-002,0.360615364151980,0.277606950491958,0.718981326898835 
 09/13  12:00:00,0.734438151968782,0.665443677357447,0.000000000000000E+000,0.000000000000000E+000,0.000000000000000E+000,0.000000000000000E+000,0.000000000000000E+000,0.000000000000000E+000,7.750145831318095E-002,1.688559130958724E-002,0.350008518647474,0.272930570008939,0.646644843676692 
 09/13  13:00:00,0.712891297672837,0.623539148617303,0.000000000000000E+000,0.000000000000000E+000,0.000000000000000E+000,0.000000000000000E+000,0.000000000000000E+000,0.000000000000000E+000,7.750145831318095E-002,1.688559130958724E-002,0.319023878285798,0.282368356074668,0.604090261809270 
 09/13  14:00:00,0.703996592126409,0.582033573106397,0.000000000000000E+000,0.000000000000000E+000,0.000000000000000E+000,0.000000000000000E+000,0.000000000000000E+000,0.000000000000000E+000,7.750145831318095E-002,1.688559130958724E-002,0.294229479097109,0.298268049716935,0.561489551750607 
 09/13  15:00:00,0.727373128873090,0.588730273117445,0.000000000000000E+000,0.000000000000000E+000,0.000000000000000E+000,0.000000000000000E+000,0.000000000000000E+000,0.000000000000000E+000,7.750145831318095E-002,1.688559130958724E-002,0.301026121403993,0.314847944156729,0.567044266538056 
 09/13  16:00:00,0.837630613134335,0.644131026191503,0.000000000000000E+000,0.000000000000000E+000,0.000000000000000E+000,0.000000000000000E+000,0.000000000000000E+000,0.000000000000000E+000,8.661930447474814E-002,1.887213949869952E-002,0.342617218823578,0.372409936647711,0.618480281169165 
 09/13  17:00:00,1.04393939005181,0.760303594447761,0.000000000000000E+000,0.000000000000000E+000,0.000000000000000E+000,0.000000000000000E+000,0.000000000000000E+000,0.000000000000000E+000,0.127649461734568,2.781156537098450E-002,0.418947793799472,0.452418555457185,0.729142038679756 
 09/13  18:00:00,1.20909939458911,0.865669890521806,0.000000000000000E+000,0.000000000000000E+000,0.000000000000000E+000,0.000000000000000E+000,0.000000000000000E+000,0.000000000000000E+000,0.237063298020327,5.165005257650900E-002,0.382084005386279,0.491190000916397,0.831837846230928 
 09/13  19:00:00,1.36630624666115,0.883971940286686,0.000000000000000E+000,0.000000000000000E+000,0.000000000000000E+000,0.000000000000000E+000,0.000000000000000E+000,0.000000000000000E+000,0.433096355187926,9.436066106796846E-002,0.314732547256681,0.507004669458972,0.849050617782531 
 09/13  20:00:00,1.61176354622716,0.824552892649639,0.000000000000000E+000,0.000000000000000E+000,0.000000000000000E+000,0.000000000000000E+000,0.000000000000000E+000,0.000000000000000E+000,0.647365121397244,0.141044365937652,0.281807230306979,0.524434814895680,0.788431021577088 
 09/13  21:00:00,1.52918588329260,0.749964134323955,0.000000000000000E+000,0.000000000000000E+000,0.000000000000000E+000,0.000000000000000E+000,0.000000000000000E+000,0.000000000000000E+000,0.601776057775222,0.131111652311238,0.266994958976403,0.512191200540138,0.714685575416520 
 09/13  22:00:00,1.22648514227990,0.628609538754712,0.000000000000000E+000,0.000000000000000E+000,0.000000000000000E+000,0.000000000000000E+000,0.000000000000000E+000,0.000000000000000E+000,0.451331980636735,9.833373923342846E-002,0.216471564029606,0.443235844690528,0.598080467110544 
 09/13  23:00:00,0.932325322135461,0.498640814802272,0.000000000000000E+000,0.000000000000000E+000,0.000000000000000E+000,0.000000000000000E+000,0.000000000000000E+000,0.000000000000000E+000,0.314564789770669,6.853563477971396E-002,0.146949182294076,0.385163701601401,0.472111619607938 
 09/13  24:00:00,0.627943451118245,0.360098876920007,0.000000000000000E+000,0.000000000000000E+000,0.000000000000000E+000,0.000000000000000E+000,0.000000000000000E+000,0.000000000000000E+000,0.159561806269983,3.476445216053948E-002,9.791613045497836E-002,0.318589048543143,0.338155191623498 
 09/14  01:00:00,0.510536846348723,0.297213983834283,0.000000000000000E+000,0.000000000000000E+000,0.000000000000000E+000,0.000000000000000E+000,0.000000000000000E+000,0.000000000000000E+000,9.573711719915248E-002,2.085867858142951E-002,8.349244294370009E-002,0.293336593934840,0.277009629878331 
 09/14  02:00:00,0.457073707025087,0.301563434066685,0.000000000000000E+000,2.072471941073212E-002,0.000000000000000E+000,6.109673474563258E-004,6.109673474563258E-004,6.109673474563258E-004,6.382473086728384E-002,1.390578086421579E-002,7.168462430934135E-002,0.289935589947189,0.260868614079200 
 09/14  03:00:00,0.453042181625328,0.567075033914034,0.000000000000000E+000,0.281545237172346,0.000000000000000E+000,8.150119151962355E-003,8.150119151962355E-003,8.150119151962355E-003,6.382473086728384E-002,1.390578086421579E-002,6.419515189025571E-002,0.285854385162011,0.265840800219977 
 09/14  04:00:00,0.460429863411521,0.935626260278979,0.000000000000000E+000,0.602188717475619,0.000000000000000E+000,1.699509411226369E-002,1.699509411226369E-002,1.699509411226369E-002,6.382473086728384E-002,1.390578086421579E-002,7.353604637693699E-002,0.275056197501220,0.314492300760606 
 09/14  05:00:00,0.516002796353251,1.38866370650243,0.000000000000000E+000,0.839122209085711,0.000000000000000E+000,2.330427973571076E-002,2.330427973571076E-002,2.330427973571076E-002,6.838363722948601E-002,1.489905222685725E-002,8.536320358615601E-002,0.306940609885441,0.528400129943971 
 09/14  06:00:00,0.694932794502244,2.11811900253178,0.000000000000000E+000,1.16641438464199,0.000000000000000E+000,3.211521942301915E-002,3.211521942301915E-002,3.211521942301915E-002,0.127649461734568,2.781156537098450E-002,0.135604843471835,0.354639690812237,0.927277846773770 
 09/14  07:00:00,0.947280196398070,2.33893631374252,0.000000000000000E+000,1.27706713215551,0.000000000000000E+000,3.516185303192076E-002,3.516185303192076E-002,3.516185303192076E-002,0.241622204382529,5.264332211787399E-002,0.208909549344490,0.376831241831655,1.03591390717172 
 09/14  08:00:00,0.884270844031793,2.29149050394736,0.000000000000000E+000,1.26364767746964,0.000000000000000E+000,3.479237136447205E-002,3.479237136447205E-002,3.479237136447205E-002,0.200592047122709,4.370389624558903E-002,0.269481467066278,0.318589048543143,1.00589914118121 
 09/14  09:00:00,0.780124573966757,2.36332929001808,0.000000000000000E+000,1.42757566263780,0.000000000000000E+000,3.930584726340349E-002,3.930584726340349E-002,3.930584726340349E-002,0.100296023561355,2.185194812279451E-002,0.330413698414181,0.271145042915422,0.917077776723609 
 09/14  10:00:00,0.786398995301835,2.68411433786952,0.000000000000000E+000,1.85221839056047,0.000000000000000E+000,5.099765642075694E-002,5.099765642075694E-002,5.099765642075694E-002,7.750145831318095E-002,1.688559130958724E-002,0.346380350176442,0.277521925392267,0.812780871566380 
 09/14  11:00:00,0.782808851876986,1.94048446799593,0.000000000000000E+000,1.20172635360811,0.000000000000000E+000,3.308747392068102E-002,3.308747392068102E-002,3.308747392068102E-002,7.750145831318095E-002,1.688559130958724E-002,0.360615364151980,0.277606950491958,0.719637182310669 
 09/14  12:00:00,0.757972119549008,1.52115536549451,0.000000000000000E+000,0.854746092551863,0.000000000000000E+000,2.353396758022383E-002,2.353396758022383E-002,2.353396758022383E-002,7.750145831318095E-002,1.688559130958724E-002,0.350008518647474,0.272930570008939,0.647610439261890 
 09/14  13:00:00,0.724415785354126,1.04346167735172,0.000000000000000E+000,0.418565666017229,0.000000000000000E+000,1.152448768128946E-002,1.152448768128946E-002,1.152448768128946E-002,7.750145831318095E-002,1.688559130958724E-002,0.319023878285798,0.282368356074668,0.605447124526459 
 09/14  14:00:00,0.704516253711513,0.602569043995733,0.000000000000000E+000,1.887394073281595E-002,0.000000000000000E+000,5.196615851042383E-004,5.196615851042383E-004,5.196615851042383E-004,7.750145831318095E-002,1.688559130958724E-002,0.294229479097109,0.298268049716935,0.563151081907127 
 09/14  15:00:00,0.727373128873090,0.590792248858454,0.000000000000000E+000,0.000000000000000E+000,0.000000000000000E+000,0.000000000000000E+000,0.000000000000000E+000,0.000000000000000E+000,7.750145831318095E-002,1.688559130958724E-002,0.301026121403993,0.314847944156729,0.569106242279066 
 09/14  16:00:00,0.837630613134335,0.646411049225434,0.000000000000000E+000,0.000000000000000E+000,0.000000000000000E+000,0.000000000000000E+000,0.000000000000000E+000,0.000000000000000E+000,8.661930447474814E-002,1.887213949869952E-002,0.342617218823578,0.372409936647711,0.620760304203096 
 09/14  17:00:00,1.04393939005181,0.762894397113354,0.000000000000000E+000,0.000000000000000E+000,0.000000000000000E+000,0.000000000000000E+000,0.000000000000000E+000,0.000000000000000E+000,0.127649461734568,2.781156537098450E-002,0.418947793799472,0.452418555457185,0.731732841345352 
 09/14  18:00:00,1.20909939458911,0.868638687354669,0.000000000000000E+000,0.000000000000000E+000,0.000000000000000E+000,0.000000000000000E+000,0.000000000000000E+000,0.000000000000000E+000,0.237063298020327,5.165005257650900E-002,0.382084005386279,0.491190000916397,0.834806643063791 
 09/14  19:00:00,1.36630624666115,0.887463693256353,0.000000000000000E+000,0.000000000000000E+000,0.000000000000000E+000,0.000000000000000E+000,0.000000000000000E+000,0.000000000000000E+000,0.433096355187926,9.436066106796846E-002,0.314732547256681,0.507004669458972,0.852542370752195 
 09/14  20:00:00,1.61176354622716,0.828342498710994,0.000000000000000E+000,0.000000000000000E+000,0.000000000000000E+000,0.000000000000000E+000,0.000000000000000E+000,0.000000000000000E+000,0.647365121397244,0.141044365937652,0.281807230306979,0.524434814895680,0.792220627638442 
 09/14  21:00:00,1.53049299990811,0.801475937988282,0.000000000000000E+000,4.747405280519019E-002,0.000000000000000E+000,1.307116615512800E-003,1.307116615512800E-003,1.307116615512800E-003,0.601776057775222,0.131111652311238,0.266994958976403,0.512191200540138,0.718723326275657 
 09/14  22:00:00,1.23893684184587,1.08462548659606,0.000000000000000E+000,0.452241701844875,0.000000000000000E+000,1.245169956596991E-002,1.245169956596991E-002,1.245169956596991E-002,0.451331980636735,9.833373923342846E-002,0.216471564029606,0.443235844690528,0.601854713107021 
 09/14  23:00:00,0.962081761854577,1.58260060637564,0.000000000000000E+000,1.08074426853308,0.000000000000000E+000,2.975643971911689E-002,2.975643971911689E-002,2.975643971911689E-002,0.314564789770669,6.853563477971396E-002,0.146949182294076,0.385163701601401,0.475327142648224 
 09/14  24:00:00,0.678410506618179,2.19536457455441,0.000000000000000E+000,1.83294713669173,0.000000000000000E+000,5.046705549993487E-002,5.046705549993487E-002,5.046705549993487E-002,0.159561806269983,3.476445216053948E-002,9.791613045497836E-002,0.318589048543143,0.340473752566176 
 09/15  01:00:00,0.577760047340418,2.74031855149926,0.000000000000000E+000,2.44152492267239,0.000000000000000E+000,6.722320099169582E-002,6.722320099169582E-002,6.722320099169582E-002,9.573711719915248E-002,2.085867858142951E-002,8.349244294370009E-002,0.293336593934840,0.278589274870914 
 09/15  02:00:00,0.536990973110996,3.20626277458389,0.000000000000000E+000,2.92475939862826,0.000000000000000E+000,8.052823343336438E-002,8.052823343336438E-002,8.052823343336438E-002,6.382473086728384E-002,1.390578086421579E-002,7.168462430934135E-002,0.289935589947189,0.261533275378872 
 09/15  03:00:00,0.535743352553931,3.58470224708556,0.000000000000000E+000,3.29968947798308,0.000000000000000E+000,9.085129008056558E-002,9.085129008056558E-002,9.085129008056558E-002,6.382473086728384E-002,1.390578086421579E-002,6.419515189025571E-002,0.285854385162011,0.265323772580770 
 09/15  04:00:00,0.544410563126566,4.00018541499172,0.000000000000000E+000,3.66740818019745,0.000000000000000E+000,0.100975793827308,0.100975793827308,0.100975793827308,6.382473086728384E-002,1.390578086421579E-002,7.353604637693699E-002,0.275056197501220,0.313831992751516 
 09/15  05:00:00,0.600897101330499,4.47898629674134,0.000000000000000E+000,3.92973760959707,0.000000000000000E+000,0.108198584712959,0.108198584712959,0.108198584712959,6.838363722948601E-002,1.489905222685725E-002,8.536320358615601E-002,0.306940609885441,0.528107319671526 
 09/15  06:00:00,0.787909379718247,5.49562286398769,0.000000000000000E+000,4.54329389470701,0.000000000000000E+000,0.125091804639020,0.125091804639020,0.125091804639020,0.127649461734568,2.781156537098450E-002,0.135604843471835,0.354639690812237,0.927902198164651 
 09/15  07:00:00,1.01726978886044,4.88114406076451,0.000000000000000E+000,3.81906649850014,0.000000000000000E+000,0.105151445494286,0.105151445494286,0.105151445494286,0.241622204382529,5.264332211787399E-002,0.208909549344490,0.376831241831655,1.03612228784908 
 09/15  08:00:00,0.944358090305848,4.47414933563685,0.000000000000000E+000,3.44599703228511,0.000000000000000E+000,9.487961763852616E-002,9.487961763852616E-002,9.487961763852616E-002,0.200592047122709,4.370389624558903E-002,0.269481467066278,0.318589048543143,1.00620861805524 
 09/15  09:00:00,0.822846588404647,3.91529121919702,0.000000000000000E+000,2.97922541239853,0.000000000000000E+000,8.202786170129435E-002,8.202786170129435E-002,8.202786170129435E-002,0.100296023561355,2.185194812279451E-002,0.330413698414181,0.271145042915422,0.917389956141820 
 09/15  10:00:00,0.810021956598922,3.54237425244672,0.000000000000000E+000,2.71019670613178,0.000000000000000E+000,7.462061771784530E-002,7.462061771784530E-002,7.462061771784530E-002,7.750145831318095E-002,1.688559130958724E-002,0.346380350176442,0.277521925392267,0.813062470572250 
 09/15  11:00:00,0.789269754301079,2.17571854893560,0.000000000000000E+000,1.43638424044873,0.000000000000000E+000,3.954837634477271E-002,3.954837634477271E-002,3.954837634477271E-002,7.750145831318095E-002,1.688559130958724E-002,0.360615364151980,0.277606950491958,0.720213376409710 
 09/15  12:00:00,0.750575771598626,1.25346528470188,0.000000000000000E+000,0.586113126682823,0.000000000000000E+000,1.613761962984374E-002,1.613761962984374E-002,1.613761962984374E-002,7.750145831318095E-002,1.688559130958724E-002,0.350008518647474,0.272930570008939,0.648553324338300 
 09/15  13:00:00,0.712891297672837,0.626266190731135,0.000000000000000E+000,0.000000000000000E+000,0.000000000000000E+000,0.000000000000000E+000,0.000000000000000E+000,0.000000000000000E+000,7.750145831318095E-002,1.688559130958724E-002,0.319023878285798,0.282368356074668,0.606817303923102 
 09/15  14:00:00,0.703996592126409,0.585388828873364,0.000000000000000E+000,0.000000000000000E+000,0.000000000000000E+000,0.000000000000000E+000,0.000000000000000E+000,0.000000000000000E+000,7.750145831318095E-002,1.688559130958724E-002,0.294229479097109,0.298268049716935,0.564844807517573 
 09/15  15:00:00,0.727373128873090,0.592175322307134,0.000000000000000E+000,0.000000000000000E+000,0.000000000000000E+000,0.000000000000000E+000,0.000000000000000E+000,0.000000000000000E+000,7.750145831318095E-002,1.688559130958724E-002,0.301026121403993,0.314847944156729,0.570489315727746 
 09/15  16:00:00,0.837630613134335,0.647788780897118,0.000000000000000E+000,0.000000000000000E+000,0.000000000000000E+000,0.000000000000000E+000,0.000000000000000E+000,0.000000000000000E+000,8.661930447474814E-002,1.887213949869952E-002,0.342617218823578,0.372409936647711,0.622138035874781 
 09/15  17:00:00,1.04393939005181,0.764494641851619,0.000000000000000E+000,0.000000000000000E+000,0.000000000000000E+000,0.000000000000000E+000,0.000000000000000E+000,0.000000000000000E+000,0.127649461734568,2.781156537098450E-002,0.418947793799472,0.452418555457185,0.733333086083613 
 09/15  18:00:00,1.20909939458911,0.870261259880170,0.000000000000000E+000,0.000000000000000E+000,0.000000000000000E+000,0.000000000000000E+000,0.000000000000000E+000,0.000000000000000E+000,0.237063298020327,5.165005257650900E-002,0.382084005386279,0.491190000916397,0.836429215589293 
 09/15  19:00:00,1.36630624666115,0.888698979324337,0.000000000000000E+000,0.000000000000000E+000,0.000000000000000E+000,0.000000000000000E+000,0.000000000000000E+000,0.000000000000000E+000,0.433096355187926,9.436066106796846E-002,0.314732547256681,0.507004669458972,0.853777656820179 
 09/15  20:00:00,1.61176354622716,0.829082717174799,0.000000000000000E+000,0.000000000000000E+000,0.000000000000000E+000,0.000000000000000E+000,0.000000000000000E+000,0.000000000000000E+000,0.647365121397244,0.141044365937652,0.281807230306979,0.524434814895680,0.792960846102247 
 09/15  21:00:00,1.52918588329260,0.754237941156409,0.000000000000000E+000,0.000000000000000E+000,0.000000000000000E+000,0.000000000000000E+000,0.000000000000000E+000,0.000000000000000E+000,0.601776057775222,0.131111652311238,0.266994958976403,0.512191200540138,0.718959382248973 
 09/15  22:00:00,1.22648514227990,0.632286811358075,0.000000000000000E+000,0.000000000000000E+000,0.000000000000000E+000,0.000000000000000E+000,0.000000000000000E+000,0.000000000000000E+000,0.451331980636735,9.833373923342846E-002,0.216471564029606,0.443235844690528,0.601757739713909 
 09/15  23:00:00,0.932325322135461,0.501871836044878,0.000000000000000E+000,0.000000000000000E+000,0.000000000000000E+000,0.000000000000000E+000,0.000000000000000E+000,0.000000000000000E+000,0.314564789770669,6.853563477971396E-002,0.146949182294076,0.385163701601401,0.475342640850542 
 09/15  24:00:00,0.630516947720974,0.456168178733087,0.000000000000000E+000,9.346856444327395E-002,0.000000000000000E+000,2.573496602728957E-003,2.573496602728957E-003,2.573496602728957E-003,0.159561806269983,3.476445216053948E-002,9.791613045497836E-002,0.318589048543143,0.340755928993306 
 09/16  01:00:00,0.526550147315236,0.743979468818568,0.000000000000000E+000,0.438243160243031,0.000000000000000E+000,1.206627373355149E-002,1.206627373355149E-002,1.206627373355149E-002,9.573711719915248E-002,2.085867858142951E-002,8.743947017666101E-002,0.293336593934840,0.285531954619587 
 09/16  02:00:00,0.482870376318381,1.15158526249240,0.000000000000000E+000,0.864277412421960,0.000000000000000E+000,2.379639612452975E-002,2.379639612452975E-002,2.379639612452975E-002,6.382473086728384E-002,1.390578086421579E-002,7.429586482556264E-002,0.289935589947189,0.267337749493690 
 09/16  03:00:00,0.482296216529512,1.60076876029114,0.000000000000000E+000,1.30891570260235,0.000000000000000E+000,3.603874879184735E-002,3.603874879184735E-002,3.603874879184735E-002,6.382473086728384E-002,1.390578086421579E-002,6.556055715455404E-002,0.285854385162011,0.272164061167078 
 09/16  04:00:00,0.490332780728639,1.95122708789739,0.000000000000000E+000,1.60630502431855,0.000000000000000E+000,4.422685367698186E-002,4.422685367698186E-002,4.422685367698186E-002,6.382473086728384E-002,1.390578086421579E-002,7.620720412933703E-002,0.275056197501220,0.325976821536085 
 09/16  05:00:00,0.544945985691115,2.32894596440041,0.000000000000000E+000,1.74882051240932,0.000000000000000E+000,4.815077319604579E-002,4.815077319604579E-002,4.815077319604579E-002,6.838363722948601E-002,1.489905222685725E-002,8.945989946368259E-002,0.306940609885441,0.558984084518343 
 09/16  06:00:00,0.728922485696558,3.03643090277858,0.000000000000000E+000,2.01499350128868,0.000000000000000E+000,5.547938989941891E-002,5.547938989941891E-002,5.547938989941891E-002,0.127649461734568,2.781156537098450E-002,0.146230364189749,0.354639690812237,0.997010630373888 
 09/16  07:00:00,0.988160537370973,3.13954170852650,0.000000000000000E+000,1.99325346016930,0.000000000000000E+000,5.488081515616506E-002,5.488081515616506E-002,5.488081515616506E-002,0.241622204382529,5.264332211787399E-002,0.230070928193149,0.376831241831655,1.12033297394191 
 09/16  08:00:00,0.930732755620473,2.88857751681919,0.000000000000000E+000,1.77301606046729,0.000000000000000E+000,4.881695611111725E-002,4.881695611111725E-002,4.881695611111725E-002,0.200592047122709,4.370389624558903E-002,0.301918793908311,0.318589048543143,1.09361777105541 
 09/16  09:00:00,0.834905058412682,2.79833296471922,0.000000000000000E+000,1.78167035324024,0.000000000000000E+000,4.905523721859838E-002,4.905523721859838E-002,4.905523721859838E-002,0.100296023561355,2.185194812279451E-002,0.375444792904911,0.271145042915422,0.997986760822298 
 09/16  10:00:00,0.846399006554083,3.08362812941470,0.000000000000000E+000,2.18213693470724,0.000000000000000E+000,6.008139765072189E-002,6.008139765072189E-002,6.008139765072189E-002,7.750145831318095E-002,1.688559130958724E-002,0.397296620198725,0.277521925392267,0.882376118964783 
 09/16  11:00:00,0.843077262382487,2.28110375298541,0.000000000000000E+000,1.48427923670365,0.000000000000000E+000,4.086708291616267E-002,4.086708291616267E-002,4.086708291616267E-002,7.750145831318095E-002,1.688559130958724E-002,0.413104165661999,0.277606950491958,0.777703584204611 
 09/16  12:00:00,0.810789560972955,1.75358651471282,0.000000000000000E+000,1.03659497562503,0.000000000000000E+000,2.854086466467485E-002,2.854086466467485E-002,2.854086466467485E-002,7.750145831318095E-002,1.688559130958724E-002,0.397819062986971,0.272930570008939,0.698192705407034 
 09/16  13:00:00,0.779465654982650,1.50389347685164,0.000000000000000E+000,0.834854617199621,0.000000000000000E+000,2.298628992467006E-002,2.298628992467006E-002,2.298628992467006E-002,7.750145831318095E-002,1.688559130958724E-002,0.362611945670944,0.282368356074668,0.649589972843988 
 09/16  14:00:00,0.759602092722538,1.22238333532606,0.000000000000000E+000,0.598544534462950,0.000000000000000E+000,1.647989712046154E-002,1.647989712046154E-002,1.647989712046154E-002,7.750145831318095E-002,1.688559130958724E-002,0.333355082572772,0.298268049716935,0.603294779507318 
 09/16  15:00:00,0.777444833310725,1.10340800088149,0.000000000000000E+000,0.472617126488940,0.000000000000000E+000,1.301270193519411E-002,1.301270193519411E-002,1.301270193519411E-002,7.750145831318095E-002,1.688559130958724E-002,0.338085123906433,0.314847944156729,0.609104867813157 
 09/16  16:00:00,0.879875648659647,0.925080587750253,0.000000000000000E+000,0.229797773639106,0.000000000000000E+000,6.327087543254485E-003,6.327087543254485E-003,6.327087543254485E-003,8.661930447474814E-002,1.887213949869952E-002,0.378535166805636,0.372409936647711,0.669632069088810 
 09/16  17:00:00,1.07929134854853,0.821704795444519,0.000000000000000E+000,0.000000000000000E+000,0.000000000000000E+000,0.000000000000000E+000,0.000000000000000E+000,0.000000000000000E+000,0.127649461734568,2.781156537098450E-002,0.454299752296194,0.452418555457185,0.790543239676514 
 09/16  18:00:00,1.24657794783335,1.05936522388047,0.000000000000000E+000,0.115068372038805,0.000000000000000E+000,3.168210256434789E-003,3.168210256434789E-003,3.168210256434789E-003,0.237063298020327,5.165005257650900E-002,0.416394348374079,0.491190000916397,0.910464807550788 
 09/16  19:00:00,1.40055102825050,0.971575032419399,0.000000000000000E+000,0.000000000000000E+000,0.000000000000000E+000,0.000000000000000E+000,0.000000000000000E+000,0.000000000000000E+000,0.433096355187926,9.436066106796846E-002,0.348977328846029,0.507004669458972,0.936653709915243 
 09/16  20:00:00,1.64661894443903,0.908048637975988,0.000000000000000E+000,0.000000000000000E+000,0.000000000000000E+000,0.000000000000000E+000,0.000000000000000E+000,0.000000000000000E+000,0.647365121397244,0.141044365937652,0.316662628518856,0.524434814895680,0.871926766903436 
 09/16  21:00:00,1.56517474505836,0.834511476806133,0.000000000000000E+000,1.387323797474803E-002,0.000000000000000E+000,3.819758119697273E-004,3.819758119697273E-004,3.819758119697273E-004,0.601776057775222,0.131111652311238,0.302601844930188,0.512191200540138,0.785359679923950 
 09/16  22:00:00,1.26413645651915,1.02487999103057,0.000000000000000E+000,0.339882427956541,0.000000000000000E+000,9.358079680407172E-003,9.358079680407172E-003,9.358079680407172E-003,0.451331980636735,9.833373923342846E-002,0.244764798588447,0.443235844690528,0.654468491429860 
 09/16  23:00:00,0.969759322079915,1.33047367709212,0.000000000000000E+000,0.795369762683534,0.000000000000000E+000,2.189914218080953E-002,2.189914218080953E-002,2.189914218080953E-002,0.314564789770669,6.853563477971396E-002,0.162484040057721,0.385163701601401,0.508574719214250 
 09/16  24:00:00,0.670862112015160,1.69547199991240,0.000000000000000E+000,1.32003765088335,0.000000000000000E+000,3.634497256116868E-002,3.634497256116868E-002,3.634497256116868E-002,0.159561806269983,3.476445216053948E-002,0.104489818790726,0.318589048543143,0.353490663732541 
 09/17  01:00:00,0.561078628124152,1.99853663347785,0.000000000000000E+000,1.69230641806676,0.000000000000000E+000,4.659475454246825E-002,4.659475454246825E-002,4.659475454246825E-002,9.573711719915248E-002,2.085867858142951E-002,8.743947017666101E-002,0.293336593934840,0.286025861455137 
 09/17  02:00:00,0.513703604666058,2.27149654931287,0.000000000000000E+000,1.98413029575312,0.000000000000000E+000,5.462962447220628E-002,5.462962447220628E-002,5.462962447220628E-002,6.382473086728384E-002,1.390578086421579E-002,7.429586482556264E-002,0.289935589947189,0.267396152982992 
 09/17  03:00:00,0.507543672973341,2.51750450920195,0.000000000000000E+000,2.22589515660535,0.000000000000000E+000,6.128620523567802E-002,6.128620523567802E-002,6.128620523567802E-002,6.382473086728384E-002,1.390578086421579E-002,6.556055715455404E-002,0.285854385162011,0.271920356074892 
 09/17  04:00:00,0.510704546894419,2.69091044110577,0.000000000000000E+000,2.34620098402973,0.000000000000000E+000,6.459861984276286E-002,6.459861984276286E-002,6.459861984276286E-002,6.382473086728384E-002,1.390578086421579E-002,7.620720412933703E-002,0.275056197501220,0.325764215033283 
 09/17  05:00:00,0.558387642000412,2.81779194148625,0.000000000000000E+000,2.23701712305871,0.000000000000000E+000,6.159242950534446E-002,6.159242950534446E-002,6.159242950534446E-002,6.838363722948601E-002,1.489905222685725E-002,8.945989946368259E-002,0.306940609885441,0.559633450954783 
 09/17  06:00:00,0.735072486516427,3.26141151696338,0.000000000000000E+000,2.23835954239736,0.000000000000000E+000,6.162939071928868E-002,6.162939071928868E-002,6.162939071928868E-002,0.127649461734568,2.781156537098450E-002,0.146230364189749,0.354639690812237,0.998625203450001 
 09/17  07:00:00,0.991253906592538,3.25375089338969,0.000000000000000E+000,2.10560363002223,0.000000000000000E+000,5.797418437772873E-002,5.797418437772873E-002,5.797418437772873E-002,0.241622204382529,5.264332211787399E-002,0.230070928193149,0.376831241831655,1.12219198895215 
 09/17  08:00:00,0.933351781125450,2.98583233358748,0.000000000000000E+000,1.86813821991796,0.000000000000000E+000,5.143598161609460E-002,5.143598161609460E-002,5.143598161609460E-002,0.200592047122709,4.370389624558903E-002,0.301918793908311,0.318589048543143,1.09575042837303 
 09/17  09:00:00,0.835384338541172,2.81783089709630,0.000000000000000E+000,1.79907765252661,0.000000000000000E+000,4.953451734708856E-002,4.953451734708856E-002,4.953451734708856E-002,0.100296023561355,2.185194812279451E-002,0.375444792904911,0.271145042915422,1.00007739391302 
 09/17  10:00:00,0.836721779622313,2.73397312916455,0.000000000000000E+000,1.83066318178089,0.000000000000000E+000,5.040417071895154E-002,5.040417071895154E-002,5.040417071895154E-002,7.750145831318095E-002,1.688559130958724E-002,0.397296620198725,0.277521925392267,0.884194871640984 
 09/17  11:00:00,0.830955759602579,1.84252446558950,0.000000000000000E+000,1.04403017535577,0.000000000000000E+000,2.874558013625210E-002,2.874558013625210E-002,2.874558013625210E-002,7.750145831318095E-002,1.688559130958724E-002,0.413104165661999,0.277606950491958,0.779373358156582 
 09/17  12:00:00,0.797439952314038,1.27030632360953,0.000000000000000E+000,0.551741505872957,0.000000000000000E+000,1.519125600575964E-002,1.519125600575964E-002,1.519125600575964E-002,7.750145831318095E-002,1.688559130958724E-002,0.397819062986971,0.272930570008939,0.699765984055820 
 09/17  13:00:00,0.763433165922925,0.923432406713098,0.000000000000000E+000,0.252559798828383,0.000000000000000E+000,6.953800864944435E-003,6.953800864944435E-003,6.953800864944435E-003,7.750145831318095E-002,1.688559130958724E-002,0.362611945670944,0.282368356074668,0.651423721076682 
 09/17  14:00:00,0.746481005661649,0.747492796238028,0.000000000000000E+000,0.121990895256310,0.000000000000000E+000,3.358810059573648E-003,3.358810059573648E-003,3.358810059573648E-003,7.750145831318095E-002,1.688559130958724E-002,0.333355082572772,0.298268049716935,0.604957879625928 
 09/17  15:00:00,0.768976004643928,0.798014129984410,0.000000000000000E+000,0.165032007797820,0.000000000000000E+000,4.543873268396929E-003,4.543873268396929E-003,4.543873268396929E-003,7.750145831318095E-002,1.688559130958724E-002,0.338085123906433,0.314847944156729,0.611296115607201 
 09/17  16:00:00,0.874771770379318,0.741933199286432,0.000000000000000E+000,4.442656489149681E-002,0.000000000000000E+000,1.223209262923605E-003,1.223209262923605E-003,1.223209262923605E-003,8.661930447474814E-002,1.887213949869952E-002,0.378535166805636,0.372409936647711,0.671855889372598 
 09/17  17:00:00,1.07929134854853,0.824012073028867,0.000000000000000E+000,0.000000000000000E+000,0.000000000000000E+000,0.000000000000000E+000,0.000000000000000E+000,0.000000000000000E+000,0.127649461734568,2.781156537098450E-002,0.454299752296194,0.452418555457185,0.792850517260862 
 09/17  18:00:00,1.24340973757691,0.946805201060680,0.000000000000000E+000,0.000000000000000E+000,0.000000000000000E+000,0.000000000000000E+000,0.000000000000000E+000,0.000000000000000E+000,0.237063298020327,5.165005257650900E-002,0.416394348374079,0.491190000916397,0.912973156769799 
 09/17  19:00:00,1.40055102825050,0.973979939111292,0.000000000000000E+000,0.000000000000000E+000,0.000000000000000E+000,0.000000000000000E+000,0.000000000000000E+000,0.000000000000000E+000,0.433096355187926,9.436066106796846E-002,0.348977328846029,0.507004669458972,0.939058616607134 
 09/17  20:00:00,1.64661894443903,0.910318011788866,0.000000000000000E+000,0.000000000000000E+000,0.000000000000000E+000,0.000000000000000E+000,0.000000000000000E+000,0.000000000000000E+000,0.647365121397244,0.141044365937652,0.316662628518856,0.524434814895680,0.874196140716314 
 09/17  21:00:00,1.56714498589191,0.908258817490073,0.000000000000000E+000,8.543174795072646E-002,0.000000000000000E+000,2.352216645520675E-003,2.352216645520675E-003,2.352216645520675E-003,0.601776057775222,0.131111652311238,0.302601844930188,0.512191200540138,0.787548510631913 
 09/17  22:00:00,1.26553225729331,1.07718595358631,0.000000000000000E+000,0.390577460726949,0.000000000000000E+000,1.075388045457068E-002,1.075388045457068E-002,1.075388045457068E-002,0.451331980636735,9.833373923342846E-002,0.244764798588447,0.443235844690528,0.656079421215198 
 09/17  23:00:00,0.969498910294458,1.32217687375912,0.000000000000000E+000,0.785911690842647,0.000000000000000E+000,2.163873039535130E-002,2.163873039535130E-002,2.163873039535130E-002,0.314564789770669,6.853563477971396E-002,0.162484040057721,0.385163701601401,0.509735987722136 
 09/17  24:00:00,0.667735955194145,1.58297728661529,0.000000000000000E+000,1.20649664602051,0.000000000000000E+000,3.321881574015245E-002,3.321881574015245E-002,3.321881574015245E-002,0.159561806269983,3.476445216053948E-002,0.104489818790726,0.318589048543143,0.354536955298271 
 09/18  01:00:00,0.551688300605235,1.79545097791124,0.000000000000000E+000,1.49460751183060,0.000000000000000E+000,4.115145425651207E-002,4.115145425651207E-002,4.115145425651207E-002,9.573711719915248E-002,2.085867858142951E-002,8.349244294370009E-002,0.293336593934840,0.280639112124682 
 09/18  02:00:00,0.503004477577932,1.97379370885014,0.000000000000000E+000,1.69038087076673,0.000000000000000E+000,4.654173790030053E-002,4.654173790030053E-002,4.654173790030053E-002,6.382473086728384E-002,1.390578086421579E-002,7.168462430934135E-002,0.289935589947189,0.263442737506657 
 09/18  03:00:00,0.494740586552711,2.09780214222481,0.000000000000000E+000,1.81048227550476,0.000000000000000E+000,4.984852407934653E-002,4.984852407934653E-002,4.984852407934653E-002,6.382473086728384E-002,1.390578086421579E-002,6.419515189025571E-002,0.285854385162011,0.267630870198340 
 09/18  04:00:00,0.495373184167539,2.22180481342817,0.000000000000000E+000,1.88638643317014,0.000000000000000E+000,5.193841486828032E-002,5.193841486828032E-002,5.193841486828032E-002,6.382473086728384E-002,1.390578086421579E-002,7.353604637693699E-002,0.275056197501220,0.316473138215269 
 09/18  05:00:00,0.544218710161531,2.42444329944272,0.000000000000000E+000,1.87119676990823,0.000000000000000E+000,5.152019354398853E-002,5.152019354398853E-002,5.152019354398853E-002,6.838363722948601E-002,1.489905222685725E-002,8.536320358615601E-002,0.306940609885441,0.532105162061734 
 09/18  06:00:00,0.709556892326018,2.65634152942484,0.000000000000000E+000,1.69755688874196,0.000000000000000E+000,4.673931724679389E-002,4.673931724679389E-002,4.673931724679389E-002,0.127649461734568,2.781156537098450E-002,0.135604843471835,0.354639690812237,0.934357869566864 
 09/18  07:00:00,0.962271527540320,2.89148397411230,0.000000000000000E+000,1.82154743163366,0.000000000000000E+000,5.015318417417079E-002,5.015318417417079E-002,5.015318417417079E-002,0.241622204382529,5.264332211787399E-002,0.208909549344490,0.376831241831655,1.04398126806336 
 09/18  08:00:00,0.894330724928399,2.66510026632038,0.000000000000000E+000,1.62901929866351,0.000000000000000E+000,4.485225226107699E-002,4.485225226107699E-002,4.485225226107699E-002,0.200592047122709,4.370389624558903E-002,0.269481467066278,0.318589048543143,1.01413728236037 
 09/18  09:00:00,0.785128684158498,2.55295225509600,0.000000000000000E+000,1.60932332666896,0.000000000000000E+000,4.430995745514593E-002,4.430995745514593E-002,4.430995745514593E-002,0.100296023561355,2.185194812279451E-002,0.330413698414181,0.271145042915422,0.924953077770368 
 09/18  10:00:00,0.779944318098908,2.45674388761247,0.000000000000000E+000,1.61778660173960,0.000000000000000E+000,4.454297921783125E-002,4.454297921783125E-002,4.454297921783125E-002,7.750145831318095E-002,1.688559130958724E-002,0.346380350176442,0.277521925392267,0.819842210130193 
 09/18  11:00:00,0.775087802077354,1.66659985155349,0.000000000000000E+000,0.921300321570048,0.000000000000000E+000,2.536642412104825E-002,2.536642412104825E-002,2.536642412104825E-002,7.750145831318095E-002,1.688559130958724E-002,0.360615364151980,0.277606950491958,0.726178597906283 
 09/18  12:00:00,0.743222916781872,0.991587616494700,0.000000000000000E+000,0.319059817363050,0.000000000000000E+000,8.784764813088061E-003,8.784764813088061E-003,8.784764813088061E-003,7.750145831318095E-002,1.688559130958724E-002,0.350008518647474,0.272930570008939,0.653728965450896 
 09/18  13:00:00,0.713887059773213,0.667178729634379,0.000000000000000E+000,3.616575749530841E-002,0.000000000000000E+000,9.957621003774070E-004,9.957621003774070E-004,9.957621003774070E-004,7.750145831318095E-002,1.688559130958724E-002,0.319023878285798,0.282368356074668,0.611564085331035 
 09/18  14:00:00,0.703996592126409,0.589460904298802,0.000000000000000E+000,0.000000000000000E+000,0.000000000000000E+000,0.000000000000000E+000,0.000000000000000E+000,0.000000000000000E+000,7.750145831318095E-002,1.688559130958724E-002,0.294229479097109,0.298268049716935,0.568916882943012 
 09/18  15:00:00,0.727373128873090,0.596728508113264,0.000000000000000E+000,0.000000000000000E+000,0.000000000000000E+000,0.000000000000000E+000,0.000000000000000E+000,0.000000000000000E+000,7.750145831318095E-002,1.688559130958724E-002,0.301026121403993,0.314847944156729,0.575042501533875 
 09/18  16:00:00,0.837630613134335,0.652611010138838,0.000000000000000E+000,0.000000000000000E+000,0.000000000000000E+000,0.000000000000000E+000,0.000000000000000E+000,0.000000000000000E+000,8.661930447474814E-002,1.887213949869952E-002,0.342617218823578,0.372409936647711,0.626960265116500 
 09/18  17:00:00,1.04393939005181,0.769834504018208,0.000000000000000E+000,0.000000000000000E+000,0.000000000000000E+000,0.000000000000000E+000,0.000000000000000E+000,0.000000000000000E+000,0.127649461734568,2.781156537098450E-002,0.418947793799472,0.452418555457185,0.738672948250202 
 09/18  18:00:00,1.20909939458911,0.876014808901189,0.000000000000000E+000,0.000000000000000E+000,0.000000000000000E+000,0.000000000000000E+000,0.000000000000000E+000,0.000000000000000E+000,0.237063298020327,5.165005257650900E-002,0.382084005386279,0.491190000916397,0.842182764610309 
 09/18  19:00:00,1.36630624666115,0.894587529015278,0.000000000000000E+000,0.000000000000000E+000,0.000000000000000E+000,0.000000000000000E+000,0.000000000000000E+000,0.000000000000000E+000,0.433096355187926,9.436066106796846E-002,0.314732547256681,0.507004669458972,0.859666206511123 
 09/18  20:00:00,1.61176354622716,0.834838094923897,0.000000000000000E+000,0.000000000000000E+000,0.000000000000000E+000,0.000000000000000E+000,0.000000000000000E+000,0.000000000000000E+000,0.647365121397244,0.141044365937652,0.281807230306979,0.524434814895680,0.798716223851346 
 09/18  21:00:00,1.52918588329260,0.759747191201131,0.000000000000000E+000,0.000000000000000E+000,0.000000000000000E+000,0.000000000000000E+000,0.000000000000000E+000,0.000000000000000E+000,0.601776057775222,0.131111652311238,0.266994958976403,0.512191200540138,0.724468632293695 
 09/18  22:00:00,1.22648514227990,0.637186284666978,0.000000000000000E+000,0.000000000000000E+000,0.000000000000000E+000,0.000000000000000E+000,0.000000000000000E+000,0.000000000000000E+000,0.451331980636735,9.833373923342846E-002,0.216471564029606,0.443235844690528,0.606657213022813 
 09/18  23:00:00,0.940433202471338,0.800458908981284,0.000000000000000E+000,0.294475592028635,0.000000000000000E+000,8.107880335877162E-003,8.107880335877162E-003,8.107880335877162E-003,0.314564789770669,6.853563477971396E-002,0.146949182294076,0.385163701601401,0.479454121758313 
 09/18  24:00:00,0.653354928887075,1.28864619054058,0.000000000000000E+000,0.922936655488848,0.000000000000000E+000,2.541147776882851E-002,2.541147776882851E-002,2.541147776882851E-002,0.159561806269983,3.476445216053948E-002,9.791613045497836E-002,0.318589048543143,0.343765849755229 
 09/19  01:00:00,0.552382748615287,1.82167582151120,0.000000000000000E+000,1.51982963899847,0.000000000000000E+000,4.184590226656448E-002,4.184590226656448E-002,4.184590226656448E-002,9.573711719915248E-002,2.085867858142951E-002,8.349244294370009E-002,0.293336593934840,0.281641828556785 
 09/19  02:00:00,0.512894255045020,2.33383136920924,0.000000000000000E+000,2.04957439040531,0.000000000000000E+000,5.643151536738840E-002,5.643151536738840E-002,5.643151536738840E-002,6.382473086728384E-002,1.390578086421579E-002,7.168462430934135E-002,0.289935589947189,0.264286878227171 
 09/19  03:00:00,0.513468165618943,2.77880543607518,0.000000000000000E+000,2.49066189142584,0.000000000000000E+000,6.857610314557612E-002,6.857610314557612E-002,6.857610314557612E-002,6.382473086728384E-002,1.390578086421579E-002,6.419515189025571E-002,0.285854385162011,0.268454548127622 
 09/19  04:00:00,0.519441784238909,3.09685036437464,0.000000000000000E+000,2.76055020492130,0.000000000000000E+000,7.600701493965137E-002,7.600701493965137E-002,7.600701493965137E-002,6.382473086728384E-002,1.390578086421579E-002,7.353604637693699E-002,0.275056197501220,0.317354917410592 
 09/19  05:00:00,0.572099339409441,3.43814086440894,0.000000000000000E+000,2.88381220869064,0.000000000000000E+000,7.940082279189964E-002,7.940082279189964E-002,7.940082279189964E-002,6.838363722948601E-002,1.489905222685725E-002,8.536320358615601E-002,0.306940609885441,0.533187288245537 
 09/19  06:00:00,0.740277548362934,3.77375061159982,0.000000000000000E+000,2.81332118214781,0.000000000000000E+000,7.745997328371043E-002,7.745997328371043E-002,7.745997328371043E-002,0.127649461734568,2.781156537098450E-002,0.135604843471835,0.354639690812237,0.936002658335997 
 09/19  07:00:00,0.982680022981689,3.63431873645189,0.000000000000000E+000,2.56277738675744,0.000000000000000E+000,7.056167961554131E-002,7.056167961554131E-002,7.056167961554131E-002,0.241622204382529,5.264332211787399E-002,0.208909549344490,0.376831241831655,1.04558607527916 
 09/19  08:00:00,0.914471251713416,3.39791431804831,0.000000000000000E+000,2.36051671883915,0.000000000000000E+000,6.499277904609553E-002,6.499277904609553E-002,6.499277904609553E-002,0.200592047122709,4.370389624558903E-002,0.269481467066278,0.318589048543143,1.01545391391265 
 09/19  09:00:00,0.795080537081715,2.91528750387025,0.000000000000000E+000,1.97077140680138,0.000000000000000E+000,5.426181037836274E-002,5.426181037836274E-002,5.426181037836274E-002,0.100296023561355,2.185194812279451E-002,0.330413698414181,0.271145042915422,0.925840246412205 
 09/19  10:00:00,0.774944232017003,2.27591915345573,0.000000000000000E+000,1.43618509207646,0.000000000000000E+000,3.954289313592559E-002,3.954289313592559E-002,3.954289313592559E-002,7.750145831318095E-002,1.688559130958724E-002,0.346380350176442,0.277521925392267,0.820618985636597 
 09/19  11:00:00,0.759923971458127,1.11686619916031,0.000000000000000E+000,0.370554896867683,0.000000000000000E+000,1.020259350182180E-002,1.020259350182180E-002,1.020259350182180E-002,7.750145831318095E-002,1.688559130958724E-002,0.360615364151980,0.277606950491958,0.727190370215475 
 09/19  12:00:00,0.734438151968782,0.673628630673379,0.000000000000000E+000,0.000000000000000E+000,0.000000000000000E+000,0.000000000000000E+000,0.000000000000000E+000,0.000000000000000E+000,7.750145831318095E-002,1.688559130958724E-002,0.350008518647474,0.272930570008939,0.654829796992624 
 09/19  13:00:00,0.712891297672837,0.631722533565145,0.000000000000000E+000,0.000000000000000E+000,0.000000000000000E+000,0.000000000000000E+000,0.000000000000000E+000,0.000000000000000E+000,7.750145831318095E-002,1.688559130958724E-002,0.319023878285798,0.282368356074668,0.612273646757112 
 09/19  14:00:00,0.703996592126409,0.589761352391715,0.000000000000000E+000,0.000000000000000E+000,0.000000000000000E+000,0.000000000000000E+000,0.000000000000000E+000,0.000000000000000E+000,7.750145831318095E-002,1.688559130958724E-002,0.294229479097109,0.298268049716935,0.569217331035923 
 09/19  15:00:00,0.727373128873090,0.596458617665837,0.000000000000000E+000,0.000000000000000E+000,0.000000000000000E+000,0.000000000000000E+000,0.000000000000000E+000,0.000000000000000E+000,7.750145831318095E-002,1.688559130958724E-002,0.301026121403993,0.314847944156729,0.574772611086449 
 09/19  16:00:00,0.837630613134335,0.652426406418344,0.000000000000000E+000,0.000000000000000E+000,0.000000000000000E+000,0.000000000000000E+000,0.000000000000000E+000,0.000000000000000E+000,8.661930447474814E-002,1.887213949869952E-002,0.342617218823578,0.372409936647711,0.626775661396006 
 09/19  17:00:00,1.04393939005181,0.769870338459686,0.000000000000000E+000,0.000000000000000E+000,0.000000000000000E+000,0.000000000000000E+000,0.000000000000000E+000,0.000000000000000E+000,0.127649461734568,2.781156537098450E-002,0.418947793799472,0.452418555457185,0.738708782691681 
 09/19  18:00:00,1.20909939458911,0.876315867444886,0.000000000000000E+000,0.000000000000000E+000,0.000000000000000E+000,0.000000000000000E+000,0.000000000000000E+000,0.000000000000000E+000,0.237063298020327,5.165005257650900E-002,0.382084005386279,0.491190000916397,0.842483823154008 
 09/19  19:00:00,1.36630624666115,0.894978642871311,0.000000000000000E+000,0.000000000000000E+000,0.000000000000000E+000,0.000000000000000E+000,0.000000000000000E+000,0.000000000000000E+000,0.433096355187926,9.436066106796846E-002,0.314732547256681,0.507004669458972,0.860057320367153 
 09/19  20:00:00,1.61176354622716,0.835177659811985,0.000000000000000E+000,0.000000000000000E+000,0.000000000000000E+000,0.000000000000000E+000,0.000000000000000E+000,0.000000000000000E+000,0.647365121397244,0.141044365937652,0.281807230306979,0.524434814895680,0.799055788739433 
 09/19  21:00:00,1.52918588329260,0.760164865954970,0.000000000000000E+000,0.000000000000000E+000,0.000000000000000E+000,0.000000000000000E+000,0.000000000000000E+000,0.000000000000000E+000,0.601776057775222,0.131111652311238,0.266994958976403,0.512191200540138,0.724886307047534 
 09/19  22:00:00,1.22648514227990,0.637418749339944,0.000000000000000E+000,0.000000000000000E+000,0.000000000000000E+000,0.000000000000000E+000,0.000000000000000E+000,0.000000000000000E+000,0.451331980636735,9.833373923342846E-002,0.216471564029606,0.443235844690528,0.606889677695779 
 09/19  23:00:00,0.932325322135461,0.505888305569132,0.000000000000000E+000,0.000000000000000E+000,0.000000000000000E+000,0.000000000000000E+000,0.000000000000000E+000,0.000000000000000E+000,0.314564789770669,6.853563477971396E-002,0.146949182294076,0.385163701601401,0.479359110374795 
 09/19  24:00:00,0.628581010463053,0.388826656403082,0.000000000000000E+000,2.315594924173052E-002,0.000000000000000E+000,6.375593448075678E-004,6.375593448075678E-004,6.375593448075678E-004,0.159561806269983,3.476445216053948E-002,9.791613045497836E-002,0.318589048543143,0.343727021864845 
 09/20  01:00:00,0.525326673486794,0.839346990361433,0.000000000000000E+000,0.537161739204881,0.000000000000000E+000,1.478982713807172E-002,1.478982713807172E-002,1.478982713807172E-002,9.573711719915248E-002,2.085867858142951E-002,8.349244294370009E-002,0.293336593934840,0.281980897200598 
 09/20  02:00:00,0.490548226645467,1.52315598149674,0.000000000000000E+000,1.23797386476256,0.000000000000000E+000,3.408548696783748E-002,3.408548696783748E-002,3.408548696783748E-002,6.382473086728384E-002,1.390578086421579E-002,7.168462430934135E-002,0.289935589947189,0.265212016157427 
 09/20  03:00:00,0.496020575656990,2.14639349868014,0.000000000000000E+000,1.85697106587392,0.000000000000000E+000,5.112851318362588E-002,5.112851318362588E-002,5.112851318362588E-002,6.382473086728384E-002,1.390578086421579E-002,6.419515189025571E-002,0.285854385162011,0.269733436284501 
 09/20  04:00:00,0.507635643291067,2.66877557234596,0.000000000000000E+000,2.33175498333856,0.000000000000000E+000,6.420087399181088E-002,6.420087399181088E-002,6.420087399181088E-002,6.382473086728384E-002,1.390578086421579E-002,7.353604637693699E-002,0.275056197501220,0.318075346964646 
 09/20  05:00:00,0.564997295878853,3.18145446093998,0.000000000000000E+000,2.62586828418192,0.000000000000000E+000,7.229877926131102E-002,7.229877926131102E-002,7.229877926131102E-002,6.838363722948601E-002,1.489905222685725E-002,8.536320358615601E-002,0.306940609885441,0.534444809285305 
 09/20  06:00:00,0.749282682354997,4.10257347841918,0.000000000000000E+000,3.14038473683242,0.000000000000000E+000,8.646510727577242E-002,8.646510727577242E-002,8.646510727577242E-002,0.127649461734568,2.781156537098450E-002,0.135604843471835,0.354639690812237,0.937761970470735 
 09/20  07:00:00,0.982719578414753,3.63740784955251,0.000000000000000E+000,2.56421402729557,0.000000000000000E+000,7.060123504860313E-002,7.060123504860313E-002,7.060123504860313E-002,0.241622204382529,5.264332211787399E-002,0.208909549344490,0.376831241831655,1.04723854784165 
 09/20  08:00:00,0.912171286164673,3.31595650112183,0.000000000000000E+000,2.27698271382740,0.000000000000000E+000,6.269281349735178E-002,6.269281349735178E-002,6.269281349735178E-002,0.200592047122709,4.370389624558903E-002,0.269481467066278,0.318589048543143,1.01703010199792 
 09/20  09:00:00,0.791649675164514,2.79210986778355,0.000000000000000E+000,1.84616361137478,0.000000000000000E+000,5.083094846116151E-002,5.083094846116151E-002,5.083094846116151E-002,0.100296023561355,2.185194812279451E-002,0.330413698414181,0.271145042915422,0.927270405752087 
 09/20  10:00:00,0.770942163417798,2.13181845934247,0.000000000000000E+000,1.29083125466533,0.000000000000000E+000,3.554082453672105E-002,3.554082453672105E-002,3.554082453672105E-002,7.750145831318095E-002,1.688559130958724E-002,0.346380350176442,0.277521925392267,0.821872128934463 
 09/20  11:00:00,0.755991197921977,0.975139646245346,0.000000000000000E+000,0.227717833739430,0.000000000000000E+000,6.269819965672848E-003,6.269819965672848E-003,6.269819965672848E-003,7.750145831318095E-002,1.688559130958724E-002,0.360615364151980,0.277606950491958,0.728300880428760 
 09/20  12:00:00,0.734438151968782,0.674620227275569,0.000000000000000E+000,0.000000000000000E+000,0.000000000000000E+000,0.000000000000000E+000,0.000000000000000E+000,0.000000000000000E+000,7.750145831318095E-002,1.688559130958724E-002,0.350008518647474,0.272930570008939,0.655821393594815 
 09/20  13:00:00,0.712891297672837,0.632498108187951,0.000000000000000E+000,0.000000000000000E+000,0.000000000000000E+000,0.000000000000000E+000,0.000000000000000E+000,0.000000000000000E+000,7.750145831318095E-002,1.688559130958724E-002,0.319023878285798,0.282368356074668,0.613049221379918 
 09/20  14:00:00,0.703996592126409,0.590325470345543,0.000000000000000E+000,0.000000000000000E+000,0.000000000000000E+000,0.000000000000000E+000,0.000000000000000E+000,0.000000000000000E+000,7.750145831318095E-002,1.688559130958724E-002,0.294229479097109,0.298268049716935,0.569781448989753 
 09/20  15:00:00,0.727373128873090,0.597012024357965,0.000000000000000E+000,0.000000000000000E+000,0.000000000000000E+000,0.000000000000000E+000,0.000000000000000E+000,0.000000000000000E+000,7.750145831318095E-002,1.688559130958724E-002,0.301026121403993,0.314847944156729,0.575326017778577 
 09/20  16:00:00,0.837630613134335,0.653037510353790,0.000000000000000E+000,0.000000000000000E+000,0.000000000000000E+000,0.000000000000000E+000,0.000000000000000E+000,0.000000000000000E+000,8.661930447474814E-002,1.887213949869952E-002,0.342617218823578,0.372409936647711,0.627386765331452 
 09/20  17:00:00,1.04393939005181,0.770525102181339,0.000000000000000E+000,0.000000000000000E+000,0.000000000000000E+000,0.000000000000000E+000,0.000000000000000E+000,0.000000000000000E+000,0.127649461734568,2.781156537098450E-002,0.418947793799472,0.452418555457185,0.739363546413333 
 09/20  18:00:00,1.20909939458911,0.876977915412779,0.000000000000000E+000,0.000000000000000E+000,0.000000000000000E+000,0.000000000000000E+000,0.000000000000000E+000,0.000000000000000E+000,0.237063298020327,5.165005257650900E-002,0.382084005386279,0.491190000916397,0.843145871121902 
 09/20  19:00:00,1.36630624666115,0.895578942647245,0.000000000000000E+000,0.000000000000000E+000,0.000000000000000E+000,0.000000000000000E+000,0.000000000000000E+000,0.000000000000000E+000,0.433096355187926,9.436066106796846E-002,0.314732547256681,0.507004669458972,0.860657620143090 
 09/20  20:00:00,1.61176354622716,0.835684483301630,0.000000000000000E+000,0.000000000000000E+000,0.000000000000000E+000,0.000000000000000E+000,0.000000000000000E+000,0.000000000000000E+000,0.647365121397244,0.141044365937652,0.281807230306979,0.524434814895680,0.799562612229075 
 09/20  21:00:00,1.52918588329260,0.760545313648847,0.000000000000000E+000,0.000000000000000E+000,0.000000000000000E+000,0.000000000000000E+000,0.000000000000000E+000,0.000000000000000E+000,0.601776057775222,0.131111652311238,0.266994958976403,0.512191200540138,0.725266754741412 
 09/20  22:00:00,1.22648514227990,0.637642033599699,0.000000000000000E+000,0.000000000000000E+000,0.000000000000000E+000,0.000000000000000E+000,0.000000000000000E+000,0.000000000000000E+000,0.451331980636735,9.833373923342846E-002,0.216471564029606,0.443235844690528,0.607112961955534 
 09/20  23:00:00,0.932325322135461,0.505922764514585,0.000000000000000E+000,0.000000000000000E+000,0.000000000000000E+000,0.000000000000000E+000,0.000000000000000E+000,0.000000000000000E+000,0.314564789770669,6.853563477971396E-002,0.146949182294076,0.385163701601401,0.479393569320249 
 09/20  24:00:00,0.627943451118245,0.365454685328048,0.000000000000000E+000,0.000000000000000E+000,0.000000000000000E+000,0.000000000000000E+000,0.000000000000000E+000,0.000000000000000E+000,0.159561806269983,3.476445216053948E-002,9.791613045497836E-002,0.318589048543143,0.343511000031541 
 09/21  01:00:00,0.514524938952163,0.446692748781349,0.000000000000000E+000,0.144846233764244,0.000000000000000E+000,3.988092603439891E-003,3.988092603439891E-003,3.988092603439891E-003,9.573711719915248E-002,2.085867858142951E-002,8.349244294370009E-002,0.293336593934840,0.281642161061154 
 09/21  02:00:00,0.476415821116355,1.00983835884480,0.000000000000000E+000,0.724689465810628,0.000000000000000E+000,1.995308143872238E-002,1.995308143872238E-002,1.995308143872238E-002,6.382473086728384E-002,1.390578086421579E-002,7.168462430934135E-002,0.289935589947189,0.265178792457414 
 09/21  03:00:00,0.481156447485408,1.60664527681195,0.000000000000000E+000,1.31711073715792,0.000000000000000E+000,3.626438501204202E-002,3.626438501204202E-002,3.626438501204202E-002,6.382473086728384E-002,1.390578086421579E-002,6.419515189025571E-002,0.285854385162011,0.269845543132315 
 09/21  04:00:00,0.491703650365042,2.09088146516999,0.000000000000000E+000,1.75311015204677,0.000000000000000E+000,4.826888106578452E-002,4.826888106578452E-002,4.826888106578452E-002,6.382473086728384E-002,1.390578086421579E-002,7.353604637693699E-002,0.275056197501220,0.318826071080464 
 09/21  05:00:00,0.548124520272260,2.56953741621325,0.000000000000000E+000,2.01305453014417,0.000000000000000E+000,5.542600365471800E-002,5.542600365471800E-002,5.542600365471800E-002,6.838363722948601E-002,1.489905222685725E-002,8.536320358615601E-002,0.306940609885441,0.535341518596331 
 09/21  06:00:00,0.718827064223936,2.99834855963915,0.000000000000000E+000,2.03424653446439,0.000000000000000E+000,5.600948914471075E-002,5.600948914471075E-002,5.600948914471075E-002,0.127649461734568,2.781156537098450E-002,0.135604843471835,0.354639690812237,0.939675254058738 
 09/21  07:00:00,0.962762604750815,2.91457685173137,0.000000000000000E+000,1.83938319712370,0.000000000000000E+000,5.064426138466503E-002,5.064426138466503E-002,5.064426138466503E-002,0.241622204382529,5.264332211787399E-002,0.208909549344490,0.376831241831655,1.04923838019236 
 09/21  08:00:00,0.894902014748881,2.69059098100705,0.000000000000000E+000,1.64976836021070,0.000000000000000E+000,4.542354208155904E-002,4.542354208155904E-002,4.542354208155904E-002,0.200592047122709,4.370389624558903E-002,0.269481467066278,0.318589048543143,1.01887893549984 
 09/21  09:00:00,0.775113630839103,2.19313232593845,0.000000000000000E+000,1.24557982858381,0.000000000000000E+000,3.429490413574886E-002,3.429490413574886E-002,3.429490413574886E-002,0.100296023561355,2.185194812279451E-002,0.330413698414181,0.271145042915422,0.928876646697962 
 09/21  10:00:00,0.748835016517998,1.33020611640332,0.000000000000000E+000,0.487906827848642,0.000000000000000E+000,1.343367763692120E-002,1.343367763692120E-002,1.343367763692120E-002,7.750145831318095E-002,1.688559130958724E-002,0.346380350176442,0.277521925392267,0.823184212812002 
 09/21  11:00:00,0.749721377956306,0.748629961229640,0.000000000000000E+000,0.000000000000000E+000,0.000000000000000E+000,0.000000000000000E+000,0.000000000000000E+000,0.000000000000000E+000,7.750145831318095E-002,1.688559130958724E-002,0.360615364151980,0.277606950491958,0.729509029152484 
 09/21  12:00:00,0.734438151968782,0.675119612835017,0.000000000000000E+000,0.000000000000000E+000,0.000000000000000E+000,0.000000000000000E+000,0.000000000000000E+000,0.000000000000000E+000,7.750145831318095E-002,1.688559130958724E-002,0.350008518647474,0.272930570008939,0.656320779154262 
 09/21  13:00:00,0.712891297672837,0.632343041250384,0.000000000000000E+000,0.000000000000000E+000,0.000000000000000E+000,0.000000000000000E+000,0.000000000000000E+000,0.000000000000000E+000,7.750145831318095E-002,1.688559130958724E-002,0.319023878285798,0.282368356074668,0.612894154442351 
 09/21  14:00:00,0.703996592126409,0.589884542186515,0.000000000000000E+000,0.000000000000000E+000,0.000000000000000E+000,0.000000000000000E+000,0.000000000000000E+000,0.000000000000000E+000,7.750145831318095E-002,1.688559130958724E-002,0.294229479097109,0.298268049716935,0.569340520830725 
 09/21  15:00:00,0.749134580274818,0.596362342638859,0.000000000000000E+000,0.000000000000000E+000,1.650707195850681E-002,5.254379443221774E-003,2.176145140172858E-002,5.254379443221774E-003,7.750145831318095E-002,1.688559130958724E-002,0.301026121403993,0.314847944156729,0.574676336059473 
 09/21  16:00:00,0.971925974450035,0.652652440099476,0.000000000000000E+000,0.000000000000000E+000,0.101002555771157,3.329280554454146E-002,0.134295361315699,3.329280554454146E-002,8.661930447474814E-002,1.887213949869952E-002,0.342617218823578,0.372409936647711,0.627001695077138 
 09/21  17:00:00,1.28922447578474,0.770832038786160,0.000000000000000E+000,0.000000000000000E+000,0.183022548805330,6.226253692759470E-002,0.245285085732925,6.226253692759470E-002,0.127649461734568,2.781156537098450E-002,0.418947793799472,0.452418555457185,0.739670483018155 
 09/21  18:00:00,1.45273610268860,0.878012494231806,0.000000000000000E+000,0.000000000000000E+000,0.180250885357925,6.338582274155817E-002,0.243636708099483,6.338582274155817E-002,0.237063298020327,5.165005257650900E-002,0.382084005386279,0.491190000916397,0.844180449940928 
 09/21  19:00:00,1.55589178151539,0.896713452758377,0.000000000000000E+000,0.000000000000000E+000,0.138559167683140,5.102636717110552E-002,0.189585534854245,5.102636717110552E-002,0.433096355187926,9.436066106796846E-002,0.314732547256681,0.507004669458972,0.861792130254222 
 09/21  20:00:00,1.73751484630386,0.836404963975505,0.000000000000000E+000,0.000000000000000E+000,9.095044248666884E-002,3.480085759003185E-002,0.125751300076701,3.480085759003185E-002,0.647365121397244,0.141044365937652,0.281807230306979,0.524434814895680,0.800283092902951 
 09/21  21:00:00,1.56291769035446,0.760731217033314,0.000000000000000E+000,0.000000000000000E+000,2.427282221426285E-002,9.458984847597239E-003,3.373180706186017E-002,9.458984847597239E-003,0.601776057775222,0.131111652311238,0.266994958976403,0.512191200540138,0.725452658125879 
 09/21  22:00:00,1.22648514227990,0.637368261573504,0.000000000000000E+000,0.000000000000000E+000,0.000000000000000E+000,0.000000000000000E+000,0.000000000000000E+000,0.000000000000000E+000,0.451331980636735,9.833373923342846E-002,0.216471564029606,0.443235844690528,0.606839189929336 
 09/21  23:00:00,0.932325322135461,0.505421327814875,0.000000000000000E+000,0.000000000000000E+000,0.000000000000000E+000,0.000000000000000E+000,0.000000000000000E+000,0.000000000000000E+000,0.314564789770669,6.853563477971396E-002,0.146949182294076,0.385163701601401,0.478892132620538 
 09/21  24:00:00,0.627943451118245,0.364920507544395,0.000000000000000E+000,0.000000000000000E+000,0.000000000000000E+000,0.000000000000000E+000,0.000000000000000E+000,0.000000000000000E+000,0.159561806269983,3.476445216053948E-002,9.791613045497836E-002,0.318589048543143,0.342976822247888 
 09/22  01:00:00,0.510536846348723,0.301336978871976,0.000000000000000E+000,0.000000000000000E+000,0.000000000000000E+000,0.000000000000000E+000,0.000000000000000E+000,0.000000000000000E+000,9.573711719915248E-002,2.085867858142951E-002,8.349244294370009E-002,0.293336593934840,0.281132624916026 
 09/22  02:00:00,0.459821823249809,0.399507555037999,0.000000000000000E+000,0.114817329077507,0.000000000000000E+000,3.359083572177957E-003,3.359083572177957E-003,3.359083572177957E-003,6.382473086728384E-002,1.390578086421579E-002,7.168462430934135E-002,0.289935589947189,0.264720125383739 
 09/22  03:00:00,0.463924745115038,0.958901465294528,0.000000000000000E+000,0.669493462905609,0.000000000000000E+000,1.903268264167327E-002,1.903268264167327E-002,1.903268264167327E-002,6.382473086728384E-002,1.390578086421579E-002,6.419515189025571E-002,0.285854385162011,0.269719005867206 
 09/22  04:00:00,0.479396547122936,1.63284441036007,0.000000000000000E+000,1.29479471076490,0.000000000000000E+000,3.596177782367869E-002,3.596177782367869E-002,3.596177782367869E-002,6.382473086728384E-002,1.390578086421579E-002,7.353604637693699E-002,0.275056197501220,0.319104457552406 
 09/22  05:00:00,0.541989329594478,2.34623516116766,0.000000000000000E+000,1.78892373985555,0.000000000000000E+000,4.929081297693633E-002,4.929081297693633E-002,4.929081297693633E-002,6.838363722948601E-002,1.489905222685725E-002,8.536320358615601E-002,0.306940609885441,0.536170053839361 
 09/22  06:00:00,0.731325359899806,3.45438029705603,0.000000000000000E+000,2.48818059195348,0.000000000000000E+000,6.850778482058067E-002,6.850778482058067E-002,6.850778482058067E-002,0.127649461734568,2.781156537098450E-002,0.135604843471835,0.354639690812237,0.941772933986517 
 09/22  07:00:00,0.969400502077354,3.15727047916753,0.000000000000000E+000,2.08046948158805,0.000000000000000E+000,5.728215871120503E-002,5.728215871120503E-002,5.728215871120503E-002,0.241622204382529,5.264332211787399E-002,0.208909549344490,0.376831241831655,1.05084572316418 
 09/22  08:00:00,0.903173291238805,2.99273804899097,0.000000000000000E+000,1.95017844771843,0.000000000000000E+000,5.369481857148354E-002,5.369481857148354E-002,5.369481857148354E-002,0.200592047122709,4.370389624558903E-002,0.269481467066278,0.318589048543143,1.02061591597603 
 09/22  09:00:00,0.785629674993193,2.57654058976592,0.000000000000000E+000,1.62751915178428,0.000000000000000E+000,4.481094828984022E-002,4.481094828984022E-002,4.481094828984022E-002,0.100296023561355,2.185194812279451E-002,0.330413698414181,0.271145042915422,0.930345587324963 
 09/22  10:00:00,0.765074973233195,1.92112950369730,0.000000000000000E+000,1.07773680437966,0.000000000000000E+000,2.967363435211710E-002,2.967363435211710E-002,2.967363435211710E-002,7.750145831318095E-002,1.688559130958724E-002,0.346380350176442,0.277521925392267,0.824277623574966 
 09/22  11:00:00,0.751708532197184,0.821491854011994,0.000000000000000E+000,7.217279946101754E-002,0.000000000000000E+000,1.987154240879457E-003,1.987154240879457E-003,1.987154240879457E-003,7.750145831318095E-002,1.688559130958724E-002,0.360615364151980,0.277606950491958,0.730198122473819 
 09/22  12:00:00,0.734438151968782,0.676047886374482,0.000000000000000E+000,0.000000000000000E+000,0.000000000000000E+000,0.000000000000000E+000,0.000000000000000E+000,0.000000000000000E+000,7.750145831318095E-002,1.688559130958724E-002,0.350008518647474,0.272930570008939,0.657249052693727 
 09/22  13:00:00,0.712891297672837,0.633434262588657,0.000000000000000E+000,0.000000000000000E+000,0.000000000000000E+000,0.000000000000000E+000,0.000000000000000E+000,0.000000000000000E+000,7.750145831318095E-002,1.688559130958724E-002,0.319023878285798,0.282368356074668,0.613985375780624 
 09/22  14:00:00,0.703996592126409,0.590919688805081,0.000000000000000E+000,0.000000000000000E+000,0.000000000000000E+000,0.000000000000000E+000,0.000000000000000E+000,0.000000000000000E+000,7.750145831318095E-002,1.688559130958724E-002,0.294229479097109,0.298268049716935,0.570375667449291 
 09/22  15:00:00,0.727373128873090,0.597451400547099,0.000000000000000E+000,0.000000000000000E+000,0.000000000000000E+000,0.000000000000000E+000,0.000000000000000E+000,0.000000000000000E+000,7.750145831318095E-002,1.688559130958724E-002,0.301026121403993,0.314847944156729,0.575765393967711 
 09/22  16:00:00,0.846757009800610,0.653807754298240,0.000000000000000E+000,0.000000000000000E+000,6.794521620052698E-003,2.331875046220689E-003,9.126396666273382E-003,2.331875046220689E-003,8.661930447474814E-002,1.887213949869952E-002,0.342617218823578,0.372409936647711,0.628157009275903 
 09/22  17:00:00,1.14714281033133,0.771815523405941,0.000000000000000E+000,0.000000000000000E+000,7.666604731709184E-002,2.653737296242802E-002,0.103203420279520,2.653737296242802E-002,0.127649461734568,2.781156537098450E-002,0.418947793799472,0.452418555457185,0.740653967637936 
 09/22  18:00:00,1.38401505298454,0.878888126362936,0.000000000000000E+000,0.000000000000000E+000,0.129668658610495,4.524699978492670E-002,0.174915658395422,4.524699978492670E-002,0.237063298020327,5.165005257650900E-002,0.382084005386279,0.491190000916397,0.845056082072058 
 09/22  19:00:00,1.36630624666115,0.897734911359127,0.000000000000000E+000,0.000000000000000E+000,0.000000000000000E+000,0.000000000000000E+000,0.000000000000000E+000,0.000000000000000E+000,0.433096355187926,9.436066106796846E-002,0.314732547256681,0.507004669458972,0.862813588854972 
 09/22  20:00:00,1.61176354622716,0.837086229288431,0.000000000000000E+000,0.000000000000000E+000,0.000000000000000E+000,0.000000000000000E+000,0.000000000000000E+000,0.000000000000000E+000,0.647365121397244,0.141044365937652,0.281807230306979,0.524434814895680,0.800964358215879 
 09/22  21:00:00,1.52918588329260,0.761302710060475,0.000000000000000E+000,0.000000000000000E+000,0.000000000000000E+000,0.000000000000000E+000,0.000000000000000E+000,0.000000000000000E+000,0.601776057775222,0.131111652311238,0.266994958976403,0.512191200540138,0.726024151153040 
 09/22  22:00:00,1.22648514227990,0.637797501493654,0.000000000000000E+000,0.000000000000000E+000,0.000000000000000E+000,0.000000000000000E+000,0.000000000000000E+000,0.000000000000000E+000,0.451331980636735,9.833373923342846E-002,0.216471564029606,0.443235844690528,0.607268429849489 
 09/22  23:00:00,0.932325322135461,0.505491641013114,0.000000000000000E+000,0.000000000000000E+000,0.000000000000000E+000,0.000000000000000E+000,0.000000000000000E+000,0.000000000000000E+000,0.314564789770669,6.853563477971396E-002,0.146949182294076,0.385163701601401,0.478962445818781 
 09/22  24:00:00,0.627943451118245,0.364447522476785,0.000000000000000E+000,0.000000000000000E+000,0.000000000000000E+000,0.000000000000000E+000,0.000000000000000E+000,0.000000000000000E+000,0.159561806269983,3.476445216053948E-002,9.791613045497836E-002,0.318589048543143,0.342503837180278 
 09/23  01:00:00,0.514483873581683,0.307120209072726,0.000000000000000E+000,0.000000000000000E+000,0.000000000000000E+000,0.000000000000000E+000,0.000000000000000E+000,0.000000000000000E+000,9.573711719915248E-002,2.085867858142951E-002,8.743947017666101E-002,0.293336593934840,0.286915855116775 
 09/23  02:00:00,0.459407790119752,0.300375511587856,0.000000000000000E+000,1.146037127529463E-002,0.000000000000000E+000,3.338099259009160E-004,3.338099259009160E-004,3.338099259009160E-004,6.382473086728384E-002,1.390578086421579E-002,7.429586482556264E-002,0.289935589947189,0.268945039735810 
 09/23  03:00:00,0.459868884691083,0.771535482822551,0.000000000000000E+000,0.477251440101330,0.000000000000000E+000,1.361141695341952E-002,1.361141695341952E-002,1.361141695341952E-002,6.382473086728384E-002,1.390578086421579E-002,6.556055715455404E-002,0.285854385162011,0.274595046199509 
 09/23  04:00:00,0.474038112283681,1.34964897452936,0.000000000000000E+000,1.00142822090145,0.000000000000000E+000,2.793218523202448E-002,2.793218523202448E-002,2.793218523202448E-002,6.382473086728384E-002,1.390578086421579E-002,7.620720412933703E-002,0.275056197501220,0.329275511585157 
 09/23  05:00:00,0.537334554799805,2.05678376247652,0.000000000000000E+000,1.46925713868542,0.000000000000000E+000,4.053934230473789E-002,4.053934230473789E-002,4.053934230473789E-002,6.838363722948601E-002,1.489905222685725E-002,8.945989946368259E-002,0.306940609885441,0.566385256318348 
 09/23  06:00:00,0.732103654904928,3.16580189072921,0.000000000000000E+000,2.13053253827135,0.000000000000000E+000,5.866055910778863E-002,5.866055910778863E-002,5.866055910778863E-002,0.127649461734568,2.781156537098450E-002,0.146230364189749,0.354639690812237,1.01084258134183 
 09/23  07:00:00,0.980800943866480,2.88733091598577,0.000000000000000E+000,1.72595540388989,0.000000000000000E+000,4.752122165167107E-002,4.752122165167107E-002,4.752122165167107E-002,0.241622204382529,5.264332211787399E-002,0.230070928193149,0.376831241831655,1.13542023768058 
 09/23  08:00:00,0.925227654421462,2.70302138847617,0.000000000000000E+000,1.57307256505299,0.000000000000000E+000,4.331185491210676E-002,4.331185491210676E-002,4.331185491210676E-002,0.200592047122709,4.370389624558903E-002,0.301918793908311,0.318589048543143,1.10800513812667 
 09/23  09:00:00,0.820440541815522,2.28555828841343,0.000000000000000E+000,1.25632378768866,0.000000000000000E+000,3.459072062143991E-002,3.459072062143991E-002,3.459072062143991E-002,0.100296023561355,2.185194812279451E-002,0.375444792904911,0.271145042915422,1.01055865006810 
 09/23  10:00:00,0.805543573564138,1.61051112013808,0.000000000000000E+000,0.698280819556728,0.000000000000000E+000,1.922596466077795E-002,1.922596466077795E-002,1.922596466077795E-002,7.750145831318095E-002,1.688559130958724E-002,0.397296620198725,0.277521925392267,0.893115224838675 
 09/23  11:00:00,0.802210179466325,0.806509378238225,0.000000000000000E+000,0.000000000000000E+000,0.000000000000000E+000,0.000000000000000E+000,0.000000000000000E+000,0.000000000000000E+000,7.750145831318095E-002,1.688559130958724E-002,0.413104165661999,0.277606950491958,0.787388446161072 
 09/23  12:00:00,0.782248696308279,0.725402836734313,0.000000000000000E+000,0.000000000000000E+000,0.000000000000000E+000,0.000000000000000E+000,0.000000000000000E+000,0.000000000000000E+000,7.750145831318095E-002,1.688559130958724E-002,0.397819062986971,0.272930570008939,0.706604003053559 
 09/23  13:00:00,0.756479365057980,0.676142082757220,0.000000000000000E+000,0.000000000000000E+000,0.000000000000000E+000,0.000000000000000E+000,0.000000000000000E+000,0.000000000000000E+000,7.750145831318095E-002,1.688559130958724E-002,0.362611945670944,0.282368356074668,0.656693195949186 
 09/23  14:00:00,0.743122195602075,0.629598601078145,0.000000000000000E+000,0.000000000000000E+000,0.000000000000000E+000,0.000000000000000E+000,0.000000000000000E+000,0.000000000000000E+000,7.750145831318095E-002,1.688559130958724E-002,0.333355082572772,0.298268049716935,0.609054579722355 
 09/23  15:00:00,0.764432131375532,0.636029519192942,0.000000000000000E+000,0.000000000000000E+000,0.000000000000000E+000,0.000000000000000E+000,0.000000000000000E+000,0.000000000000000E+000,7.750145831318095E-002,1.688559130958724E-002,0.338085123906433,0.314847944156729,0.614343512613556 
 09/23  16:00:00,0.918649633804505,0.701123867023681,0.000000000000000E+000,0.000000000000000E+000,3.339891807041642E-002,1.170215461769607E-002,4.510107268811234E-002,1.170215461769607E-002,8.661930447474814E-002,1.887213949869952E-002,0.378535166805636,0.372409936647711,0.675473122001343 
 09/23  17:00:00,1.23183657229920,0.829051167397703,0.000000000000000E+000,0.000000000000000E+000,0.112688327462453,3.985689628821013E-002,0.152545223750664,3.985689628821013E-002,0.127649461734568,2.781156537098450E-002,0.454299752296194,0.452418555457185,0.797889611629698 
 09/23  18:00:00,1.44756395816541,0.953292594394768,0.000000000000000E+000,0.000000000000000E+000,0.150261342541778,5.389287804671350E-002,0.204154220588491,5.389287804671350E-002,0.237063298020327,5.165005257650900E-002,0.416394348374079,0.491190000916397,0.919460550103890 
 09/23  19:00:00,1.57673657783422,0.980876898035713,0.000000000000000E+000,0.000000000000000E+000,0.127962709360516,4.822284022320576E-002,0.176185549583722,4.822284022320576E-002,0.433096355187926,9.436066106796846E-002,0.348977328846029,0.507004669458972,0.945955575531555 
 09/23  20:00:00,1.76615309057794,0.916474308438807,0.000000000000000E+000,0.000000000000000E+000,8.588451389792226E-002,3.364963224098286E-002,0.119534146138905,3.364963224098286E-002,0.647365121397244,0.141044365937652,0.316662628518856,0.524434814895680,0.880352437366256 
 09/23  21:00:00,1.58680069064661,0.827965733101245,0.000000000000000E+000,0.000000000000000E+000,1.577601190963118E-002,6.231909490588659E-003,2.200792140021984E-002,6.231909490588659E-003,0.601776057775222,0.131111652311238,0.302601844930188,0.512191200540138,0.792687174193810 
 09/23  22:00:00,1.25477837683874,0.689789413894573,0.000000000000000E+000,0.000000000000000E+000,0.000000000000000E+000,0.000000000000000E+000,0.000000000000000E+000,0.000000000000000E+000,0.451331980636735,9.833373923342846E-002,0.244764798588447,0.443235844690528,0.659260342250407 
 09/23  23:00:00,0.947860179899104,0.537595191281037,0.000000000000000E+000,0.000000000000000E+000,0.000000000000000E+000,0.000000000000000E+000,0.000000000000000E+000,0.000000000000000E+000,0.314564789770669,6.853563477971396E-002,0.162484040057721,0.385163701601401,0.511065996086700 
 09/23  24:00:00,0.634517139453991,0.375899750681410,0.000000000000000E+000,0.000000000000000E+000,0.000000000000000E+000,0.000000000000000E+000,0.000000000000000E+000,0.000000000000000E+000,0.159561806269983,3.476445216053948E-002,0.104489818790726,0.318589048543143,0.353956065384904 
 09/24  01:00:00,0.514483873581683,0.306060997400124,0.000000000000000E+000,0.000000000000000E+000,0.000000000000000E+000,0.000000000000000E+000,0.000000000000000E+000,0.000000000000000E+000,9.573711719915248E-002,2.085867858142951E-002,8.743947017666101E-002,0.293336593934840,0.285856643444173 
 09/24  02:00:00,0.459073980193851,0.287504085009578,0.000000000000000E+000,0.000000000000000E+000,0.000000000000000E+000,0.000000000000000E+000,0.000000000000000E+000,0.000000000000000E+000,6.382473086728384E-002,1.390578086421579E-002,7.429586482556264E-002,0.289935589947189,0.267533984432826 
 09/24  03:00:00,0.446257467737664,0.292608328587281,0.000000000000000E+000,0.000000000000000E+000,0.000000000000000E+000,0.000000000000000E+000,0.000000000000000E+000,0.000000000000000E+000,6.382473086728384E-002,1.390578086421579E-002,6.556055715455404E-002,0.285854385162011,0.272919332065568 
 09/24  04:00:00,0.446105927051656,0.347062446517649,0.000000000000000E+000,0.000000000000000E+000,0.000000000000000E+000,0.000000000000000E+000,0.000000000000000E+000,0.000000000000000E+000,6.382473086728384E-002,1.390578086421579E-002,7.620720412933703E-002,0.275056197501220,0.328117204474895 
 09/24  05:00:00,0.496795212495069,0.587461228771324,0.000000000000000E+000,0.000000000000000E+000,0.000000000000000E+000,0.000000000000000E+000,0.000000000000000E+000,0.000000000000000E+000,6.838363722948601E-002,1.489905222685725E-002,8.945989946368259E-002,0.306940609885441,0.566319861298574 
 09/24  06:00:00,0.677729236305503,1.18255623650649,0.000000000000000E+000,0.145587621365945,0.000000000000000E+000,4.286140508363775E-003,4.286140508363775E-003,4.286140508363775E-003,0.127649461734568,2.781156537098450E-002,0.146230364189749,0.354639690812237,1.01254184402452 
 09/24  07:00:00,0.933279722214808,1.16393531505660,0.000000000000000E+000,0.000000000000000E+000,0.000000000000000E+000,0.000000000000000E+000,0.000000000000000E+000,0.000000000000000E+000,0.241622204382529,5.264332211787399E-002,0.230070928193149,0.376831241831655,1.13798004064130 
 09/24  08:00:00,0.881915799509353,1.13288476709549,0.000000000000000E+000,0.000000000000000E+000,0.000000000000000E+000,0.000000000000000E+000,0.000000000000000E+000,0.000000000000000E+000,0.200592047122709,4.370389624558903E-002,0.301918793908311,0.318589048543143,1.11094108179898 
 09/24  09:00:00,0.785849821194082,1.03194865624074,0.000000000000000E+000,0.000000000000000E+000,0.000000000000000E+000,0.000000000000000E+000,0.000000000000000E+000,0.000000000000000E+000,0.100296023561355,2.185194812279451E-002,0.375444792904911,0.271145042915422,1.01327280558407 
 09/24  10:00:00,0.786317608903362,0.914234720680022,0.000000000000000E+000,0.000000000000000E+000,0.000000000000000E+000,0.000000000000000E+000,0.000000000000000E+000,0.000000000000000E+000,7.750145831318095E-002,1.688559130958724E-002,0.397296620198725,0.277521925392267,0.895119644937349 
 09/24  11:00:00,0.802210179466325,0.807558514982790,0.000000000000000E+000,0.000000000000000E+000,0.000000000000000E+000,0.000000000000000E+000,0.000000000000000E+000,0.000000000000000E+000,7.750145831318095E-002,1.688559130958724E-002,0.413104165661999,0.277606950491958,0.788437582905637 
 09/24  12:00:00,0.782248696308279,0.725409305136655,0.000000000000000E+000,0.000000000000000E+000,0.000000000000000E+000,0.000000000000000E+000,0.000000000000000E+000,0.000000000000000E+000,7.750145831318095E-002,1.688559130958724E-002,0.397819062986971,0.272930570008939,0.706610471455900 
 09/24  13:00:00,0.756479365057980,0.675801994900838,0.000000000000000E+000,0.000000000000000E+000,0.000000000000000E+000,0.000000000000000E+000,0.000000000000000E+000,0.000000000000000E+000,7.750145831318095E-002,1.688559130958724E-002,0.362611945670944,0.282368356074668,0.656353108092805 
 09/24  14:00:00,0.743122195602075,0.629115205307817,0.000000000000000E+000,0.000000000000000E+000,0.000000000000000E+000,0.000000000000000E+000,0.000000000000000E+000,0.000000000000000E+000,7.750145831318095E-002,1.688559130958724E-002,0.333355082572772,0.298268049716935,0.608571183952027 
 09/24  15:00:00,0.941457248910683,0.635510644386559,0.000000000000000E+000,0.000000000000000E+000,0.135581443014836,4.144367452031503E-002,0.177025117535151,4.144367452031503E-002,7.750145831318095E-002,1.688559130958724E-002,0.338085123906433,0.314847944156729,0.613824637807170 
 09/24  16:00:00,1.18620436025350,0.701024786416747,0.000000000000000E+000,0.000000000000000E+000,0.238328543096949,7.432725604016144E-002,0.312655799137111,7.432725604016144E-002,8.661930447474814E-002,1.887213949869952E-002,0.378535166805636,0.372409936647711,0.675374041394409 
 09/24  17:00:00,1.57498244745117,0.829644670308977,0.000000000000000E+000,0.000000000000000E+000,0.375820567696797,0.119870531205836,0.495691098902634,0.119870531205836,0.127649461734568,2.781156537098450E-002,0.454299752296194,0.452418555457185,0.798483114540975 
 09/24  18:00:00,1.71530440128315,0.954281474200113,0.000000000000000E+000,0.000000000000000E+000,0.356027376015706,0.115867287690528,0.471894663706234,0.115867287690528,0.237063298020327,5.165005257650900E-002,0.416394348374079,0.491190000916397,0.920449429909233 
 09/24  19:00:00,1.81018735317304,0.981930642582747,0.000000000000000E+000,0.000000000000000E+000,0.303656228674122,0.105980096248423,0.409636324922545,0.105980096248423,0.433096355187926,9.436066106796846E-002,0.348977328846029,0.507004669458972,0.947009320078592 
 09/24  20:00:00,1.96839815259298,0.917384791431829,0.000000000000000E+000,0.000000000000000E+000,0.234630043566929,8.714916458701784E-002,0.321779208153947,8.714916458701784E-002,0.647365121397244,0.141044365937652,0.316662628518856,0.524434814895680,0.881262920359275 
 09/24  21:00:00,1.74936502284433,0.828741591780135,0.000000000000000E+000,0.000000000000000E+000,0.132836319850723,5.173593374722416E-002,0.184572253597947,5.173593374722416E-002,0.601776057775222,0.131111652311238,0.302601844930188,0.512191200540138,0.793463032872702 
 09/24  22:00:00,1.31411405201714,0.690356432099532,0.000000000000000E+000,0.000000000000000E+000,4.261915778632895E-002,1.671651739206724E-002,5.933567517839605E-002,1.671651739206724E-002,0.451331980636735,9.833373923342846E-002,0.244764798588447,0.443235844690528,0.659827360455366 
 09/24  23:00:00,0.947860179899104,0.537643480834043,0.000000000000000E+000,0.000000000000000E+000,0.000000000000000E+000,0.000000000000000E+000,0.000000000000000E+000,0.000000000000000E+000,0.314564789770669,6.853563477971396E-002,0.162484040057721,0.385163701601401,0.511114285639707 
 09/24  24:00:00,0.634517139453991,0.375619278283138,0.000000000000000E+000,0.000000000000000E+000,0.000000000000000E+000,0.000000000000000E+000,0.000000000000000E+000,0.000000000000000E+000,0.159561806269983,3.476445216053948E-002,0.104489818790726,0.318589048543143,0.353675592986631 
 09/25  01:00:00,0.510536846348723,0.299561871783986,0.000000000000000E+000,0.000000000000000E+000,0.000000000000000E+000,0.000000000000000E+000,0.000000000000000E+000,0.000000000000000E+000,9.573711719915248E-002,2.085867858142951E-002,8.349244294370009E-002,0.293336593934840,0.279357517828035 
 09/25  02:00:00,0.456462739677630,0.283020029892790,0.000000000000000E+000,0.000000000000000E+000,0.000000000000000E+000,0.000000000000000E+000,0.000000000000000E+000,0.000000000000000E+000,6.382473086728384E-002,1.390578086421579E-002,7.168462430934135E-002,0.289935589947189,0.263049929316038 
 09/25  03:00:00,0.444892062473365,0.288117747628514,0.000000000000000E+000,0.000000000000000E+000,0.000000000000000E+000,0.000000000000000E+000,0.000000000000000E+000,0.000000000000000E+000,6.382473086728384E-002,1.390578086421579E-002,6.419515189025571E-002,0.285854385162011,0.268428751106800 
 09/25  04:00:00,0.445322980694375,0.401557020813779,0.000000000000000E+000,6.422334848329407E-002,0.000000000000000E+000,1.888211395117244E-003,1.888211395117244E-003,1.888211395117244E-003,6.382473086728384E-002,1.390578086421579E-002,7.353604637693699E-002,0.275056197501220,0.318388430287732 
 09/25  05:00:00,0.502052058664062,0.884635951159703,0.000000000000000E+000,0.325875736979153,0.000000000000000E+000,9.353542046520289E-003,9.353542046520289E-003,9.353542046520289E-003,6.838363722948601E-002,1.489905222685725E-002,8.536320358615601E-002,0.306940609885441,0.537618846707803 
 09/25  06:00:00,0.683979132155549,1.72221958658353,0.000000000000000E+000,0.751479822791683,0.000000000000000E+000,2.116155707632434E-002,2.116155707632434E-002,2.116155707632434E-002,0.127649461734568,2.781156537098450E-002,0.135604843471835,0.354639690812237,0.946312992675827 
 09/25  07:00:00,0.933005160229870,1.83792881027387,0.000000000000000E+000,0.754403316252356,0.000000000000000E+000,2.088681686372204E-002,2.088681686372204E-002,2.088681686372204E-002,0.241622204382529,5.264332211787399E-002,0.208909549344490,0.376831241831655,1.05757021960622 
 09/25  08:00:00,0.878161330927853,2.09083823534670,0.000000000000000E+000,1.04175213711139,0.000000000000000E+000,2.868285826053158E-002,2.868285826053158E-002,2.868285826053158E-002,0.200592047122709,4.370389624558903E-002,0.269481467066278,0.318589048543143,1.02714241293880 
 09/25  09:00:00,0.779347506152706,2.35466626421989,0.000000000000000E+000,1.39935281090476,0.000000000000000E+000,3.852877944935362E-002,3.852877944935362E-002,3.852877944935362E-002,0.100296023561355,2.185194812279451E-002,0.330413698414181,0.271145042915422,0.936637602658458 
 09/25  10:00:00,0.789204437813945,2.80278546565566,0.000000000000000E+000,1.95411115543026,0.000000000000000E+000,5.380309893286694E-002,5.380309893286694E-002,5.380309893286694E-002,7.750145831318095E-002,1.688559130958724E-002,0.346380350176442,0.277521925392267,0.829559234482718 
 09/25  11:00:00,0.789252336152442,2.18869858240621,0.000000000000000E+000,1.43575161892255,0.000000000000000E+000,3.953095819613487E-002,3.953095819613487E-002,3.953095819613487E-002,7.750145831318095E-002,1.688559130958724E-002,0.360615364151980,0.277606950491958,0.733826031406503 
 09/25  12:00:00,0.766761136593568,1.85266529072411,0.000000000000000E+000,1.17396034958701,0.000000000000000E+000,3.232298462478507E-002,3.232298462478507E-002,3.232298462478507E-002,7.750145831318095E-002,1.688559130958724E-002,0.350008518647474,0.272930570008939,0.659906107456339 
 09/25  13:00:00,0.739587098680400,1.60552625107625,0.000000000000000E+000,0.969582860219931,0.000000000000000E+000,2.669580100756297E-002,2.669580100756297E-002,2.669580100756297E-002,7.750145831318095E-002,1.688559130958724E-002,0.319023878285798,0.282368356074668,0.616494504048292 
 09/25  14:00:00,0.722863138824632,1.27887772040078,0.000000000000000E+000,0.685226875378376,0.000000000000000E+000,1.886654669822225E-002,1.886654669822225E-002,1.886654669822225E-002,7.750145831318095E-002,1.688559130958724E-002,0.294229479097109,0.298268049716935,0.573106823666617 
 09/25  15:00:00,0.739853747000071,1.05407754317705,0.000000000000000E+000,0.453292014629736,0.000000000000000E+000,1.248061812698282E-002,1.248061812698282E-002,1.248061812698282E-002,7.750145831318095E-002,1.688559130958724E-002,0.301026121403993,0.314847944156729,0.579099521967933 
 09/25  16:00:00,0.845638754259376,0.948576078548461,0.000000000000000E+000,0.290853096142827,0.000000000000000E+000,8.008141125041385E-003,8.008141125041385E-003,8.008141125041385E-003,8.661930447474814E-002,1.887213949869952E-002,0.342617218823578,0.372409936647711,0.632072237383296 
 09/25  17:00:00,1.05771995196397,1.27755897548227,0.000000000000000E+000,0.500505552556636,0.000000000000000E+000,1.378056191216246E-002,1.378056191216246E-002,1.378056191216246E-002,0.127649461734568,2.781156537098450E-002,0.418947793799472,0.452418555457185,0.745891867157633 
 09/25  18:00:00,1.20992081222766,0.914720150471624,0.000000000000000E+000,2.983362301789543E-002,0.000000000000000E+000,8.214176385499740E-004,8.214176385499740E-004,8.214176385499740E-004,0.237063298020327,5.165005257650900E-002,0.382084005386279,0.491190000916397,0.851054483162850 
 09/25  19:00:00,1.36730234129496,0.940238009054508,0.000000000000000E+000,3.617783500224096E-002,0.000000000000000E+000,9.960946338152055E-004,9.960946338152055E-004,9.960946338152055E-004,0.433096355187926,9.436066106796846E-002,0.314732547256681,0.507004669458972,0.869138851548111 
 09/25  20:00:00,1.61529935938847,0.972087985977050,0.000000000000000E+000,0.128419590675553,0.000000000000000E+000,3.535813161311044E-003,3.535813161311044E-003,3.535813161311044E-003,0.647365121397244,0.141044365937652,0.281807230306979,0.524434814895680,0.807546524228944 
 09/25  21:00:00,1.54037123755025,1.17349958425556,0.000000000000000E+000,0.406248449732966,0.000000000000000E+000,1.118535425764666E-002,1.118535425764666E-002,1.118535425764666E-002,0.601776057775222,0.131111652311238,0.266994958976403,0.512191200540138,0.731972575615161 
 09/25  22:00:00,1.24842810951586,1.43945500082379,0.000000000000000E+000,0.796961474515350,0.000000000000000E+000,2.194296723596144E-002,2.194296723596144E-002,2.194296723596144E-002,0.451331980636735,9.833373923342846E-002,0.216471564029606,0.443235844690528,0.611964454664272 
 09/25  23:00:00,0.966800915456919,1.76093424842553,0.000000000000000E+000,1.25214240138102,0.000000000000000E+000,3.447559332145954E-002,3.447559332145954E-002,3.447559332145954E-002,0.314564789770669,6.853563477971396E-002,0.146949182294076,0.385163701601401,0.482262651850168 
 09/25  24:00:00,0.676384913684290,2.12532690973693,0.000000000000000E+000,1.75937825633011,0.000000000000000E+000,4.844146256604405E-002,4.844146256604405E-002,4.844146256604405E-002,0.159561806269983,3.476445216053948E-002,9.791613045497836E-002,0.318589048543143,0.344004968110321 
 09/26  01:00:00,0.567394634443508,2.36623198509923,0.000000000000000E+000,2.06505647802451,0.000000000000000E+000,5.685778809478576E-002,5.685778809478576E-002,5.685778809478576E-002,9.573711719915248E-002,2.085867858142951E-002,8.349244294370009E-002,0.293336593934840,0.280971153118776 
 09/26  02:00:00,0.519228448723307,2.56280153165546,0.000000000000000E+000,2.27963025657101,0.000000000000000E+000,6.276570904567706E-002,6.276570904567706E-002,6.276570904567706E-002,6.382473086728384E-002,1.390578086421579E-002,7.168462430934135E-002,0.289935589947189,0.263201174507699 
 09/26  03:00:00,0.510429593260503,2.66773646784086,0.000000000000000E+000,2.38030192592245,0.000000000000000E+000,6.553753078713741E-002,6.553753078713741E-002,6.553753078713741E-002,6.382473086728384E-002,1.390578086421579E-002,6.419515189025571E-002,0.285854385162011,0.267745545396703 
 09/26  04:00:00,0.511637273593822,2.81345934068223,0.000000000000000E+000,2.47709290196434,0.000000000000000E+000,6.820250429456534E-002,6.820250429456534E-002,6.820250429456534E-002,6.382473086728384E-002,1.390578086421579E-002,7.353604637693699E-002,0.275056197501220,0.317421196675132 
 09/26  05:00:00,0.560385559556497,3.01653235736201,0.000000000000000E+000,2.45837151220857,0.000000000000000E+000,6.768704293895547E-002,6.768704293895547E-002,6.768704293895547E-002,6.838363722948601E-002,1.489905222685725E-002,8.536320358615601E-002,0.306940609885441,0.537019477680686 
 09/26  06:00:00,0.725958925423351,3.26436646649275,0.000000000000000E+000,2.29327342706302,0.000000000000000E+000,6.314135034412598E-002,6.314135034412598E-002,6.314135034412598E-002,0.127649461734568,2.781156537098450E-002,0.135604843471835,0.354639690812237,0.946666268313703 
 09/26  07:00:00,0.980665306080409,3.57412901011159,0.000000000000000E+000,2.48960352038334,0.000000000000000E+000,6.854696271426074E-002,6.854696271426074E-002,6.854696271426074E-002,0.241622204382529,5.264332211787399E-002,0.208909549344490,0.376831241831655,1.05857021531294 
 09/26  08:00:00,0.912161419994408,3.32692065310445,0.000000000000000E+000,2.27662437771366,0.000000000000000E+000,6.268294732708524E-002,6.268294732708524E-002,6.268294732708524E-002,0.200592047122709,4.370389624558903E-002,0.269481467066278,0.318589048543143,1.02835259009429 
 09/26  09:00:00,0.805150292425077,3.29276800164221,0.000000000000000E+000,2.33650166470837,0.000000000000000E+000,6.433156572172279E-002,6.433156572172279E-002,6.433156572172279E-002,0.100296023561355,2.185194812279451E-002,0.330413698414181,0.271145042915422,0.937590486277167 
 09/26  10:00:00,0.814163522657158,3.71039432368781,0.000000000000000E+000,2.86061704614692,0.000000000000000E+000,7.876218377608105E-002,7.876218377608105E-002,7.876218377608105E-002,7.750145831318095E-002,1.688559130958724E-002,0.346380350176442,0.277521925392267,0.830662201798227 
 09/26  11:00:00,0.808386475648605,2.88486232214515,0.000000000000000E+000,2.13069737819321,0.000000000000000E+000,5.866509769230005E-002,5.866509769230005E-002,5.866509769230005E-002,7.750145831318095E-002,1.688559130958724E-002,0.360615364151980,0.277606950491958,0.735044011874797 
 09/26  12:00:00,0.783225861726316,2.45193653886679,0.000000000000000E+000,1.77195384236224,0.000000000000000E+000,4.878770975753324E-002,4.878770975753324E-002,4.878770975753324E-002,7.750145831318095E-002,1.688559130958724E-002,0.350008518647474,0.272930570008939,0.661183862823800 
 09/26  13:00:00,0.751150988122632,2.02690789033957,0.000000000000000E+000,1.38957958545363,0.000000000000000E+000,3.825969044979565E-002,3.825969044979565E-002,3.825969044979565E-002,7.750145831318095E-002,1.688559130958724E-002,0.319023878285798,0.282368356074668,0.617879418077900 
 09/26  14:00:00,0.734040309702875,1.68612597390680,0.000000000000000E+000,1.09117810741758,0.000000000000000E+000,3.004371757646539E-002,3.004371757646539E-002,3.004371757646539E-002,7.750145831318095E-002,1.688559130958724E-002,0.294229479097109,0.298268049716935,0.574403845133422 
 09/26  15:00:00,0.750466801506116,1.44087844479534,0.000000000000000E+000,0.838754722443772,0.000000000000000E+000,2.309367263302655E-002,2.309367263302655E-002,2.309367263302655E-002,7.750145831318095E-002,1.688559130958724E-002,0.301026121403993,0.314847944156729,0.580437715772184 
 09/26  16:00:00,0.851863589845232,1.17618495648019,0.000000000000000E+000,0.516937111753484,0.000000000000000E+000,1.423297671089712E-002,1.423297671089712E-002,1.423297671089712E-002,8.661930447474814E-002,1.887213949869952E-002,0.342617218823578,0.372409936647711,0.633597099704371 
 09/26  17:00:00,1.05064559142983,1.02223768198331,0.000000000000000E+000,0.243567065527149,0.000000000000000E+000,6.706201378017255E-003,6.706201378017255E-003,6.706201378017255E-003,0.127649461734568,2.781156537098450E-002,0.418947793799472,0.452418555457185,0.747509060688162 
 09/26  18:00:00,1.20909939458911,0.887149053637053,0.000000000000000E+000,0.000000000000000E+000,0.000000000000000E+000,0.000000000000000E+000,0.000000000000000E+000,0.000000000000000E+000,0.237063298020327,5.165005257650900E-002,0.382084005386279,0.491190000916397,0.853317009346175 
 09/26  19:00:00,1.36630624666115,0.906400536811972,0.000000000000000E+000,0.000000000000000E+000,0.000000000000000E+000,0.000000000000000E+000,0.000000000000000E+000,0.000000000000000E+000,0.433096355187926,9.436066106796846E-002,0.314732547256681,0.507004669458972,0.871479214307816 
 09/26  20:00:00,1.61360891261329,0.912802076091249,0.000000000000000E+000,6.702311042539155E-002,0.000000000000000E+000,1.845366386136731E-003,1.845366386136731E-003,1.845366386136731E-003,0.647365121397244,0.141044365937652,0.281807230306979,0.524434814895680,0.809657094593305 
 09/26  21:00:00,1.53773818972139,1.07982809751086,0.000000000000000E+000,0.310617004013171,0.000000000000000E+000,8.552306428787447E-003,8.552306428787447E-003,8.552306428787447E-003,0.601776057775222,0.131111652311238,0.266994958976403,0.512191200540138,0.733932534590258 
 09/26  22:00:00,1.24332738954933,1.25575952382463,0.000000000000000E+000,0.611704974703755,0.000000000000000E+000,1.684224726943259E-002,1.684224726943259E-002,1.684224726943259E-002,0.451331980636735,9.833373923342846E-002,0.216471564029606,0.443235844690528,0.613525477476706 
 09/26  23:00:00,0.959283320323862,1.48912535295960,0.000000000000000E+000,0.979105777043734,0.000000000000000E+000,2.695799818840229E-002,2.695799818840229E-002,2.695799818840229E-002,0.314564789770669,6.853563477971396E-002,0.146949182294076,0.385163701601401,0.483490380721528 
 09/26  24:00:00,0.664470407156050,1.69360238353752,0.000000000000000E+000,1.32664723190843,0.000000000000000E+000,3.652695603780423E-002,3.652695603780423E-002,3.652695603780423E-002,0.159561806269983,3.476445216053948E-002,9.791613045497836E-002,0.318589048543143,0.345011466332580 
 09/27  01:00:00,0.556248918145915,1.96202014107617,0.000000000000000E+000,1.66024766618327,0.000000000000000E+000,4.571207179719096E-002,4.571207179719096E-002,4.571207179719096E-002,9.573711719915248E-002,2.085867858142951E-002,8.349244294370009E-002,0.293336593934840,0.281568120936950 
 09/27  02:00:00,0.507852771129559,2.15039269628767,0.000000000000000E+000,1.86646932481387,0.000000000000000E+000,5.139003145192671E-002,5.139003145192671E-002,5.139003145192671E-002,6.382473086728384E-002,1.390578086421579E-002,7.168462430934135E-002,0.289935589947189,0.263953270897057 
 09/27  03:00:00,0.500792433267382,2.31855052859130,0.000000000000000E+000,2.03028339125175,0.000000000000000E+000,5.590037079401586E-002,5.590037079401586E-002,5.590037079401586E-002,6.382473086728384E-002,1.390578086421579E-002,6.419515189025571E-002,0.285854385162011,0.268578140817844 
 09/27  04:00:00,0.502371082719886,2.47804540942161,0.000000000000000E+000,2.14054784574559,0.000000000000000E+000,5.893631342062913E-002,5.893631342062913E-002,5.893631342062913E-002,6.382473086728384E-002,1.390578086421579E-002,7.353604637693699E-002,0.275056197501220,0.318552321633265 
 09/27  05:00:00,0.552037623882882,2.71500388418579,0.000000000000000E+000,2.15517718793783,0.000000000000000E+000,5.933910726534172E-002,5.933910726534172E-002,5.933910726534172E-002,6.838363722948601E-002,1.489905222685725E-002,8.536320358615601E-002,0.306940609885441,0.538685328775210 
 09/27  06:00:00,0.718397934498210,2.99243528002550,0.000000000000000E+000,2.01866068158976,0.000000000000000E+000,5.558035941898558E-002,5.558035941898558E-002,5.558035941898558E-002,0.127649461734568,2.781156537098450E-002,0.135604843471835,0.354639690812237,0.949347827319721 
 09/27  07:00:00,0.971713422499383,3.25191474401052,0.000000000000000E+000,2.16447400340845,0.000000000000000E+000,5.959507913323488E-002,5.959507913323488E-002,5.959507913323488E-002,0.241622204382529,5.264332211787399E-002,0.208909549344490,0.376831241831655,1.06148546618677 
 09/27  08:00:00,0.904131030405154,3.03795915049493,0.000000000000000E+000,1.98496322454495,0.000000000000000E+000,5.465255773783260E-002,5.465255773783260E-002,5.465255773783260E-002,0.200592047122709,4.370389624558903E-002,0.269481467066278,0.318589048543143,1.03105224065347 
 09/27  09:00:00,0.794789685057289,2.91893130472601,0.000000000000000E+000,1.96020775532437,0.000000000000000E+000,5.397095835393687E-002,5.397095835393687E-002,5.397095835393687E-002,0.100296023561355,2.185194812279451E-002,0.330413698414181,0.271145042915422,0.940047698744960 
 09/27  10:00:00,0.797525013970304,3.10826812605665,0.000000000000000E+000,2.25631179088136,0.000000000000000E+000,6.212367508922753E-002,6.212367508922753E-002,6.212367508922753E-002,7.750145831318095E-002,1.688559130958724E-002,0.346380350176442,0.277521925392267,0.832841259432619 
 09/27  11:00:00,0.787947680940313,2.14461924320411,0.000000000000000E+000,1.38836696349238,0.000000000000000E+000,3.822630298400681E-002,3.822630298400681E-002,3.822630298400681E-002,7.750145831318095E-002,1.688559130958724E-002,0.360615364151980,0.277606950491958,0.737131347634581 
 09/27  12:00:00,0.760720926554199,1.63662023362147,0.000000000000000E+000,0.954581874124119,0.000000000000000E+000,2.628277458541668E-002,2.628277458541668E-002,2.628277458541668E-002,7.750145831318095E-002,1.688559130958724E-002,0.350008518647474,0.272930570008939,0.663239525816599 
 09/27  13:00:00,0.724273987010793,1.05270476058335,0.000000000000000E+000,0.413415596039448,0.000000000000000E+000,1.138268933795791E-002,1.138268933795791E-002,1.138268933795791E-002,7.750145831318095E-002,1.688559130958724E-002,0.319023878285798,0.282368356074668,0.619840277735870 
 09/27  14:00:00,0.703996592126409,0.596941997088505,0.000000000000000E+000,0.000000000000000E+000,0.000000000000000E+000,0.000000000000000E+000,0.000000000000000E+000,0.000000000000000E+000,7.750145831318095E-002,1.688559130958724E-002,0.294229479097109,0.298268049716935,0.576397975732714 
 09/27  15:00:00,0.727373128873090,0.604267213364253,0.000000000000000E+000,0.000000000000000E+000,0.000000000000000E+000,0.000000000000000E+000,0.000000000000000E+000,0.000000000000000E+000,7.750145831318095E-002,1.688559130958724E-002,0.301026121403993,0.314847944156729,0.582581206784865 
 09/27  16:00:00,0.837630613134335,0.661333541481840,0.000000000000000E+000,0.000000000000000E+000,0.000000000000000E+000,0.000000000000000E+000,0.000000000000000E+000,0.000000000000000E+000,8.661930447474814E-002,1.887213949869952E-002,0.342617218823578,0.372409936647711,0.635682796459503 
 09/27  17:00:00,1.04393939005181,0.780943287943067,0.000000000000000E+000,0.000000000000000E+000,0.000000000000000E+000,0.000000000000000E+000,0.000000000000000E+000,0.000000000000000E+000,0.127649461734568,2.781156537098450E-002,0.418947793799472,0.452418555457185,0.749781732175061 
 09/27  18:00:00,1.20909939458911,0.889218959102531,0.000000000000000E+000,0.000000000000000E+000,0.000000000000000E+000,0.000000000000000E+000,0.000000000000000E+000,0.000000000000000E+000,0.237063298020327,5.165005257650900E-002,0.382084005386279,0.491190000916397,0.855386914811651 
 09/27  19:00:00,1.36630624666115,0.908293153101277,0.000000000000000E+000,0.000000000000000E+000,0.000000000000000E+000,0.000000000000000E+000,0.000000000000000E+000,0.000000000000000E+000,0.433096355187926,9.436066106796846E-002,0.314732547256681,0.507004669458972,0.873371830597119 
 09/27  20:00:00,1.61176354622716,0.847540274688163,0.000000000000000E+000,0.000000000000000E+000,0.000000000000000E+000,0.000000000000000E+000,0.000000000000000E+000,0.000000000000000E+000,0.647365121397244,0.141044365937652,0.281807230306979,0.524434814895680,0.811418403615609 
 09/27  21:00:00,1.52969084593795,0.789488091287254,0.000000000000000E+000,1.834007999400167E-002,0.000000000000000E+000,5.049626453499792E-004,5.049626453499792E-004,5.049626453499792E-004,0.601776057775222,0.131111652311238,0.266994958976403,0.512191200540138,0.735869452385816 
 09/27  22:00:00,1.23673932079436,1.01837366285550,0.000000000000000E+000,0.372428447846273,0.000000000000000E+000,1.025417851446389E-002,1.025417851446389E-002,1.025417851446389E-002,0.451331980636735,9.833373923342846E-002,0.216471564029606,0.443235844690528,0.615416143365057 
 09/27  23:00:00,0.955957912244440,1.36992225815504,0.000000000000000E+000,0.858328030905664,0.000000000000000E+000,2.363259010898093E-002,2.363259010898093E-002,2.363259010898093E-002,0.314564789770669,6.853563477971396E-002,0.146949182294076,0.385163701601401,0.485065032055040 
 09/27  24:00:00,0.667333337197137,1.79889351005799,0.000000000000000E+000,1.43062792524151,0.000000000000000E+000,3.938988607889282E-002,3.938988607889282E-002,3.938988607889282E-002,0.159561806269983,3.476445216053948E-002,9.791613045497836E-002,0.318589048543143,0.346321899519978 
 09/28  01:00:00,0.562001069580643,2.17208719764995,0.000000000000000E+000,1.86916394627255,0.000000000000000E+000,5.146422323192092E-002,5.146422323192092E-002,5.146422323192092E-002,9.573711719915248E-002,2.085867858142951E-002,8.349244294370009E-002,0.293336593934840,0.282718897421451 
 09/28  02:00:00,0.515689539433538,2.43605272711046,0.000000000000000E+000,2.15109821551102,0.000000000000000E+000,5.922679975590773E-002,5.922679975590773E-002,5.922679975590773E-002,6.382473086728384E-002,1.390578086421579E-002,7.168462430934135E-002,0.289935589947189,0.264984411022687 
 09/28  03:00:00,0.508532836577766,2.60006273260324,0.000000000000000E+000,2.31141233654219,0.000000000000000E+000,6.364077410440189E-002,6.364077410440189E-002,6.364077410440189E-002,6.382473086728384E-002,1.390578086421579E-002,6.419515189025571E-002,0.285854385162011,0.268961399539342 
 09/28  04:00:00,0.510340336943035,2.76777627984494,0.000000000000000E+000,2.42998858218613,0.000000000000000E+000,6.690556764377657E-002,6.690556764377657E-002,6.690556764377657E-002,6.382473086728384E-002,1.390578086421579E-002,7.353604637693699E-002,0.275056197501220,0.318842455616063 
 09/28  05:00:00,0.560307930934214,3.01624896219752,0.000000000000000E+000,2.45555206574932,0.000000000000000E+000,6.760941431667263E-002,6.760941431667263E-002,6.760941431667263E-002,6.838363722948601E-002,1.489905222685725E-002,8.536320358615601E-002,0.306940609885441,0.539555528975453 
 09/28  06:00:00,0.726734471999699,3.29718166030458,0.000000000000000E+000,2.32144102793460,0.000000000000000E+000,6.391689692047274E-002,6.391689692047274E-002,6.391689692047274E-002,0.127649461734568,2.781156537098450E-002,0.135604843471835,0.354639690812237,0.951313861253958 
 09/28  07:00:00,0.970958162873692,3.22672833613930,0.000000000000000E+000,2.13704321802471,0.000000000000000E+000,5.883981950754461E-002,5.883981950754461E-002,5.883981950754461E-002,0.241622204382529,5.264332211787399E-002,0.208909549344490,0.376831241831655,1.06372984369930 
 09/28  08:00:00,0.906395758486291,3.12243698220928,0.000000000000000E+000,2.06721741612765,0.000000000000000E+000,5.691728581897000E-002,5.691728581897000E-002,5.691728581897000E-002,0.200592047122709,4.370389624558903E-002,0.269481467066278,0.318589048543143,1.03327588078512 
 09/28  09:00:00,0.794530421659704,2.91146414902251,0.000000000000000E+000,1.95079139255967,0.000000000000000E+000,5.371169495635159E-002,5.371169495635159E-002,5.371169495635159E-002,0.100296023561355,2.185194812279451E-002,0.330413698414181,0.271145042915422,0.941996905806155 
 09/28  10:00:00,0.782805653455374,2.57517439316762,0.000000000000000E+000,1.72170937664280,0.000000000000000E+000,4.740431457429604E-002,4.740431457429604E-002,4.740431457429604E-002,7.750145831318095E-002,1.688559130958724E-002,0.346380350176442,0.277521925392267,0.834349940782152 
 09/28  11:00:00,0.771776068318413,1.55875521115077,0.000000000000000E+000,0.801019222330112,0.000000000000000E+000,2.205469036210789E-002,2.205469036210789E-002,2.205469036210789E-002,7.750145831318095E-002,1.688559130958724E-002,0.360615364151980,0.277606950491958,0.738615056743506 
 09/28  12:00:00,0.739258687759283,0.858405710525341,0.000000000000000E+000,0.175080301138797,0.000000000000000E+000,4.820535790499992E-003,4.820535790499992E-003,4.820535790499992E-003,7.750145831318095E-002,1.688559130958724E-002,0.350008518647474,0.272930570008939,0.664526575705791 
 09/28  13:00:00,0.712891297672837,0.640517644680414,0.000000000000000E+000,0.000000000000000E+000,0.000000000000000E+000,0.000000000000000E+000,0.000000000000000E+000,0.000000000000000E+000,7.750145831318095E-002,1.688559130958724E-002,0.319023878285798,0.282368356074668,0.621068757872381 
 09/28  14:00:00,0.703996592126409,0.597720877647567,0.000000000000000E+000,0.000000000000000E+000,0.000000000000000E+000,0.000000000000000E+000,0.000000000000000E+000,0.000000000000000E+000,7.750145831318095E-002,1.688559130958724E-002,0.294229479097109,0.298268049716935,0.577176856291777 
 09/28  15:00:00,0.727373128873090,0.604465527367021,0.000000000000000E+000,0.000000000000000E+000,0.000000000000000E+000,0.000000000000000E+000,0.000000000000000E+000,0.000000000000000E+000,7.750145831318095E-002,1.688559130958724E-002,0.301026121403993,0.314847944156729,0.582779520787633 
 09/28  16:00:00,0.837630613134335,0.661381381686668,0.000000000000000E+000,0.000000000000000E+000,0.000000000000000E+000,0.000000000000000E+000,0.000000000000000E+000,0.000000000000000E+000,8.661930447474814E-002,1.887213949869952E-002,0.342617218823578,0.372409936647711,0.635730636664330 
 09/28  17:00:00,1.04393939005181,0.781255392928803,0.000000000000000E+000,0.000000000000000E+000,0.000000000000000E+000,0.000000000000000E+000,0.000000000000000E+000,0.000000000000000E+000,0.127649461734568,2.781156537098450E-002,0.418947793799472,0.452418555457185,0.750093837160798 
 09/28  18:00:00,1.20909939458911,0.890071494387809,0.000000000000000E+000,0.000000000000000E+000,0.000000000000000E+000,0.000000000000000E+000,0.000000000000000E+000,0.000000000000000E+000,0.237063298020327,5.165005257650900E-002,0.382084005386279,0.491190000916397,0.856239450096931 
 09/28  19:00:00,1.36630624666115,0.909016578427881,0.000000000000000E+000,0.000000000000000E+000,0.000000000000000E+000,0.000000000000000E+000,0.000000000000000E+000,0.000000000000000E+000,0.433096355187926,9.436066106796846E-002,0.314732547256681,0.507004669458972,0.874095255923726 
 09/28  20:00:00,1.61176354622716,0.847882601718575,0.000000000000000E+000,0.000000000000000E+000,0.000000000000000E+000,0.000000000000000E+000,0.000000000000000E+000,0.000000000000000E+000,0.647365121397244,0.141044365937652,0.281807230306979,0.524434814895680,0.811760730646023 
 09/28  21:00:00,1.52918588329260,0.771197995480019,0.000000000000000E+000,0.000000000000000E+000,0.000000000000000E+000,0.000000000000000E+000,0.000000000000000E+000,0.000000000000000E+000,0.601776057775222,0.131111652311238,0.266994958976403,0.512191200540138,0.735919436572587 
 09/28  22:00:00,1.22648514227990,0.645728676020000,0.000000000000000E+000,0.000000000000000E+000,0.000000000000000E+000,0.000000000000000E+000,0.000000000000000E+000,0.000000000000000E+000,0.451331980636735,9.833373923342846E-002,0.216471564029606,0.443235844690528,0.615199604375831 
 09/28  23:00:00,0.932325322135461,0.511232268270799,0.000000000000000E+000,0.000000000000000E+000,0.000000000000000E+000,0.000000000000000E+000,0.000000000000000E+000,0.000000000000000E+000,0.314564789770669,6.853563477971396E-002,0.146949182294076,0.385163701601401,0.484703073076462 
 09/28  24:00:00,0.627943451118245,0.367883644382308,0.000000000000000E+000,0.000000000000000E+000,0.000000000000000E+000,0.000000000000000E+000,0.000000000000000E+000,0.000000000000000E+000,0.159561806269983,3.476445216053948E-002,9.791613045497836E-002,0.318589048543143,0.345939959085801 
 09/29  01:00:00,0.517650415786235,0.561466189830654,0.000000000000000E+000,0.258362541721167,0.000000000000000E+000,7.113569437512525E-003,7.113569437512525E-003,7.113569437512525E-003,9.573711719915248E-002,2.085867858142951E-002,8.349244294370009E-002,0.293336593934840,0.282899294153535 
 09/29  02:00:00,0.476609300214566,1.01767126373137,0.000000000000000E+000,0.731716564094183,0.000000000000000E+000,2.014656053693559E-002,2.014656053693559E-002,2.014656053693559E-002,6.382473086728384E-002,1.390578086421579E-002,7.168462430934135E-002,0.289935589947189,0.265984599060429 
 09/29  03:00:00,0.478481764973081,1.51042644853598,0.000000000000000E+000,1.21996713319761,0.000000000000000E+000,3.358970249971522E-002,3.358970249971522E-002,3.358970249971522E-002,6.382473086728384E-002,1.390578086421579E-002,6.419515189025571E-002,0.285854385162011,0.270770318816660 
 09/29  04:00:00,0.489315899515601,2.00608742953240,0.000000000000000E+000,1.66638781330000,0.000000000000000E+000,4.588113021634286E-002,4.588113021634286E-002,4.588113021634286E-002,6.382473086728384E-002,1.390578086421579E-002,7.353604637693699E-002,0.275056197501220,0.320754374189644 
 09/29  05:00:00,0.548353441495483,2.58411568535614,0.000000000000000E+000,2.02136887494752,0.000000000000000E+000,5.565492487794206E-002,5.565492487794206E-002,5.565492487794206E-002,6.838363722948601E-002,1.489905222685725E-002,8.536320358615601E-002,0.306940609885441,0.541605442935874 
 09/29  06:00:00,0.734204478287271,3.57134372283039,0.000000000000000E+000,2.59274924079224,0.000000000000000E+000,7.138690320804493E-002,7.138690320804493E-002,7.138690320804493E-002,0.127649461734568,2.781156537098450E-002,0.135604843471835,0.354639690812237,0.954167710922116 
 09/29  07:00:00,0.982863144050669,3.66223810886587,0.000000000000000E+000,2.56942828476862,0.000000000000000E+000,7.074480068452110E-002,7.074480068452110E-002,7.074480068452110E-002,0.241622204382529,5.264332211787399E-002,0.208909549344490,0.376831241831655,1.06685454968194 
 09/29  08:00:00,0.909396944142398,3.23344482457215,0.000000000000000E+000,2.17621950869178,0.000000000000000E+000,5.991847147507771E-002,5.991847147507771E-002,5.991847147507771E-002,0.200592047122709,4.370389624558903E-002,0.269481467066278,0.318589048543143,1.03528163058387 
 09/29  09:00:00,0.793195120929609,2.86480795425672,0.000000000000000E+000,1.90229370182648,0.000000000000000E+000,5.237639422625602E-002,5.237639422625602E-002,5.237639422625602E-002,0.100296023561355,2.185194812279451E-002,0.330413698414181,0.271145042915422,0.943838401773562 
 09/29  10:00:00,0.784615983298626,2.64272667785989,0.000000000000000E+000,1.78745997116012,0.000000000000000E+000,4.921464441754987E-002,4.921464441754987E-002,4.921464441754987E-002,7.750145831318095E-002,1.688559130958724E-002,0.346380350176442,0.277521925392267,0.836151630957086 
 09/29  11:00:00,0.772809302542709,1.59775163817777,0.000000000000000E+000,0.838545955249108,0.000000000000000E+000,2.308792458640328E-002,2.308792458640328E-002,2.308792458640328E-002,7.750145831318095E-002,1.688559130958724E-002,0.360615364151980,0.277606950491958,0.740084750851510 
 09/29  12:00:00,0.739819012112492,0.880049406226173,0.000000000000000E+000,0.195431100460417,0.000000000000000E+000,5.380860143708504E-003,5.380860143708504E-003,5.380860143708504E-003,7.750145831318095E-002,1.688559130958724E-002,0.350008518647474,0.272930570008939,0.665819472085001 
 09/29  13:00:00,0.712891297672837,0.641872933161533,0.000000000000000E+000,0.000000000000000E+000,0.000000000000000E+000,0.000000000000000E+000,0.000000000000000E+000,0.000000000000000E+000,7.750145831318095E-002,1.688559130958724E-002,0.319023878285798,0.282368356074668,0.622424046353500 
 09/29  14:00:00,0.703996592126409,0.599091363939013,0.000000000000000E+000,0.000000000000000E+000,0.000000000000000E+000,0.000000000000000E+000,0.000000000000000E+000,0.000000000000000E+000,7.750145831318095E-002,1.688559130958724E-002,0.294229479097109,0.298268049716935,0.578547342583223 
 09/29  15:00:00,0.727373128873090,0.606066893122554,0.000000000000000E+000,0.000000000000000E+000,0.000000000000000E+000,0.000000000000000E+000,0.000000000000000E+000,0.000000000000000E+000,7.750145831318095E-002,1.688559130958724E-002,0.301026121403993,0.314847944156729,0.584380886543169 
 09/29  16:00:00,0.837630613134335,0.663668063111253,0.000000000000000E+000,0.000000000000000E+000,0.000000000000000E+000,0.000000000000000E+000,0.000000000000000E+000,0.000000000000000E+000,8.661930447474814E-002,1.887213949869952E-002,0.342617218823578,0.372409936647711,0.638017318088915 
 09/29  17:00:00,1.04393939005181,0.784260910403865,0.000000000000000E+000,0.000000000000000E+000,0.000000000000000E+000,0.000000000000000E+000,0.000000000000000E+000,0.000000000000000E+000,0.127649461734568,2.781156537098450E-002,0.418947793799472,0.452418555457185,0.753099354635860 
 09/29  18:00:00,1.20909939458911,0.893570287847031,0.000000000000000E+000,0.000000000000000E+000,0.000000000000000E+000,0.000000000000000E+000,0.000000000000000E+000,0.000000000000000E+000,0.237063298020327,5.165005257650900E-002,0.382084005386279,0.491190000916397,0.859738243556153 
 09/29  19:00:00,1.36630624666115,0.912604941829364,0.000000000000000E+000,0.000000000000000E+000,0.000000000000000E+000,0.000000000000000E+000,0.000000000000000E+000,0.000000000000000E+000,0.433096355187926,9.436066106796846E-002,0.314732547256681,0.507004669458972,0.877683619325209 
 09/29  20:00:00,1.61422891381246,0.940793161605610,0.000000000000000E+000,8.954135349501577E-002,0.000000000000000E+000,2.465367585302179E-003,2.465367585302179E-003,2.465367585302179E-003,0.647365121397244,0.141044365937652,0.281807230306979,0.524434814895680,0.815129937038042 
 09/29  21:00:00,1.54536937620311,1.36201629795513,0.000000000000000E+000,0.587779229402980,0.000000000000000E+000,1.618349291050936E-002,1.618349291050936E-002,1.618349291050936E-002,0.601776057775222,0.131111652311238,0.266994958976403,0.512191200540138,0.738958509644715 
 09/29  22:00:00,1.25682223124977,1.74992529204855,0.000000000000000E+000,1.10183326156146,0.000000000000000E+000,3.033708896987621E-002,3.033708896987621E-002,3.033708896987621E-002,0.451331980636735,9.833373923342846E-002,0.216471564029606,0.443235844690528,0.617562958842914 
 09/29  23:00:00,0.978244812330015,2.18067616754871,0.000000000000000E+000,1.66778103530459,0.000000000000000E+000,4.591949019455610E-002,4.591949019455610E-002,4.591949019455610E-002,0.314564789770669,6.853563477971396E-002,0.146949182294076,0.385163701601401,0.486365937049780 
 09/29  24:00:00,0.688797884068800,2.57898259808460,0.000000000000000E+000,2.21021332682790,0.000000000000000E+000,6.085443295055519E-002,6.085443295055519E-002,6.085443295055519E-002,0.159561806269983,3.476445216053948E-002,9.791613045497836E-002,0.318589048543143,0.346825585960194 
 09/30  01:00:00,0.585471981211846,2.88758976492430,0.000000000000000E+000,2.57826511435841,0.000000000000000E+000,7.098810763016289E-002,7.098810763016289E-002,7.098810763016289E-002,9.573711719915248E-002,2.085867858142951E-002,8.743947017666101E-002,0.293336593934840,0.289120296609936 
 09/30  02:00:00,0.537044836573370,3.12139637119910,0.000000000000000E+000,2.83187629098794,0.000000000000000E+000,7.797085637951687E-002,7.797085637951687E-002,7.797085637951687E-002,6.382473086728384E-002,1.390578086421579E-002,7.429586482556264E-002,0.289935589947189,0.269549979634409 
 09/30  03:00:00,0.528258301497100,3.27216069668316,0.000000000000000E+000,2.97824376629005,0.000000000000000E+000,8.200083375943730E-002,8.200083375943730E-002,8.200083375943730E-002,6.382473086728384E-002,1.390578086421579E-002,6.556055715455404E-002,0.285854385162011,0.274227933871382 
 09/30  04:00:00,0.530968364749799,3.43095589629722,0.000000000000000E+000,3.08217629601334,0.000000000000000E+000,8.486243769814139E-002,8.486243769814139E-002,8.486243769814139E-002,6.382473086728384E-002,1.390578086421579E-002,7.620720412933703E-002,0.275056197501220,0.329834358241106 
 09/30  05:00:00,0.581823534998800,3.68059684268317,0.000000000000000E+000,3.08820117851177,0.000000000000000E+000,8.502832250373220E-002,8.502832250373220E-002,8.502832250373220E-002,6.838363722948601E-002,1.489905222685725E-002,8.945989946368259E-002,0.306940609885441,0.571254296698655 
 09/30  06:00:00,0.754205844025726,3.98161606240436,0.000000000000000E+000,2.93327690015781,0.000000000000000E+000,8.076274822858578E-002,8.076274822858578E-002,8.076274822858578E-002,0.127649461734568,2.781156537098450E-002,0.146230364189749,0.354639690812237,1.02391239113050 
 09/30  07:00:00,1.01130107131791,4.01137267894688,0.000000000000000E+000,2.83371017038121,0.000000000000000E+000,7.802134910310268E-002,7.802134910310268E-002,7.802134910310268E-002,0.241622204382529,5.264332211787399E-002,0.230070928193149,0.376831241831655,1.15170723415038 
 09/30  08:00:00,0.961216557586187,4.02689898095533,0.000000000000000E+000,2.88017789059636,0.000000000000000E+000,7.930075807683098E-002,7.930075807683098E-002,7.930075807683098E-002,0.200592047122709,4.370389624558903E-002,0.301918793908311,0.318589048543143,1.12477740506248 
 09/30  09:00:00,0.863344918785063,3.85932848115470,0.000000000000000E+000,2.81459688562998,0.000000000000000E+000,7.749509759097931E-002,7.749509759097931E-002,7.749509759097931E-002,0.100296023561355,2.185194812279451E-002,0.375444792904911,0.271145042915422,1.02605574486806 
 09/30  10:00:00,0.864291145155771,3.75767885084681,0.000000000000000E+000,2.83197362310492,0.000000000000000E+000,7.797353625241159E-002,7.797353625241159E-002,7.797353625241159E-002,7.750145831318095E-002,1.688559130958724E-002,0.397296620198725,0.277521925392267,0.906590151999225 
 09/30  11:00:00,0.857649304427050,2.83119579865644,0.000000000000000E+000,2.01353109173542,0.000000000000000E+000,5.543912496072476E-002,5.543912496072476E-002,5.543912496072476E-002,7.750145831318095E-002,1.688559130958724E-002,0.413104165661999,0.277606950491958,0.798543774843862 
 09/30  12:00:00,0.832706127213983,2.56730899618268,0.000000000000000E+000,1.83259757454152,0.000000000000000E+000,5.045743090570493E-002,5.045743090570493E-002,5.045743090570493E-002,7.750145831318095E-002,1.688559130958724E-002,0.397819062986971,0.272930570008939,0.715912587960404 
 09/30  13:00:00,0.797753868000017,2.18430916496365,0.000000000000000E+000,1.49907660029972,0.000000000000000E+000,4.127450294203621E-002,4.127450294203621E-002,4.127450294203621E-002,7.750145831318095E-002,1.688559130958724E-002,0.362611945670944,0.282368356074668,0.665783677855894 
 09/30  14:00:00,0.778401142985344,1.91973607455386,0.000000000000000E+000,1.28131996113275,0.000000000000000E+000,3.527894738326894E-002,3.527894738326894E-002,3.527894738326894E-002,7.750145831318095E-002,1.688559130958724E-002,0.333355082572772,0.298268049716935,0.617872092065317 
 09/30  15:00:00,0.789646056229692,1.56112573753897,0.000000000000000E+000,0.915761597508942,0.000000000000000E+000,2.521392485415983E-002,2.521392485415983E-002,2.521392485415983E-002,7.750145831318095E-002,1.688559130958724E-002,0.338085123906433,0.314847944156729,0.623678133450641 
 09/30  16:00:00,0.895014225782788,1.49130690018667,0.000000000000000E+000,0.779625999529587,0.000000000000000E+000,2.146566466639402E-002,2.146566466639402E-002,2.146566466639402E-002,8.661930447474814E-002,1.887213949869952E-002,0.378535166805636,0.372409936647711,0.686030155634746 
 09/30  17:00:00,1.11053323261874,1.97713007304484,0.000000000000000E+000,1.13469512703019,0.000000000000000E+000,3.124188407020532E-002,3.124188407020532E-002,3.124188407020532E-002,0.127649461734568,2.781156537098450E-002,0.454299752296194,0.452418555457185,0.811273390246651 
 09/30  18:00:00,1.26319820542429,1.68732961116397,0.000000000000000E+000,0.718710753402707,0.000000000000000E+000,1.978846784738150E-002,1.978846784738150E-002,1.978846784738150E-002,0.237063298020327,5.165005257650900E-002,0.416394348374079,0.491190000916397,0.934786813470386 
 09/30  19:00:00,1.42394203534504,1.84654056939559,0.000000000000000E+000,0.849553813939607,0.000000000000000E+000,2.339100709453907E-002,2.339100709453907E-002,2.339100709453907E-002,0.433096355187926,9.436066106796846E-002,0.348977328846029,0.507004669458972,0.962065432951828 
 09/30  20:00:00,1.67559556085845,1.98416720775720,0.000000000000000E+000,1.05242133845244,0.000000000000000E+000,2.897661641942237E-002,2.897661641942237E-002,2.897661641942237E-002,0.647365121397244,0.141044365937652,0.316662628518856,0.524434814895680,0.895623998232212 
 09/30  21:00:00,1.60271176659487,2.21862016594958,0.000000000000000E+000,1.37720572218069,0.000000000000000E+000,3.791899734848166E-002,3.791899734848166E-002,3.791899734848166E-002,0.601776057775222,0.131111652311238,0.302601844930188,0.512191200540138,0.806135884861456 
 09/30  22:00:00,1.30351500804393,2.47085040530315,0.000000000000000E+000,1.77009868585795,0.000000000000000E+000,4.873663120519044E-002,4.873663120519044E-002,4.873663120519044E-002,0.451331980636735,9.833373923342846E-002,0.244764798588447,0.443235844690528,0.670222647801036 
 09/30  23:00:00,1.00745525648138,2.71006848151444,0.000000000000000E+000,2.16447391075850,0.000000000000000E+000,5.959507658227757E-002,5.959507658227757E-002,5.959507658227757E-002,0.314564789770669,6.853563477971396E-002,0.162484040057721,0.385163701601401,0.519065375561607 
 09/30  24:00:00,0.704375788530238,2.91766615994859,0.000000000000000E+000,2.53724354490276,0.000000000000000E+000,6.985864907624677E-002,6.985864907624677E-002,6.985864907624677E-002,0.159561806269983,3.476445216053948E-002,0.104489818790726,0.318589048543143,0.358478929749323 
 10/01  01:00:00,0.612449633687104,2.92975903419516,0.000000000000000E+000,2.61932609549875,0.000000000000000E+000,7.211865131721740E-002,7.211865131721740E-002,7.211865131721740E-002,9.822166557726959E-002,2.139999836998500E-002,8.089405516241929E-002,0.322703249570613,0.288205876639131 
 10/01  02:00:00,0.556015504072406,2.94989259629086,0.000000000000000E+000,2.65886734635537,0.000000000000000E+000,7.320735183758240E-002,7.320735183758240E-002,7.320735183758240E-002,6.548110759841612E-002,1.426666497289785E-002,6.698660335484008E-002,0.318961762619070,0.269055892945542 
 10/01  03:00:00,0.541923968128147,2.91429006901869,0.000000000000000E+000,2.61849460927901,0.000000000000000E+000,7.209575777033923E-002,7.209575777033923E-002,7.209575777033923E-002,6.548110759841612E-002,1.426666497289785E-002,5.849644581967755E-002,0.314471978277217,0.274135348830545 
 10/01  04:00:00,0.538249693559735,2.84173940059523,0.000000000000000E+000,2.49088136846268,0.000000000000000E+000,6.858214606933408E-002,6.858214606933408E-002,6.858214606933408E-002,6.548110759841612E-002,1.426666497289785E-002,7.021500402342022E-002,0.302592757206068,0.330016134812174 
 10/01  05:00:00,0.589299144489150,2.90936161114204,0.000000000000000E+000,2.31397158004877,0.000000000000000E+000,6.371123848468807E-002,6.371123848468807E-002,6.371123848468807E-002,7.093786865477342E-002,1.545555417595845E-002,8.441327210734366E-002,0.337669197376786,0.572132148766667 
 10/01  06:00:00,0.788949870466400,3.14488933552021,0.000000000000000E+000,2.09186119117778,0.000000000000000E+000,5.759580989546244E-002,5.759580989546244E-002,5.759580989546244E-002,0.147332498365904,3.209999755497750E-002,0.144665999088276,0.390143551872181,1.02615594844649 
 10/01  07:00:00,1.08953061936842,2.80067070797233,0.000000000000000E+000,1.61769499215996,0.000000000000000E+000,4.454045690518674E-002,4.454045690518674E-002,4.454045690518674E-002,0.300121774506747,6.538886974280395E-002,0.232810738293084,0.414556754231002,1.15442199435211 
 10/01  08:00:00,1.03650515769119,2.52656398117563,0.000000000000000E+000,1.37480296252798,0.000000000000000E+000,3.785284148270729E-002,3.785284148270729E-002,3.785284148270729E-002,0.267381191450022,5.825554909465199E-002,0.305419771788383,0.350483790185822,1.12762049646544 
 10/01  09:00:00,0.877445875930606,1.89020569308861,0.000000000000000E+000,0.841002455995432,0.000000000000000E+000,2.315556012101242E-002,2.315556012101242E-002,2.315556012101242E-002,0.130962248633995,2.853333723090152E-002,0.379392669043303,0.298290047211791,1.02865770060023 
 10/01  10:00:00,0.849208703117333,0.947827559392274,0.000000000000000E+000,1.770908626551676E-002,0.000000000000000E+000,4.875893153296513E-004,4.875893153296513E-004,4.875893153296513E-004,0.103678443352208,2.258889121559851E-002,0.400036430298660,0.305305335245937,0.909089739632568 
 10/01  11:00:00,0.866516020614565,0.822625177712482,0.000000000000000E+000,0.000000000000000E+000,0.000000000000000E+000,0.000000000000000E+000,0.000000000000000E+000,0.000000000000000E+000,0.103678443352208,2.258889121559851E-002,0.417737799937434,0.305398872419725,0.801590001591610 
 10/01  12:00:00,0.847550642451377,0.739458344425530,0.000000000000000E+000,0.000000000000000E+000,0.000000000000000E+000,0.000000000000000E+000,0.000000000000000E+000,0.000000000000000E+000,0.103678443352208,2.258889121559851E-002,0.403916966332617,0.300254327861353,0.718777512772236 
 10/01  13:00:00,0.819884075824461,0.688947140873400,0.000000000000000E+000,0.000000000000000E+000,0.000000000000000E+000,0.000000000000000E+000,0.000000000000000E+000,0.000000000000000E+000,0.103678443352208,2.258889121559851E-002,0.365867773415168,0.310636954151884,0.667551177658262 
 10/01  14:00:00,0.807672275172548,0.641769080307123,0.000000000000000E+000,0.000000000000000E+000,0.000000000000000E+000,0.000000000000000E+000,0.000000000000000E+000,0.000000000000000E+000,0.103678443352208,2.258889121559851E-002,0.336164521264791,0.328128405650351,0.619168345902216 
 10/01  15:00:00,0.840576182456400,0.648662303640464,0.000000000000000E+000,0.000000000000000E+000,0.000000000000000E+000,0.000000000000000E+000,0.000000000000000E+000,0.000000000000000E+000,0.109135221127147,2.377776584844746E-002,0.344183027252082,0.346368154539124,0.624805257032320 
 10/01  16:00:00,0.986556220056350,0.715577136396482,0.000000000000000E+000,0.000000000000000E+000,0.000000000000000E+000,0.000000000000000E+000,0.000000000000000E+000,0.000000000000000E+000,0.136418942816027,2.972221186375047E-002,0.393610230492980,0.409692821193995,0.687358431523764 
 10/01  17:00:00,1.27127916039761,0.846493683434880,0.000000000000000E+000,0.000000000000000E+000,0.000000000000000E+000,0.000000000000000E+000,0.000000000000000E+000,0.000000000000000E+000,0.223727136436326,4.874444275527301E-002,0.483984265787358,0.497711301729051,0.812212466853204 
 10/01  18:00:00,1.52276941211152,0.973292840582494,0.000000000000000E+000,0.000000000000000E+000,0.000000000000000E+000,0.000000000000000E+000,0.000000000000000E+000,0.000000000000000E+000,0.409256912040987,8.916665380401598E-002,0.436869555600276,0.540364252976645,0.936073786233247 
 10/01  19:00:00,1.71366521555097,1.00134041524719,0.000000000000000E+000,0.000000000000000E+000,0.000000000000000E+000,0.000000000000000E+000,0.000000000000000E+000,0.000000000000000E+000,0.643897520434285,0.140288864037751,0.354604650088013,0.557762167301321,0.962923032334860 
 10/01  20:00:00,1.77395182050580,0.936130764079593,0.000000000000000E+000,0.000000000000000E+000,0.000000000000000E+000,0.000000000000000E+000,0.000000000000000E+000,0.000000000000000E+000,0.709378686547734,0.154555541759584,0.315968290580894,0.576937287927980,0.896392642697188 
 10/01  21:00:00,1.60420759051382,0.845909483397804,0.000000000000000E+000,0.000000000000000E+000,0.000000000000000E+000,0.000000000000000E+000,0.000000000000000E+000,0.000000000000000E+000,0.594786771238556,0.129588864852759,0.299252005830474,0.563467934902426,0.807099100257789 
 10/01  22:00:00,1.28904457317708,0.705046604366785,0.000000000000000E+000,0.000000000000000E+000,0.000000000000000E+000,0.000000000000000E+000,0.000000000000000E+000,0.000000000000000E+000,0.447454272872651,9.748886729778145E-002,0.239380132357161,0.487609286959884,0.671461191466904 
 10/01  23:00:00,0.976026871430539,0.549688576128565,0.000000000000000E+000,0.000000000000000E+000,0.000000000000000E+000,0.000000000000000E+000,0.000000000000000E+000,0.000000000000000E+000,0.311035246463717,6.776665543403097E-002,0.156389558580908,0.423723397262283,0.520503477253354 
 10/01  24:00:00,0.667995545994659,0.745102946243305,0.000000000000000E+000,0.360224996966767,0.000000000000000E+000,9.918177426108205E-003,9.918177426108205E-003,9.918177426108205E-003,0.158245970322875,3.447776503343996E-002,9.775782933681368E-002,0.350483790185822,0.360737427094330 
 10/02  01:00:00,0.565060444504644,1.34852851364055,0.000000000000000E+000,1.04152082098385,0.000000000000000E+000,2.867648936771786E-002,2.867648936771786E-002,2.867648936771786E-002,9.822166557726959E-002,2.139999836998500E-002,7.694702792945837E-002,0.322703249570613,0.284780630599425 
 10/02  02:00:00,0.526585433788424,1.97398199993395,0.000000000000000E+000,1.68481612134775,0.000000000000000E+000,4.638852206982214E-002,4.638852206982214E-002,4.638852206982214E-002,6.548110759841612E-002,1.426666497289785E-002,6.437536283861907E-002,0.318961762619070,0.267196521596247 
 10/02  03:00:00,0.530346606340476,2.54118035892347,0.000000000000000E+000,2.24759965049626,0.000000000000000E+000,6.188380124696723E-002,6.188380124696723E-002,6.188380124696723E-002,6.548110759841612E-002,1.426666497289785E-002,5.713104055537921E-002,0.314471978277217,0.271920597518063 
 10/02  04:00:00,0.542416708231672,3.08191858755770,0.000000000000000E+000,2.73924157971795,0.000000000000000E+000,7.542031849367209E-002,7.542031849367209E-002,7.542031849367209E-002,6.548110759841612E-002,1.426666497289785E-002,6.754384627102017E-002,0.302592757206068,0.321835110519391 
 10/02  05:00:00,0.609582121517463,3.76707313263204,0.000000000000000E+000,3.19943341655905,0.000000000000000E+000,8.809091139052717E-002,8.809091139052717E-002,8.809091139052717E-002,7.093786865477342E-002,1.545555417595845E-002,8.031657622981735E-002,0.337669197376786,0.544381833746380 
 10/02  06:00:00,0.823784644377063,4.73024616978696,0.000000000000000E+000,3.74296439201184,0.000000000000000E+000,0.103056104524039,0.103056104524039,0.103056104524039,0.147332498365904,3.209999755497750E-002,0.134040478370362,0.390143551872181,0.960409581879215 
 10/02  07:00:00,1.12393987349114,4.73844115074955,0.000000000000000E+000,3.63600241231785,0.000000000000000E+000,0.100111089876567,0.100111089876567,0.100111089876567,0.300121774506747,6.538886974280395E-002,0.211649359444424,0.414556754231002,1.07388501697147 
 10/02  08:00:00,1.07215290677495,4.91481948654380,0.000000000000000E+000,3.84763090411032,0.000000000000000E+000,0.105937917408502,0.105937917408502,0.105937917408502,0.267381191450022,5.825554909465199E-002,0.272982444946349,0.350483790185822,1.04304806025128 
 10/02  09:00:00,0.907043849254685,4.52261549673381,0.000000000000000E+000,3.55150606691647,0.000000000000000E+000,9.778462793582031E-002,9.778462793582031E-002,9.778462793582031E-002,0.130962248633995,2.853333723090152E-002,0.334361574552576,0.298290047211791,0.950563893324412 
 10/02  10:00:00,0.897011601011348,4.46613731425416,0.000000000000000E+000,3.60315734307940,0.000000000000000E+000,9.920675723162894E-002,9.920675723162894E-002,9.920675723162894E-002,0.103678443352208,2.258889121559851E-002,0.349120160276377,0.305305335245937,0.841951237680571 
 10/02  11:00:00,0.875143577851308,2.98578560665688,0.000000000000000E+000,2.21972638704960,0.000000000000000E+000,6.111635874676205E-002,6.111635874676205E-002,6.111635874676205E-002,0.103678443352208,2.258889121559851E-002,0.365248998427415,0.305398872419725,0.745024043486408 
 10/02  12:00:00,0.838850078954151,2.11160809447269,0.000000000000000E+000,1.42046185755773,0.000000000000000E+000,3.910998084226964E-002,3.910998084226964E-002,3.910998084226964E-002,0.103678443352208,2.258889121559851E-002,0.356106421993124,0.300254327861353,0.670465405261662 
 10/02  13:00:00,0.796291510759413,1.37450701907711,0.000000000000000E+000,0.726230178504884,0.000000000000000E+000,1.999550232009636E-002,1.999550232009636E-002,1.999550232009636E-002,0.103678443352208,2.258889121559851E-002,0.322279706030025,0.310636954151884,0.626880877357092 
 10/02  14:00:00,0.779687019547594,1.01059500124015,0.000000000000000E+000,0.404613831586404,0.000000000000000E+000,1.114034785071193E-002,1.114034785071193E-002,1.114034785071193E-002,0.103678443352208,2.258889121559851E-002,0.297038917789125,0.328128405650351,0.583380435248842 
 10/02  15:00:00,0.805672097904615,0.691641376507517,0.000000000000000E+000,7.826592315197677E-002,0.000000000000000E+000,2.154917950658137E-003,2.154917950658137E-003,2.154917950658137E-003,0.109135221127147,2.377776584844746E-002,0.307124024749640,0.346368154539124,0.589518406747393 
 10/02  16:00:00,0.950638272074293,0.671876188593057,0.000000000000000E+000,0.000000000000000E+000,0.000000000000000E+000,0.000000000000000E+000,0.000000000000000E+000,0.000000000000000E+000,0.136418942816027,2.972221186375047E-002,0.357692282510922,0.409692821193995,0.643657483720336 
 10/02  17:00:00,1.24703183996124,1.19708706243645,0.000000000000000E+000,0.403316863547927,0.000000000000000E+000,1.110463806035892E-002,1.110463806035892E-002,1.110463806035892E-002,0.223727136436326,4.874444275527301E-002,0.448632307290634,0.497711301729051,0.759488982306844 
 10/02  18:00:00,1.48939771142146,0.937676623819682,0.000000000000000E+000,3.409118473377013E-002,0.000000000000000E+000,9.386422977385957E-004,9.386422977385957E-004,9.386422977385957E-004,0.409256912040987,8.916665380401598E-002,0.402559212612476,0.540364252976645,0.866366384736667 
 10/02  19:00:00,1.68751643267606,1.21734478167029,0.000000000000000E+000,0.294044055380101,0.000000000000000E+000,8.095998714440346E-003,8.095998714440346E-003,8.095998714440346E-003,0.643897520434285,0.140288864037751,0.320359868498665,0.557762167301321,0.884883343377858 
 10/02  20:00:00,1.75736475453023,1.52506431525362,0.000000000000000E+000,0.663499919560636,0.000000000000000E+000,1.826833223630518E-002,1.826833223630518E-002,1.826833223630518E-002,0.709378686547734,0.154555541759584,0.281112892369017,0.576937287927980,0.821826274310580 
 10/02  21:00:00,1.60144398251348,1.97631514217016,0.000000000000000E+000,1.19285723504161,0.000000000000000E+000,3.284327795344829E-002,3.284327795344829E-002,3.284327795344829E-002,0.594786771238556,0.129588864852759,0.263645119876690,0.563467934902426,0.744647523988529 
 10/02  22:00:00,1.31601665001416,2.66313947589647,0.000000000000000E+000,2.00721823926643,0.000000000000000E+000,5.526531139592653E-002,5.526531139592653E-002,5.526531139592653E-002,0.447454272872651,9.748886729778145E-002,0.211086897798320,0.487609286959884,0.622335823730161 
 10/02  23:00:00,1.03387987885741,3.18447505278828,0.000000000000000E+000,2.66542353296277,0.000000000000000E+000,7.338786519051019E-002,7.338786519051019E-002,7.338786519051019E-002,0.311035246463717,6.776665543403097E-002,0.140854700817263,0.423723397262283,0.489866420950295 
 10/02  24:00:00,0.746315209897854,3.81638757892237,0.000000000000000E+000,3.44352409910549,0.000000000000000E+000,9.481152966505194E-002,9.481152966505194E-002,9.481152966505194E-002,0.158245970322875,3.447776503343996E-002,9.118414100106639E-002,0.350483790185822,0.348722957634646 
 10/03  01:00:00,0.648763621692999,4.38810393384328,0.000000000000000E+000,4.08159315014113,0.000000000000000E+000,0.112379666556074,0.112379666556074,0.112379666556074,9.822166557726959E-002,2.139999836998500E-002,7.694702792945837E-002,0.322703249570613,0.284283721644868 
 10/03  02:00:00,0.596331225327393,4.50638023233091,0.000000000000000E+000,4.21796071699032,0.000000000000000E+000,0.116134313608792,0.116134313608792,0.116134313608792,6.548110759841612E-002,1.426666497289785E-002,6.437536283861907E-002,0.318961762619070,0.266450158350670 
 10/03  03:00:00,0.587507456240706,4.61572524220888,0.000000000000000E+000,4.32366323529610,0.000000000000000E+000,0.119044651147194,0.119044651147194,0.119044651147194,6.548110759841612E-002,1.426666497289785E-002,5.713104055537921E-002,0.314471978277217,0.270401896003630 
 10/03  04:00:00,0.588870569579401,4.76861127246674,0.000000000000000E+000,4.42643080251111,0.000000000000000E+000,0.121874179841401,0.121874179841401,0.121874179841401,6.548110759841612E-002,1.426666497289785E-002,6.754384627102017E-002,0.302592757206068,0.321338572635230 
 10/03  05:00:00,0.647398542176492,5.14118481027836,0.000000000000000E+000,4.57291358654814,0.000000000000000E+000,0.125907332049557,0.125907332049557,0.125907332049557,7.093786865477342E-002,1.545555417595845E-002,8.031657622981735E-002,0.337669197376786,0.545013341403624 
 10/03  06:00:00,0.862387899968157,6.13440998561867,0.000000000000000E+000,5.14502215230185,0.000000000000000E+000,0.141659360115130,0.141659360115130,0.141659360115130,0.147332498365904,3.209999755497750E-002,0.134040478370362,0.390143551872181,0.962515637420911 
 10/03  07:00:00,1.15335291998121,5.80913915648502,0.000000000000000E+000,4.70427474981162,0.000000000000000E+000,0.129524136366631,0.129524136366631,0.129524136366631,0.300121774506747,6.538886974280395E-002,0.211649359444424,0.414556754231002,1.07631068521317 
 10/03  08:00:00,1.08681065397069,5.44966071176653,0.000000000000000E+000,4.37999554251946,0.000000000000000E+000,0.120595664604250,0.120595664604250,0.120595664604250,0.267381191450022,5.825554909465199E-002,0.272982444946349,0.350483790185822,1.04552464706487 
 10/03  09:00:00,0.923480151118541,5.12224281996551,0.000000000000000E+000,4.14846723575649,0.000000000000000E+000,0.114220929799677,0.114220929799677,0.114220929799677,0.130962248633995,2.853333723090152E-002,0.334361574552576,0.298290047211791,0.953230047716047 
 10/03  10:00:00,0.913653833847177,5.07296752053094,0.000000000000000E+000,4.20759785823145,0.000000000000000E+000,0.115848990067457,0.115848990067457,0.115848990067457,0.103678443352208,2.258889121559851E-002,0.349120160276377,0.305305335245937,0.844340928805294 
 10/03  11:00:00,0.889404198422248,3.50583560198015,0.000000000000000E+000,2.73766751486093,0.000000000000000E+000,7.537697931770271E-002,7.537697931770271E-002,7.537697931770271E-002,0.103678443352208,2.258889121559851E-002,0.365248998427415,0.305398872419725,0.747132910998337 
 10/03  12:00:00,0.853261391553603,2.63698677284203,0.000000000000000E+000,1.94387607111672,0.000000000000000E+000,5.352129344172216E-002,5.352129344172216E-002,5.352129344172216E-002,0.103678443352208,2.258889121559851E-002,0.356106421993124,0.300254327861353,0.672429870072021 
 10/03  13:00:00,0.810748229110056,1.90126569218331,0.000000000000000E+000,1.25129351426472,0.000000000000000E+000,3.445222067074088E-002,3.445222067074088E-002,3.445222067074088E-002,0.103678443352208,2.258889121559851E-002,0.322279706030025,0.310636954151884,0.628576214703450 
 10/03  14:00:00,0.790044145400214,1.38813015519334,0.000000000000000E+000,0.780781293465291,0.000000000000000E+000,2.149747370332956E-002,2.149747370332956E-002,2.149747370332956E-002,0.103678443352208,2.258889121559851E-002,0.297038917789125,0.328128405650351,0.584748127323144 
 10/03  15:00:00,0.815778023513191,1.06017532961314,0.000000000000000E+000,0.445309873395550,0.000000000000000E+000,1.226084355923342E-002,1.226084355923342E-002,1.226084355923342E-002,0.109135221127147,2.377776584844746E-002,0.307124024749640,0.346368154539124,0.591008409609444 
 10/03  16:00:00,0.956689906186521,0.893269697919098,0.000000000000000E+000,0.219793394095001,0.000000000000000E+000,6.051634112226444E-003,6.051634112226444E-003,6.051634112226444E-003,0.136418942816027,2.972221186375047E-002,0.357692282510922,0.409692821193995,0.645257598951380 
 10/03  17:00:00,1.26023667919884,1.67910231005941,0.000000000000000E+000,0.882912354730405,0.000000000000000E+000,2.430947729795403E-002,2.430947729795403E-002,2.430947729795403E-002,0.223727136436326,4.874444275527301E-002,0.448632307290634,0.497711301729051,0.761908738747334 
 10/03  18:00:00,1.49542087650029,1.15878666345206,0.000000000000000E+000,0.252850592741541,0.000000000000000E+000,6.961807376567473E-003,6.961807376567473E-003,6.961807376567473E-003,0.409256912040987,8.916665380401598E-002,0.402559212612476,0.540364252976645,0.868717016361277 
 10/03  19:00:00,1.68550582010024,1.14641305502493,0.000000000000000E+000,0.221019256779360,0.000000000000000E+000,6.085386138615210E-003,6.085386138615210E-003,6.085386138615210E-003,0.643897520434285,0.140288864037751,0.320359868498665,0.557762167301321,0.886976415333234 
 10/03  20:00:00,1.74992212865898,1.25682394506245,0.000000000000000E+000,0.393186154570308,0.000000000000000E+000,1.082570636506194E-002,1.082570636506194E-002,1.082570636506194E-002,0.709378686547734,0.154555541759584,0.281112892369017,0.576937287927980,0.823899669109741 
 10/03  21:00:00,1.58905808299955,1.52843509272583,0.000000000000000E+000,0.743005369809734,0.000000000000000E+000,2.045737843952002E-002,2.045737843952002E-002,2.045737843952002E-002,0.594786771238556,0.129588864852759,0.263645119876690,0.563467934902426,0.746619339776088 
 10/03  22:00:00,1.29410490477228,1.86897412571234,0.000000000000000E+000,1.21139073748001,0.000000000000000E+000,3.335356615404240E-002,3.335356615404240E-002,3.335356615404240E-002,0.447454272872651,9.748886729778145E-002,0.211086897798320,0.487609286959884,0.623997975332453 
 10/03  23:00:00,1.00855972141829,2.26625670919915,0.000000000000000E+000,1.74580360231975,0.000000000000000E+000,4.806770775139627E-002,4.806770775139627E-002,4.806770775139627E-002,0.311035246463717,6.776665543403097E-002,0.140854700817263,0.423723397262283,0.491268008004192 
 10/03  24:00:00,0.714691139943891,2.66945268051683,0.000000000000000E+000,2.29494810436113,0.000000000000000E+000,6.318745971108844E-002,6.318745971108844E-002,6.318745971108844E-002,0.158245970322875,3.447776503343996E-002,9.118414100106639E-002,0.350483790185822,0.350364053973486 
 10/04  01:00:00,0.613032378614669,3.09179305101824,0.000000000000000E+000,2.78384595561845,0.000000000000000E+000,7.664842347774417E-002,7.664842347774417E-002,7.664842347774417E-002,9.822166557726959E-002,2.139999836998500E-002,7.694702792945837E-002,0.322703249570613,0.285720033342508 
 10/04  02:00:00,0.563949981049121,3.33185300543377,0.000000000000000E+000,3.04188439562749,0.000000000000000E+000,8.375306933051881E-002,8.375306933051881E-002,8.375306933051881E-002,6.548110759841612E-002,1.426666497289785E-002,6.437536283861907E-002,0.318961762619070,0.267999252816326 
 10/04  03:00:00,0.557458349022684,3.52625581668065,0.000000000000000E+000,3.23228937783999,0.000000000000000E+000,8.899554392917290E-002,8.899554392917290E-002,8.899554392917290E-002,6.548110759841612E-002,1.426666497289785E-002,5.713104055537921E-002,0.314471978277217,0.272306327931497 
 10/04  04:00:00,0.559472584762038,3.70276023263157,0.000000000000000E+000,3.35870550009939,0.000000000000000E+000,9.247619502403573E-002,9.247619502403573E-002,9.247619502403573E-002,6.548110759841612E-002,1.426666497289785E-002,6.754384627102017E-002,0.302592757206068,0.323212835211797 
 10/04  05:00:00,0.613453186574654,3.91057098565848,0.000000000000000E+000,3.34002924768568,0.000000000000000E+000,9.196197644771868E-002,9.196197644771868E-002,9.196197644771868E-002,7.093786865477342E-002,1.545555417595845E-002,8.031657622981735E-002,0.337669197376786,0.547283855646209 
 10/04  06:00:00,0.808151565992324,4.16769496590175,0.000000000000000E+000,3.17517604020230,0.000000000000000E+000,8.742302613929830E-002,8.742302613929830E-002,8.742302613929830E-002,0.147332498365904,3.209999755497750E-002,0.134040478370362,0.390143551872181,0.965646729803521 
 10/04  07:00:00,1.11796672534356,4.52773415843818,0.000000000000000E+000,3.41905960307952,0.000000000000000E+000,9.413794172898701E-002,9.413794172898701E-002,9.413794172898701E-002,0.300121774506747,6.538886974280395E-002,0.211649359444424,0.414556754231002,1.08012083389840 
 10/04  08:00:00,1.05650164240797,4.35275322934533,0.000000000000000E+000,3.27918204330656,0.000000000000000E+000,9.028665304152436E-002,9.028665304152436E-002,9.028665304152436E-002,0.267381191450022,5.825554909465199E-002,0.272982444946349,0.350483790185822,1.04943066385655 
 10/04  09:00:00,0.899275943930368,4.24669992966448,0.000000000000000E+000,3.26937825737318,0.000000000000000E+000,9.001672261150492E-002,9.001672261150492E-002,9.001672261150492E-002,0.130962248633995,2.853333723090152E-002,0.334361574552576,0.298290047211791,0.956776135798357 
 10/04  10:00:00,0.901232406268148,4.62506514832227,0.000000000000000E+000,3.75645562516351,0.000000000000000E+000,0.103427562488428,0.103427562488428,0.103427562488428,0.103678443352208,2.258889121559851E-002,0.349120160276377,0.305305335245937,0.847580789664559 
 10/04  11:00:00,0.888547962884196,3.47742352937693,0.000000000000000E+000,2.70656931699188,0.000000000000000E+000,7.452074377965122E-002,7.452074377965122E-002,7.452074377965122E-002,0.103678443352208,2.258889121559851E-002,0.365248998427415,0.305398872419725,0.749819036264177 
 10/04  12:00:00,0.860037474622154,2.88503671699619,0.000000000000000E+000,2.18998121704700,0.000000000000000E+000,6.029737651027178E-002,6.029737651027178E-002,6.029737651027178E-002,0.103678443352208,2.258889121559851E-002,0.356106421993124,0.300254327861353,0.674374668295886 
 10/04  13:00:00,0.820645410894592,2.26218887678468,0.000000000000000E+000,1.61075595631872,0.000000000000000E+000,4.434940245527608E-002,4.434940245527608E-002,4.434940245527608E-002,0.103678443352208,2.258889121559851E-002,0.322279706030025,0.310636954151884,0.630036957250821 
 10/04  14:00:00,0.802207757382787,1.83086408426395,0.000000000000000E+000,1.22255974743745,0.000000000000000E+000,3.366108568590367E-002,3.366108568590367E-002,3.366108568590367E-002,0.103678443352208,2.258889121559851E-002,0.297038917789125,0.328128405650351,0.585703602421585 
 10/04  15:00:00,0.819658919032055,1.20184002577241,0.000000000000000E+000,0.586262743711353,0.000000000000000E+000,1.614173907809810E-002,1.614173907809810E-002,1.614173907809810E-002,0.109135221127147,2.377776584844746E-002,0.307124024749640,0.346368154539124,0.591720235452912 
 10/04  16:00:00,0.953922438090740,0.793862020790067,0.000000000000000E+000,0.119279847746844,0.000000000000000E+000,3.284166016445322E-003,3.284166016445322E-003,3.284166016445322E-003,0.136418942816027,2.972221186375047E-002,0.357692282510922,0.409692821193995,0.646363468170502 
 10/04  17:00:00,1.23592720190088,0.796943470075419,0.000000000000000E+000,0.000000000000000E+000,0.000000000000000E+000,0.000000000000000E+000,0.000000000000000E+000,0.000000000000000E+000,0.223727136436326,4.874444275527301E-002,0.448632307290634,0.497711301729051,0.762662253493745 
 10/04  18:00:00,1.48845906912372,0.907843772483812,0.000000000000000E+000,0.000000000000000E+000,0.000000000000000E+000,0.000000000000000E+000,0.000000000000000E+000,0.000000000000000E+000,0.409256912040987,8.916665380401598E-002,0.402559212612476,0.540364252976645,0.870624718134565 
 10/04  19:00:00,1.67942043396162,0.927140591245282,0.000000000000000E+000,0.000000000000000E+000,0.000000000000000E+000,0.000000000000000E+000,0.000000000000000E+000,0.000000000000000E+000,0.643897520434285,0.140288864037751,0.320359868498665,0.557762167301321,0.888723208332951 
 10/04  20:00:00,1.73909642229392,0.864949499190329,0.000000000000000E+000,0.000000000000000E+000,0.000000000000000E+000,0.000000000000000E+000,0.000000000000000E+000,0.000000000000000E+000,0.709378686547734,0.154555541759584,0.281112892369017,0.576937287927980,0.825211377807927 
 10/04  21:00:00,1.56860070456003,0.786799611965833,0.000000000000000E+000,0.000000000000000E+000,0.000000000000000E+000,0.000000000000000E+000,0.000000000000000E+000,0.000000000000000E+000,0.594786771238556,0.129588864852759,0.263645119876690,0.563467934902426,0.747989228825821 
 10/04  22:00:00,1.26162241726362,0.690480105513959,0.000000000000000E+000,3.163729472773386E-002,0.000000000000000E+000,8.710786453853199E-004,8.710786453853199E-004,8.710786453853199E-004,0.447454272872651,9.748886729778145E-002,0.211086897798320,0.487609286959884,0.625257397886343 
 10/04  23:00:00,0.972432588166704,0.955510528301822,0.000000000000000E+000,0.433677804719752,0.000000000000000E+000,1.194057449981034E-002,1.194057449981034E-002,1.194057449981034E-002,0.311035246463717,6.776665543403097E-002,0.140854700817263,0.423723397262283,0.492647624706859 
 10/04  24:00:00,0.673939916804008,1.19074664550525,0.000000000000000E+000,0.814876857267428,0.000000000000000E+000,2.243623657120462E-002,2.243623657120462E-002,2.243623657120462E-002,0.158245970322875,3.447776503343996E-002,9.118414100106639E-002,0.350483790185822,0.351729266055607 
 10/05  01:00:00,0.567608336289820,1.44347927873089,0.000000000000000E+000,1.13405942673325,0.000000000000000E+000,3.122438115289549E-002,3.122438115289549E-002,3.122438115289549E-002,9.822166557726959E-002,2.139999836998500E-002,7.694702792945837E-002,0.322703249570613,0.287192789940356 
 10/05  02:00:00,0.516603592954747,1.61355106115622,0.000000000000000E+000,1.32227889000430,0.000000000000000E+000,3.640668123614418E-002,3.640668123614418E-002,3.640668123614418E-002,6.548110759841612E-002,1.426666497289785E-002,6.437536283861907E-002,0.318961762619070,0.269302814161975 
 10/05  03:00:00,0.506425821406780,1.67428703558821,0.000000000000000E+000,1.37880447674777,0.000000000000000E+000,3.796301631326931E-002,3.796301631326931E-002,3.796301631326931E-002,6.548110759841612E-002,1.426666497289785E-002,5.713104055537921E-002,0.314471978277217,0.273822447931283 
 10/05  04:00:00,0.508114752165640,1.83904776629239,0.000000000000000E+000,1.49340562730655,0.000000000000000E+000,4.111836242763946E-002,4.111836242763946E-002,4.111836242763946E-002,6.548110759841612E-002,1.426666497289785E-002,6.754384627102017E-002,0.302592757206068,0.324800241665463 
 10/05  05:00:00,0.563311461186081,2.09193372751827,0.000000000000000E+000,1.51889799543962,0.000000000000000E+000,4.182025105914602E-002,4.182025105914602E-002,4.182025105914602E-002,7.093786865477342E-002,1.545555417595845E-002,8.031657622981735E-002,0.337669197376786,0.549777849752047 
 10/05  06:00:00,0.756419427469711,2.29249112552281,0.000000000000000E+000,1.29628149720518,0.000000000000000E+000,3.569088761668669E-002,3.569088761668669E-002,3.569088761668669E-002,0.147332498365904,3.209999755497750E-002,0.134040478370362,0.390143551872181,0.969337432421714 
 10/05  07:00:00,1.06127005054699,2.47244859269486,0.000000000000000E+000,1.35985470794822,0.000000000000000E+000,3.744126693240930E-002,3.744126693240930E-002,3.744126693240930E-002,0.300121774506747,6.538886974280395E-002,0.211649359444424,0.414556754231002,1.08404016328639 
 10/05  08:00:00,0.999912638402646,2.30134650236418,0.000000000000000E+000,1.22388771649714,0.000000000000000E+000,3.369764903620211E-002,3.369764903620211E-002,3.369764903620211E-002,0.267381191450022,5.825554909465199E-002,0.272982444946349,0.350483790185822,1.05331826368483 
 10/05  09:00:00,0.846462331186395,2.33229610656618,0.000000000000000E+000,1.35120492036248,0.000000000000000E+000,3.720310986753075E-002,3.720310986753075E-002,3.720310986753075E-002,0.130962248633995,2.853333723090152E-002,0.334361574552576,0.298290047211791,0.960545649710752 
 10/05  10:00:00,0.844831009757912,2.58031197301167,0.000000000000000E+000,1.70797514191071,0.000000000000000E+000,4.702616597819185E-002,4.702616597819185E-002,4.702616597819185E-002,0.103678443352208,2.258889121559851E-002,0.349120160276377,0.305305335245937,0.851308097606761 
 10/05  11:00:00,0.844562819343793,1.88343805540737,0.000000000000000E+000,1.10904312667432,0.000000000000000E+000,3.053560023924870E-002,3.053560023924870E-002,3.053560023924870E-002,0.103678443352208,2.258889121559851E-002,0.365248998427415,0.305398872419725,0.753359752612170 
 10/05  12:00:00,0.821033224300973,1.47151325744330,0.000000000000000E+000,0.773359457826096,0.000000000000000E+000,2.129312618909049E-002,2.129312618909049E-002,2.129312618909049E-002,0.103678443352208,2.258889121559851E-002,0.356106421993124,0.300254327861353,0.677472967963907 
 10/05  13:00:00,0.789366829996089,1.12899267384684,0.000000000000000E+000,0.474728012351070,0.000000000000000E+000,1.307082155677274E-002,1.307082155677274E-002,1.307082155677274E-002,0.103678443352208,2.258889121559851E-002,0.322279706030025,0.310636954151884,0.632868698280631 
 10/05  14:00:00,0.774324920588163,0.820804617918727,0.000000000000000E+000,0.209864131272290,0.000000000000000E+000,5.778248891280220E-003,5.778248891280220E-003,5.778248891280220E-003,0.103678443352208,2.258889121559851E-002,0.297038917789125,0.328128405650351,0.588339752241531 
 10/05  15:00:00,0.803517179953957,0.618172754191613,0.000000000000000E+000,0.000000000000000E+000,0.000000000000000E+000,0.000000000000000E+000,0.000000000000000E+000,0.000000000000000E+000,0.109135221127147,2.377776584844746E-002,0.307124024749640,0.346368154539124,0.594315707583466 
 10/05  16:00:00,0.950638272074293,0.676917080308100,0.000000000000000E+000,0.000000000000000E+000,0.000000000000000E+000,0.000000000000000E+000,0.000000000000000E+000,0.000000000000000E+000,0.136418942816027,2.972221186375047E-002,0.357692282510922,0.409692821193995,0.648698375435382 
 10/05  17:00:00,1.23592720190088,0.799474480492625,0.000000000000000E+000,0.000000000000000E+000,0.000000000000000E+000,0.000000000000000E+000,0.000000000000000E+000,0.000000000000000E+000,0.223727136436326,4.874444275527301E-002,0.448632307290634,0.497711301729051,0.765193263910949 
 10/05  18:00:00,1.48845906912372,0.910491964920022,0.000000000000000E+000,0.000000000000000E+000,0.000000000000000E+000,0.000000000000000E+000,0.000000000000000E+000,0.000000000000000E+000,0.409256912040987,8.916665380401598E-002,0.402559212612476,0.540364252976645,0.873272910570778 
 10/05  19:00:00,1.67942043396162,0.930045935574762,0.000000000000000E+000,0.000000000000000E+000,0.000000000000000E+000,0.000000000000000E+000,0.000000000000000E+000,0.000000000000000E+000,0.643897520434285,0.140288864037751,0.320359868498665,0.557762167301321,0.891628552662427 
 10/05  20:00:00,1.73909642229392,0.867729293494893,0.000000000000000E+000,0.000000000000000E+000,0.000000000000000E+000,0.000000000000000E+000,0.000000000000000E+000,0.000000000000000E+000,0.709378686547734,0.154555541759584,0.281112892369017,0.576937287927980,0.827991172112491 
 10/05  21:00:00,1.56860070456003,0.789553593856009,0.000000000000000E+000,0.000000000000000E+000,0.000000000000000E+000,0.000000000000000E+000,0.000000000000000E+000,0.000000000000000E+000,0.594786771238556,0.129588864852759,0.263645119876690,0.563467934902426,0.750743210715996 
 10/05  22:00:00,1.26828451124219,0.934997462514141,0.000000000000000E+000,0.273602393769541,0.000000000000000E+000,7.533172623954777E-003,7.533172623954777E-003,7.533172623954777E-003,0.447454272872651,9.748886729778145E-002,0.211086897798320,0.487609286959884,0.627809655844720 
 10/05  23:00:00,0.982871173362168,1.33663802308937,0.000000000000000E+000,0.812803843590066,0.000000000000000E+000,2.237915969527438E-002,2.237915969527438E-002,2.237915969527438E-002,0.311035246463717,6.776665543403097E-002,0.140854700817263,0.423723397262283,0.494649080624101 
 10/05  24:00:00,0.688841944767804,1.73315208470320,0.000000000000000E+000,1.35611369418127,0.000000000000000E+000,3.733826453500051E-002,3.733826453500051E-002,3.733826453500051E-002,0.158245970322875,3.447776503343996E-002,9.118414100106639E-002,0.350483790185822,0.352897868339724 
 10/06  01:00:00,0.585581310322135,2.09711615939474,0.000000000000000E+000,1.78683203183219,0.000000000000000E+000,4.919735518520989E-002,4.919735518520989E-002,4.919735518520989E-002,9.822166557726959E-002,2.139999836998500E-002,7.694702792945837E-002,0.322703249570613,0.288057065505271 
 10/06  02:00:00,0.538030721737314,2.39192032594617,0.000000000000000E+000,2.10050527869433,0.000000000000000E+000,5.783381001871239E-002,5.783381001871239E-002,5.783381001871239E-002,6.548110759841612E-002,1.426666497289785E-002,6.437536283861907E-002,0.318961762619070,0.269445690261900 
 10/06  03:00:00,0.534916119719159,2.70932529510817,0.000000000000000E+000,2.41356289880862,0.000000000000000E+000,6.645331462564917E-002,6.645331462564917E-002,6.645331462564917E-002,6.548110759841612E-002,1.426666497289785E-002,5.713104055537921E-002,0.314471978277217,0.274102285390402 
 10/06  04:00:00,0.540166573525249,3.00379292574081,0.000000000000000E+000,2.65751741478593,0.000000000000000E+000,7.317018378724853E-002,7.317018378724853E-002,7.317018378724853E-002,6.548110759841612E-002,1.426666497289785E-002,6.754384627102017E-002,0.302592757206068,0.325433613634502 
 10/06  05:00:00,0.601038659102229,3.46328546377240,0.000000000000000E+000,2.88913762425839,0.000000000000000E+000,7.954744897529464E-002,7.954744897529464E-002,7.954744897529464E-002,7.093786865477342E-002,1.545555417595845E-002,8.031657622981735E-002,0.337669197376786,0.550889957187408 
 10/06  06:00:00,0.812153396874351,4.31898507424635,0.000000000000000E+000,3.32052124380245,0.000000000000000E+000,9.142485702132599E-002,9.142485702132599E-002,9.142485702132599E-002,0.147332498365904,3.209999755497750E-002,0.134040478370362,0.390143551872181,0.971591634547991 
 10/06  07:00:00,1.10750266021002,4.15409925429955,0.000000000000000E+000,3.03900814109762,0.000000000000000E+000,8.367387659544967E-002,8.367387659544967E-002,8.367387659544967E-002,0.300121774506747,6.538886974280395E-002,0.211649359444424,0.414556754231002,1.08653739174170 
 10/06  08:00:00,1.04610906686913,3.98122870015688,0.000000000000000E+000,2.90172706028735,0.000000000000000E+000,7.989407750269059E-002,7.989407750269059E-002,7.989407750269059E-002,0.267381191450022,5.825554909465199E-002,0.272982444946349,0.350483790185822,1.05536111768733 
 10/06  09:00:00,0.881351334281195,3.60105302958101,0.000000000000000E+000,2.61836223103078,0.000000000000000E+000,7.209211296233201E-002,7.209211296233201E-002,7.209211296233201E-002,0.130962248633995,2.853333723090152E-002,0.334361574552576,0.298290047211791,0.962145262057291 
 10/06  10:00:00,0.863123616275966,3.24563922997775,0.000000000000000E+000,2.37235669553518,0.000000000000000E+000,6.531877249624758E-002,6.531877249624758E-002,6.531877249624758E-002,0.103678443352208,2.258889121559851E-002,0.349120160276377,0.305305335245937,0.852253800948379 
 10/06  11:00:00,0.847334065255232,1.98513988163835,0.000000000000000E+000,1.20969388206555,0.000000000000000E+000,3.330684615068699E-002,3.330684615068699E-002,3.330684615068699E-002,0.103678443352208,2.258889121559851E-002,0.365248998427415,0.305398872419725,0.754410823451920 
 10/06  12:00:00,0.812550963332534,1.16492814038748,0.000000000000000E+000,0.465286482282860,0.000000000000000E+000,1.281086522065239E-002,1.281086522065239E-002,1.281086522065239E-002,0.103678443352208,2.258889121559851E-002,0.356106421993124,0.300254327861353,0.678960826451327 
 10/06  13:00:00,0.776296008439315,0.656347944968553,0.000000000000000E+000,0.000000000000000E+000,0.000000000000000E+000,0.000000000000000E+000,0.000000000000000E+000,0.000000000000000E+000,0.103678443352208,2.258889121559851E-002,0.322279706030025,0.310636954151884,0.634951981753415 
 10/06  14:00:00,0.768546671696882,0.613193501021267,0.000000000000000E+000,0.000000000000000E+000,0.000000000000000E+000,0.000000000000000E+000,0.000000000000000E+000,0.000000000000000E+000,0.103678443352208,2.258889121559851E-002,0.297038917789125,0.328128405650351,0.590592766616358 
 10/06  15:00:00,0.803517179953957,0.620245279523263,0.000000000000000E+000,0.000000000000000E+000,0.000000000000000E+000,0.000000000000000E+000,0.000000000000000E+000,0.000000000000000E+000,0.109135221127147,2.377776584844746E-002,0.307124024749640,0.346368154539124,0.596388232915116 
 10/06  16:00:00,0.950638272074293,0.678921276326689,0.000000000000000E+000,0.000000000000000E+000,0.000000000000000E+000,0.000000000000000E+000,0.000000000000000E+000,0.000000000000000E+000,0.136418942816027,2.972221186375047E-002,0.357692282510922,0.409692821193995,0.650702571453968 
 10/06  17:00:00,1.23592720190088,0.801632980731510,0.000000000000000E+000,0.000000000000000E+000,0.000000000000000E+000,0.000000000000000E+000,0.000000000000000E+000,0.000000000000000E+000,0.223727136436326,4.874444275527301E-002,0.448632307290634,0.497711301729051,0.767351764149834 
 10/06  18:00:00,1.48845906912372,0.912966854636591,0.000000000000000E+000,0.000000000000000E+000,0.000000000000000E+000,0.000000000000000E+000,0.000000000000000E+000,0.000000000000000E+000,0.409256912040987,8.916665380401598E-002,0.402559212612476,0.540364252976645,0.875747800287346 
 10/06  19:00:00,1.67942043396162,0.932835915748024,0.000000000000000E+000,0.000000000000000E+000,0.000000000000000E+000,0.000000000000000E+000,0.000000000000000E+000,0.000000000000000E+000,0.643897520434285,0.140288864037751,0.320359868498665,0.557762167301321,0.894418532835693 
 10/06  20:00:00,1.73909642229392,0.870314518109960,0.000000000000000E+000,0.000000000000000E+000,0.000000000000000E+000,0.000000000000000E+000,0.000000000000000E+000,0.000000000000000E+000,0.709378686547734,0.154555541759584,0.281112892369017,0.576937287927980,0.830576396727555 
 10/06  21:00:00,1.57675766343332,1.08821875791669,0.000000000000000E+000,0.296258108637361,0.000000000000000E+000,8.156958873289072E-003,8.156958873289072E-003,8.156958873289072E-003,0.594786771238556,0.129588864852759,0.263645119876690,0.563467934902426,0.753150266139320 
 10/06  22:00:00,1.28529498746814,1.55457916027879,0.000000000000000E+000,0.891417389775147,0.000000000000000E+000,2.454364884989884E-002,2.454364884989884E-002,2.454364884989884E-002,0.447454272872651,9.748886729778145E-002,0.211086897798320,0.487609286959884,0.629576357603761 
 10/06  23:00:00,1.00680430914688,2.20704890889974,0.000000000000000E+000,1.68204759625349,0.000000000000000E+000,4.631229547998313E-002,4.631229547998313E-002,4.631229547998313E-002,0.311035246463717,6.776665543403097E-002,0.140854700817263,0.423723397262283,0.495816213771040 
 10/06  24:00:00,0.714817819913821,2.67709102893860,0.000000000000000E+000,2.29954907990561,0.000000000000000E+000,6.331413968101705E-002,6.331413968101705E-002,6.331413968101705E-002,0.158245970322875,3.447776503343996E-002,9.118414100106639E-002,0.350483790185822,0.353401426850788 
 10/07  01:00:00,0.623487530533187,3.33711404490768,0.000000000000000E+000,3.02021893972569,0.000000000000000E+000,8.315654816330141E-002,8.315654816330141E-002,8.315654816330141E-002,9.822166557726959E-002,2.139999836998500E-002,8.089405516241929E-002,0.322703249570613,0.294668043124704 
 10/07  02:00:00,0.581056782522371,3.86471639932753,0.000000000000000E+000,3.56835848229106,0.000000000000000E+000,9.824863028754802E-002,9.824863028754802E-002,9.824863028754802E-002,6.548110759841612E-002,1.426666497289785E-002,6.698660335484008E-002,0.318961762619070,0.274388560046521 
 10/07  03:00:00,0.583690193897118,4.43667668710840,0.000000000000000E+000,4.13543042364911,0.000000000000000E+000,0.113861983539309,0.113861983539309,0.113861983539309,6.548110759841612E-002,1.426666497289785E-002,5.849644581967755E-002,0.314471978277217,0.279586152550160 
 10/07  04:00:00,0.588818464070550,4.68467898213633,0.000000000000000E+000,4.32752276145897,0.000000000000000E+000,0.119150916580150,0.119150916580150,0.119150916580150,6.548110759841612E-002,1.426666497289785E-002,7.021500402342022E-002,0.302592757206068,0.336314323356977 
 10/07  05:00:00,0.642294865776915,4.84384602993550,0.000000000000000E+000,4.23875904048316,0.000000000000000E+000,0.116706959772452,0.116706959772452,0.116706959772452,7.093786865477342E-002,1.545555417595845E-002,8.441327210734366E-002,0.337669197376786,0.581829107125755 
 10/07  06:00:00,0.856555283665637,5.61728908597915,0.000000000000000E+000,4.54726793763558,0.000000000000000E+000,0.125201223094698,0.125201223094698,0.125201223094698,0.147332498365904,3.209999755497750E-002,0.144665999088276,0.390143551872181,1.04314895244765 
 10/07  07:00:00,1.15401582178570,5.16183263542969,0.000000000000000E+000,3.95977669197082,0.000000000000000E+000,0.109025659322464,0.109025659322464,0.109025659322464,0.300121774506747,6.538886974280395E-002,0.232810738293084,0.414556754231002,1.17350222199864 
 10/07  08:00:00,1.10175999493042,4.91538582509926,0.000000000000000E+000,3.74483755020253,0.000000000000000E+000,0.103107678721940,0.103107678721940,0.103107678721940,0.267381191450022,5.825554909465199E-002,0.305419771788383,0.350483790185822,1.14640775271454 
 10/07  09:00:00,0.953913116877825,4.68493113181841,0.000000000000000E+000,3.61826792069255,0.000000000000000E+000,9.962280106823154E-002,9.962280106823154E-002,9.962280106823154E-002,0.130962248633995,2.853333723090152E-002,0.379392669043303,0.298290047211791,1.04611767463289 
 10/07  10:00:00,0.973551049364383,5.47935090782983,0.000000000000000E+000,4.53378289452166,0.000000000000000E+000,0.124829935562381,0.124829935562381,0.124829935562381,0.103678443352208,2.258889121559851E-002,0.400036430298660,0.305305335245937,0.924539279813963 
 10/07  11:00:00,0.957463172939767,4.13796131424051,0.000000000000000E+000,3.30317116371015,0.000000000000000E+000,9.094715232520115E-002,9.094715232520115E-002,9.094715232520115E-002,0.103678443352208,2.258889121559851E-002,0.417737799937434,0.305398872419725,0.813754974409484 
 10/07  12:00:00,0.923058010519370,3.49313226732841,0.000000000000000E+000,2.74240319210886,0.000000000000000E+000,7.550736806799280E-002,7.550736806799280E-002,7.550736806799280E-002,0.103678443352208,2.258889121559851E-002,0.403916966332617,0.300254327861353,0.730048243566255 
 10/07  13:00:00,0.886582270830805,3.12271015912210,0.000000000000000E+000,2.42245687505078,0.000000000000000E+000,6.669819500634470E-002,6.669819500634470E-002,6.669819500634470E-002,0.103678443352208,2.258889121559851E-002,0.365867773415168,0.310636954151884,0.678857320856175 
 10/07  14:00:00,0.864316147230848,2.70969249642770,0.000000000000000E+000,2.05728711675140,0.000000000000000E+000,5.664387205830001E-002,5.664387205830001E-002,5.664387205830001E-002,0.103678443352208,2.258889121559851E-002,0.336164521264791,0.328128405650351,0.629804645271391 
 10/07  15:00:00,0.890668157899228,2.47897044631815,0.000000000000000E+000,1.81932435030384,0.000000000000000E+000,5.009197544282940E-002,5.009197544282940E-002,5.009197544282940E-002,0.109135221127147,2.377776584844746E-002,0.344183027252082,0.346368154539124,0.635789049406163 
 10/07  16:00:00,1.03328142447207,2.42486019453244,0.000000000000000E+000,1.69704431528080,0.000000000000000E+000,4.672520441571752E-002,4.672520441571752E-002,4.672520441571752E-002,0.136418942816027,2.972221186375047E-002,0.393610230492980,0.409692821193995,0.699597174378911 
 10/07  17:00:00,1.32837896242486,2.93520642063976,0.000000000000000E+000,2.07384634579384,0.000000000000000E+000,5.709980202725091E-002,5.709980202725091E-002,5.709980202725091E-002,0.223727136436326,4.874444275527301E-002,0.483984265787358,0.497711301729051,0.827078858264235 
 10/07  18:00:00,1.56132981147426,2.39014275584252,0.000000000000000E+000,1.40050123593393,0.000000000000000E+000,3.856039936272981E-002,3.856039936272981E-002,3.856039936272981E-002,0.409256912040987,8.916665380401598E-002,0.436869555600276,0.540364252976645,0.952422465559338 
 10/07  19:00:00,1.75824432209906,2.63765091354774,0.000000000000000E+000,1.61909873469247,0.000000000000000E+000,4.457910654809115E-002,4.457910654809115E-002,4.457910654809115E-002,0.643897520434285,0.140288864037751,0.354604650088013,0.557762167301321,0.980134795942929 
 10/07  20:00:00,1.82595292438667,2.84105568646059,0.000000000000000E+000,1.88866327783638,0.000000000000000E+000,5.200110388087426E-002,5.200110388087426E-002,5.200110388087426E-002,0.709378686547734,0.154555541759584,0.315968290580894,0.576937287927980,0.912654287241798 
 10/07  21:00:00,1.67067208263575,3.27431601347177,0.000000000000000E+000,2.41396886185938,0.000000000000000E+000,6.646449212193532E-002,6.646449212193532E-002,6.646449212193532E-002,0.594786771238556,0.129588864852759,0.299252005830474,0.563467934902426,0.821536768472386 
 10/07  22:00:00,1.36785874179081,3.57873010414246,0.000000000000000E+000,2.86250511864057,0.000000000000000E+000,7.881416861373305E-002,7.881416861373305E-002,7.881416861373305E-002,0.447454272872651,9.748886729778145E-002,0.239380132357161,0.487609286959884,0.682639572601993 
 10/07  23:00:00,1.06810596783879,3.90176318804419,0.000000000000000E+000,3.34428300678015,0.000000000000000E+000,9.207909640824957E-002,9.207909640824957E-002,9.207909640824957E-002,0.311035246463717,6.776665543403097E-002,0.156389558580908,0.423723397262283,0.528295082388836 
 10/07  24:00:00,0.763698269023293,4.22465818213706,0.000000000000000E+000,3.83611695086061,0.000000000000000E+000,0.105620900454743,0.105620900454743,0.105620900454743,0.158245970322875,3.447776503343996E-002,9.775782933681368E-002,0.350483790185822,0.364400709094254 
 10/08  01:00:00,0.660694554242329,4.68739368134236,0.000000000000000E+000,4.37156600954990,0.000000000000000E+000,0.120363571872443,0.120363571872443,0.120363571872443,9.822166557726959E-002,2.139999836998500E-002,8.089405516241929E-002,0.322703249570613,0.293600609735183 
 10/08  02:00:00,0.610945846979828,4.94988806158884,0.000000000000000E+000,4.65391963843498,0.000000000000000E+000,0.128137694745004,0.128137694745004,0.128137694745004,6.548110759841612E-002,1.426666497289785E-002,6.698660335484008E-002,0.318961762619070,0.273999066163892 
 10/08  03:00:00,0.606723775867180,5.27262691445818,0.000000000000000E+000,4.97200267264493,0.000000000000000E+000,0.136895565509370,0.136895565509370,0.136895565509370,6.548110759841612E-002,1.426666497289785E-002,5.849644581967755E-002,0.314471978277217,0.278964130904093 
 10/08  04:00:00,0.609458871953446,5.43410887087390,0.000000000000000E+000,5.07717570146753,0.000000000000000E+000,0.139791324463045,0.139791324463045,0.139791324463045,6.548110759841612E-002,1.426666497289785E-002,7.021500402342022E-002,0.302592757206068,0.336091272085986 
 10/08  05:00:00,0.664239286987407,5.64164090057294,0.000000000000000E+000,5.03577332288330,0.000000000000000E+000,0.138651380982945,0.138651380982945,0.138651380982945,7.093786865477342E-002,1.545555417595845E-002,8.441327210734366E-002,0.337669197376786,0.582609695363033 
 10/08  06:00:00,0.881473776269493,6.52474235385543,0.000000000000000E+000,5.45229953134472,0.000000000000000E+000,0.150119715698554,0.150119715698554,0.150119715698554,0.147332498365904,3.209999755497750E-002,0.144665999088276,0.390143551872181,1.04557062661481 
 10/08  07:00:00,1.19201559844734,6.54510360821878,0.000000000000000E+000,5.33991629268448,0.000000000000000E+000,0.147025435984102,0.147025435984102,0.147025435984102,0.300121774506747,6.538886974280395E-002,0.232810738293084,0.414556754231002,1.17663359407406 
 10/08  08:00:00,1.12395786455703,5.72376799844151,0.000000000000000E+000,4.55105699712094,0.000000000000000E+000,0.125305548348553,0.125305548348553,0.125305548348553,0.267381191450022,5.825554909465199E-002,0.305419771788383,0.350483790185822,1.14857047913837 
 10/08  09:00:00,0.956144822845216,4.76774391198827,0.000000000000000E+000,3.69932275978206,0.000000000000000E+000,0.101854507035623,0.101854507035623,0.101854507035623,0.130962248633995,2.853333723090152E-002,0.379392669043303,0.298290047211791,1.04787561571328 
 10/08  10:00:00,0.927382949086838,3.80397438457630,0.000000000000000E+000,2.85697242139364,0.000000000000000E+000,7.866183528483539E-002,7.866183528483539E-002,7.866183528483539E-002,0.103678443352208,2.258889121559851E-002,0.400036430298660,0.305305335245937,0.925973229688480 
 10/08  11:00:00,0.899569815674674,2.03729843360086,0.000000000000000E+000,1.20050314828250,0.000000000000000E+000,3.305379506010740E-002,3.305379506010740E-002,3.305379506010740E-002,0.103678443352208,2.258889121559851E-002,0.417737799937434,0.305398872419725,0.815760109197488 
 10/08  12:00:00,0.849328561463133,0.817489274547774,0.000000000000000E+000,6.457344359766744E-002,0.000000000000000E+000,1.777919011754608E-003,1.777919011754608E-003,1.777919011754608E-003,0.103678443352208,2.258889121559851E-002,0.403916966332617,0.300254327861353,0.732234999296811 
 10/08  13:00:00,0.819884075824461,0.702708401051574,0.000000000000000E+000,0.000000000000000E+000,0.000000000000000E+000,0.000000000000000E+000,0.000000000000000E+000,0.000000000000000E+000,0.103678443352208,2.258889121559851E-002,0.365867773415168,0.310636954151884,0.681312437836436 
 10/08  14:00:00,0.807672275172548,0.654673805590412,0.000000000000000E+000,0.000000000000000E+000,0.000000000000000E+000,0.000000000000000E+000,0.000000000000000E+000,0.000000000000000E+000,0.103678443352208,2.258889121559851E-002,0.336164521264791,0.328128405650351,0.632073071185502 
 10/08  15:00:00,0.840576182456400,0.661508144249586,0.000000000000000E+000,0.000000000000000E+000,0.000000000000000E+000,0.000000000000000E+000,0.000000000000000E+000,0.000000000000000E+000,0.109135221127147,2.377776584844746E-002,0.344183027252082,0.346368154539124,0.637651097641439 
 10/08  16:00:00,0.986556220056350,0.729444055304902,0.000000000000000E+000,0.000000000000000E+000,0.000000000000000E+000,0.000000000000000E+000,0.000000000000000E+000,0.000000000000000E+000,0.136418942816027,2.972221186375047E-002,0.393610230492980,0.409692821193995,0.701225350432184 
 10/08  17:00:00,1.27127916039761,0.862685557304094,0.000000000000000E+000,0.000000000000000E+000,0.000000000000000E+000,0.000000000000000E+000,0.000000000000000E+000,0.000000000000000E+000,0.223727136436326,4.874444275527301E-002,0.483984265787358,0.497711301729051,0.828404340722420 
 10/08  18:00:00,1.52276941211152,0.992028349748653,0.000000000000000E+000,0.000000000000000E+000,0.000000000000000E+000,0.000000000000000E+000,0.000000000000000E+000,0.000000000000000E+000,0.409256912040987,8.916665380401598E-002,0.436869555600276,0.540364252976645,0.954809295399409 
 10/08  19:00:00,1.71366521555097,1.02060968245737,0.000000000000000E+000,0.000000000000000E+000,0.000000000000000E+000,0.000000000000000E+000,0.000000000000000E+000,0.000000000000000E+000,0.643897520434285,0.140288864037751,0.354604650088013,0.557762167301321,0.982192299545042 
 10/08  20:00:00,1.77395182050580,0.954005113679150,0.000000000000000E+000,0.000000000000000E+000,0.000000000000000E+000,0.000000000000000E+000,0.000000000000000E+000,0.000000000000000E+000,0.709378686547734,0.154555541759584,0.315968290580894,0.576937287927980,0.914266992296748 
 10/08  21:00:00,1.60420759051382,0.862048353235231,0.000000000000000E+000,0.000000000000000E+000,0.000000000000000E+000,0.000000000000000E+000,0.000000000000000E+000,0.000000000000000E+000,0.594786771238556,0.129588864852759,0.299252005830474,0.563467934902426,0.823237970095219 
 10/08  22:00:00,1.28904457317708,0.717907690804024,0.000000000000000E+000,0.000000000000000E+000,0.000000000000000E+000,0.000000000000000E+000,0.000000000000000E+000,0.000000000000000E+000,0.447454272872651,9.748886729778145E-002,0.239380132357161,0.487609286959884,0.684322277904140 
 10/08  23:00:00,0.976026871430539,0.559145919234555,0.000000000000000E+000,0.000000000000000E+000,0.000000000000000E+000,0.000000000000000E+000,0.000000000000000E+000,0.000000000000000E+000,0.311035246463717,6.776665543403097E-002,0.156389558580908,0.423723397262283,0.529960820359348 
 10/08  24:00:00,0.662326604813985,0.545098306810160,0.000000000000000E+000,0.154330886397936,0.000000000000000E+000,4.249236245436054E-003,4.249236245436054E-003,4.249236245436054E-003,0.158245970322875,3.447776503343996E-002,9.775782933681368E-002,0.350483790185822,0.366626898230014 
 10/09  01:00:00,0.554840329182861,0.982001605991390,0.000000000000000E+000,0.670329537281078,0.000000000000000E+000,1.845637404593590E-002,1.845637404593590E-002,1.845637404593590E-002,9.822166557726959E-002,2.139999836998500E-002,7.694702792945837E-002,0.322703249570613,0.289445006653034 
 10/09  02:00:00,0.509851531352029,1.37064592049355,0.000000000000000E+000,1.07704619594541,0.000000000000000E+000,2.965461963342617E-002,2.965461963342617E-002,2.965461963342617E-002,6.548110759841612E-002,1.426666497289785E-002,6.437536283861907E-002,0.318961762619070,0.271630367558194 
 10/09  03:00:00,0.510919199011524,1.84012788513521,0.000000000000000E+000,1.54200249837007,0.000000000000000E+000,4.245639391801435E-002,4.245639391801435E-002,4.245639391801435E-002,6.548110759841612E-002,1.426666497289785E-002,5.713104055537921E-002,0.314471978277217,0.276465275855991 
 10/09  04:00:00,0.519728887786069,2.26380615788423,0.000000000000000E+000,1.91522727748468,0.000000000000000E+000,5.273249804806774E-002,5.273249804806774E-002,5.273249804806774E-002,6.548110759841612E-002,1.426666497289785E-002,6.754384627102017E-002,0.302592757206068,0.327736983079177 
 10/09  05:00:00,0.585177753224753,2.89143340463510,0.000000000000000E+000,2.31307465158317,0.000000000000000E+000,6.368654309781788E-002,6.368654309781788E-002,6.368654309781788E-002,7.093786865477342E-002,1.545555417595845E-002,8.031657622981735E-002,0.337669197376786,0.555100870725333 
 10/09  06:00:00,0.797212602873214,3.78405723493914,0.000000000000000E+000,2.77787643694782,0.000000000000000E+000,7.648406302018980E-002,7.648406302018980E-002,7.648406302018980E-002,0.147332498365904,3.209999755497750E-002,0.134040478370362,0.390143551872181,0.979308602095399 
 10/09  07:00:00,1.09410673890379,3.67617532108188,0.000000000000000E+000,2.55247261097069,0.000000000000000E+000,7.027795528921786E-002,7.027795528921786E-002,7.027795528921786E-002,0.300121774506747,6.538886974280395E-002,0.211649359444424,0.414556754231002,1.09514898865094 
 10/09  08:00:00,1.02834091401665,3.34403891839358,0.000000000000000E+000,2.25639349420850,0.000000000000000E+000,6.212592465020107E-002,6.212592465020107E-002,6.212592465020107E-002,0.267381191450022,5.825554909465199E-002,0.272982444946349,0.350483790185822,1.06350490200287 
 10/09  09:00:00,0.859111450848033,2.80046909503712,0.000000000000000E+000,1.81061685624410,0.000000000000000E+000,4.985222952916867E-002,4.985222952916867E-002,4.985222952916867E-002,0.130962248633995,2.853333723090152E-002,0.334361574552576,0.298290047211791,0.969306702300069 
 10/09  10:00:00,0.828788051361808,2.00484404437131,0.000000000000000E+000,1.12530008062762,0.000000000000000E+000,3.098320758208901E-002,3.098320758208901E-002,3.098320758208901E-002,0.103678443352208,2.258889121559851E-002,0.349120160276377,0.305305335245937,0.858515230249493 
 10/09  11:00:00,0.816694965389705,0.877940905889507,0.000000000000000E+000,9.689168243247311E-002,0.000000000000000E+000,2.667746285158718E-003,2.667746285158718E-003,2.667746285158718E-003,0.103678443352208,2.258889121559851E-002,0.365248998427415,0.305398872419725,0.760014047336160 
 10/09  12:00:00,0.799740098111883,0.704552117722407,0.000000000000000E+000,0.000000000000000E+000,0.000000000000000E+000,0.000000000000000E+000,0.000000000000000E+000,0.000000000000000E+000,0.103678443352208,2.258889121559851E-002,0.356106421993124,0.300254327861353,0.683871286069113 
 10/09  13:00:00,0.776296008439315,0.660011482759356,0.000000000000000E+000,0.000000000000000E+000,0.000000000000000E+000,0.000000000000000E+000,0.000000000000000E+000,0.000000000000000E+000,0.103678443352208,2.258889121559851E-002,0.322279706030025,0.310636954151884,0.638615519544221 
 10/09  14:00:00,0.768546671696882,0.615590843347520,0.000000000000000E+000,0.000000000000000E+000,0.000000000000000E+000,0.000000000000000E+000,0.000000000000000E+000,0.000000000000000E+000,0.103678443352208,2.258889121559851E-002,0.297038917789125,0.328128405650351,0.592990108942613 
 10/09  15:00:00,0.803517179953957,0.622738680451068,0.000000000000000E+000,0.000000000000000E+000,0.000000000000000E+000,0.000000000000000E+000,0.000000000000000E+000,0.000000000000000E+000,0.109135221127147,2.377776584844746E-002,0.307124024749640,0.346368154539124,0.598881633842924 
 10/09  16:00:00,0.950638272074293,0.681739927278411,0.000000000000000E+000,0.000000000000000E+000,0.000000000000000E+000,0.000000000000000E+000,0.000000000000000E+000,0.000000000000000E+000,0.136418942816027,2.972221186375047E-002,0.357692282510922,0.409692821193995,0.653521222405693 
 10/09  17:00:00,1.23592720190088,0.805432121004431,0.000000000000000E+000,0.000000000000000E+000,0.000000000000000E+000,0.000000000000000E+000,0.000000000000000E+000,0.000000000000000E+000,0.223727136436326,4.874444275527301E-002,0.448632307290634,0.497711301729051,0.771150904422758 
 10/09  18:00:00,1.48845906912372,0.917345412601735,0.000000000000000E+000,0.000000000000000E+000,0.000000000000000E+000,0.000000000000000E+000,0.000000000000000E+000,0.000000000000000E+000,0.409256912040987,8.916665380401598E-002,0.402559212612476,0.540364252976645,0.880126358252490 
 10/09  19:00:00,1.67942043396162,0.937222822075849,0.000000000000000E+000,0.000000000000000E+000,0.000000000000000E+000,0.000000000000000E+000,0.000000000000000E+000,0.000000000000000E+000,0.643897520434285,0.140288864037751,0.320359868498665,0.557762167301321,0.898805439163518 
 10/09  20:00:00,1.73909642229392,0.874571427471649,0.000000000000000E+000,0.000000000000000E+000,0.000000000000000E+000,0.000000000000000E+000,0.000000000000000E+000,0.000000000000000E+000,0.709378686547734,0.154555541759584,0.281112892369017,0.576937287927980,0.834833306089244 
 10/09  21:00:00,1.56860070456003,0.795563315750135,0.000000000000000E+000,0.000000000000000E+000,0.000000000000000E+000,0.000000000000000E+000,0.000000000000000E+000,0.000000000000000E+000,0.594786771238556,0.129588864852759,0.263645119876690,0.563467934902426,0.756752932610123 
 10/09  22:00:00,1.26075133861824,0.666102276811626,0.000000000000000E+000,0.000000000000000E+000,0.000000000000000E+000,0.000000000000000E+000,0.000000000000000E+000,0.000000000000000E+000,0.447454272872651,9.748886729778145E-002,0.211086897798320,0.487609286959884,0.632516863911745 
 10/09  23:00:00,0.966855056658715,0.758582068413975,0.000000000000000E+000,0.231103663904460,0.000000000000000E+000,6.363042991820987E-003,6.363042991820987E-003,6.363042991820987E-003,0.311035246463717,6.776665543403097E-002,0.140854700817263,0.423723397262283,0.498293305634306 
 10/09  24:00:00,0.677240435543873,1.31405896951353,0.000000000000000E+000,0.934750630641070,0.000000000000000E+000,2.573675531107027E-002,2.573675531107027E-002,2.573675531107027E-002,0.158245970322875,3.447776503343996E-002,9.118414100106639E-002,0.350483790185822,0.355167816690251 
 10/10  01:00:00,0.585346068750725,2.09022464094658,0.000000000000000E+000,1.77828813402648,0.000000000000000E+000,4.896211361379983E-002,4.896211361379983E-002,4.896211361379983E-002,9.822166557726959E-002,2.139999836998500E-002,7.694702792945837E-002,0.322703249570613,0.289709444862826 
 10/10  02:00:00,0.545113963369425,2.65135215451616,0.000000000000000E+000,2.35776632433008,0.000000000000000E+000,6.491705165082172E-002,6.491705165082172E-002,6.491705165082172E-002,6.548110759841612E-002,1.426666497289785E-002,6.437536283861907E-002,0.318961762619070,0.271616473196139 
 10/10  03:00:00,0.553203773018134,3.37552621740156,0.000000000000000E+000,3.07776455311773,0.000000000000000E+000,8.474096792462343E-002,8.474096792462343E-002,8.474096792462343E-002,6.548110759841612E-002,1.426666497289785E-002,5.713104055537921E-002,0.314471978277217,0.276101553374697 
 10/10  04:00:00,0.565268041472852,3.91715677116872,0.000000000000000E+000,3.56919461381288,0.000000000000000E+000,9.827165173485100E-002,9.827165173485100E-002,9.827165173485100E-002,6.548110759841612E-002,1.426666497289785E-002,6.754384627102017E-002,0.302592757206068,0.327120260035476 
 10/10  05:00:00,0.628511483413612,4.46490748819938,0.000000000000000E+000,3.88694171961425,0.000000000000000E+000,0.107020273286678,0.107020273286678,0.107020273286678,7.093786865477342E-002,1.545555417595845E-002,8.031657622981735E-002,0.337669197376786,0.554707886258546 
 10/10  06:00:00,0.846360253937267,5.57016102955587,0.000000000000000E+000,4.56290323117191,0.000000000000000E+000,0.125631714084241,0.125631714084241,0.125631714084241,0.147332498365904,3.209999755497750E-002,0.134040478370362,0.390143551872181,0.980385602488030 
 10/10  07:00:00,1.14047508863334,5.36178989250134,0.000000000000000E+000,4.23655607944274,0.000000000000000E+000,0.116646305018769,0.116646305018769,0.116646305018769,0.300121774506747,6.538886974280395E-002,0.211649359444424,0.414556754231002,1.09668009159835 
 10/10  08:00:00,1.07225281147753,4.94045041543061,0.000000000000000E+000,3.85125941060287,0.000000000000000E+000,0.106037822111085,0.106037822111085,0.106037822111085,0.267381191450022,5.825554909465199E-002,0.272982444946349,0.350483790185822,1.06505048264553 
 10/10  09:00:00,0.894353207984205,4.08163493579292,0.000000000000000E+000,3.09058607962814,0.000000000000000E+000,8.509398666534015E-002,8.509398666534015E-002,8.509398666534015E-002,0.130962248633995,2.853333723090152E-002,0.334361574552576,0.298290047211791,0.970503319671840 
 10/10  10:00:00,0.864586161501331,3.30609013696369,0.000000000000000E+000,2.42547586519065,0.000000000000000E+000,6.678131772161171E-002,6.678131772161171E-002,6.678131772161171E-002,0.103678443352208,2.258889121559851E-002,0.349120160276377,0.305305335245937,0.859585538278847 
 10/10  11:00:00,0.841051457014797,1.76329301638406,0.000000000000000E+000,0.981511582321940,0.000000000000000E+000,2.702423791025070E-002,2.702423791025070E-002,2.702423791025070E-002,0.103678443352208,2.258889121559851E-002,0.365248998427415,0.305398872419725,0.760746257941245 
 10/10  12:00:00,0.799925936395298,0.711870546142112,0.000000000000000E+000,6.749586360870880E-003,0.000000000000000E+000,1.858382834163325E-004,1.858382834163325E-004,1.858382834163325E-004,0.103678443352208,2.258889121559851E-002,0.356106421993124,0.300254327861353,0.684440128127948 
 10/10  13:00:00,0.776296008439315,0.661277140666850,0.000000000000000E+000,0.000000000000000E+000,0.000000000000000E+000,0.000000000000000E+000,0.000000000000000E+000,0.000000000000000E+000,0.103678443352208,2.258889121559851E-002,0.322279706030025,0.310636954151884,0.639881177451713 
 10/10  14:00:00,0.768546671696882,0.616873085222771,0.000000000000000E+000,0.000000000000000E+000,0.000000000000000E+000,0.000000000000000E+000,0.000000000000000E+000,0.000000000000000E+000,0.103678443352208,2.258889121559851E-002,0.297038917789125,0.328128405650351,0.594272350817861 
 10/10  15:00:00,0.803517179953957,0.623526246332834,0.000000000000000E+000,0.000000000000000E+000,0.000000000000000E+000,0.000000000000000E+000,0.000000000000000E+000,0.000000000000000E+000,0.109135221127147,2.377776584844746E-002,0.307124024749640,0.346368154539124,0.599669199724690 
 10/10  16:00:00,0.950638272074293,0.682719733200952,0.000000000000000E+000,0.000000000000000E+000,0.000000000000000E+000,0.000000000000000E+000,0.000000000000000E+000,0.000000000000000E+000,0.136418942816027,2.972221186375047E-002,0.357692282510922,0.409692821193995,0.654501028328234 
 10/10  17:00:00,1.23592720190088,0.806492749376086,0.000000000000000E+000,0.000000000000000E+000,0.000000000000000E+000,0.000000000000000E+000,0.000000000000000E+000,0.000000000000000E+000,0.223727136436326,4.874444275527301E-002,0.448632307290634,0.497711301729051,0.772211532794410 
 10/10  18:00:00,1.48845906912372,0.919049358280723,0.000000000000000E+000,0.000000000000000E+000,0.000000000000000E+000,0.000000000000000E+000,0.000000000000000E+000,0.000000000000000E+000,0.409256912040987,8.916665380401598E-002,0.402559212612476,0.540364252976645,0.881830303931479 
 10/10  19:00:00,1.67942043396162,0.939079032993864,0.000000000000000E+000,0.000000000000000E+000,0.000000000000000E+000,0.000000000000000E+000,0.000000000000000E+000,0.000000000000000E+000,0.643897520434285,0.140288864037751,0.320359868498665,0.557762167301321,0.900661650081533 
 10/10  20:00:00,1.73909642229392,0.875861583055870,0.000000000000000E+000,0.000000000000000E+000,0.000000000000000E+000,0.000000000000000E+000,0.000000000000000E+000,0.000000000000000E+000,0.709378686547734,0.154555541759584,0.281112892369017,0.576937287927980,0.836123461673468 
 10/10  21:00:00,1.56860070456003,0.796268016285742,0.000000000000000E+000,0.000000000000000E+000,0.000000000000000E+000,0.000000000000000E+000,0.000000000000000E+000,0.000000000000000E+000,0.594786771238556,0.129588864852759,0.263645119876690,0.563467934902426,0.757457633145730 
 10/10  22:00:00,1.26075133861824,0.665916169629871,0.000000000000000E+000,0.000000000000000E+000,0.000000000000000E+000,0.000000000000000E+000,0.000000000000000E+000,0.000000000000000E+000,0.447454272872651,9.748886729778145E-002,0.211086897798320,0.487609286959884,0.632330756729990 
 10/10  23:00:00,0.960492013666893,0.526019729268244,0.000000000000000E+000,0.000000000000000E+000,0.000000000000000E+000,0.000000000000000E+000,0.000000000000000E+000,0.000000000000000E+000,0.311035246463717,6.776665543403097E-002,0.140854700817263,0.423723397262283,0.496834630393036 
 10/10  24:00:00,0.651503680232802,0.377589961034110,0.000000000000000E+000,0.000000000000000E+000,0.000000000000000E+000,0.000000000000000E+000,0.000000000000000E+000,0.000000000000000E+000,0.158245970322875,3.447776503343996E-002,9.118414100106639E-002,0.350483790185822,0.353449438851903 
 10/11  01:00:00,0.536383955136926,0.310813022722133,0.000000000000000E+000,0.000000000000000E+000,0.000000000000000E+000,0.000000000000000E+000,0.000000000000000E+000,0.000000000000000E+000,9.822166557726959E-002,2.139999836998500E-002,7.694702792945837E-002,0.322703249570613,0.288585960664853 
 10/11  02:00:00,0.480196911718603,0.293004037080603,0.000000000000000E+000,0.000000000000000E+000,0.000000000000000E+000,0.000000000000000E+000,0.000000000000000E+000,0.000000000000000E+000,6.548110759841612E-002,1.426666497289785E-002,6.437536283861907E-002,0.318961762619070,0.271034680090656 
 10/11  03:00:00,0.476404301700295,0.586474384763863,0.000000000000000E+000,0.288432588789989,0.000000000000000E+000,7.941496606785314E-003,7.941496606785314E-003,7.941496606785314E-003,6.548110759841612E-002,1.426666497289785E-002,5.713104055537921E-002,0.314471978277217,0.276381685064723 
 10/11  04:00:00,0.483266134858310,0.940323900473677,0.000000000000000E+000,0.590911881772333,0.000000000000000E+000,1.626974512030930E-002,1.626974512030930E-002,1.626974512030930E-002,6.548110759841612E-002,1.426666497289785E-002,6.754384627102017E-002,0.302592757206068,0.328570121380970 
 10/11  05:00:00,0.545622361072451,1.45700341222559,0.000000000000000E+000,0.876435599273607,0.000000000000000E+000,2.413115094551612E-002,2.413115094551612E-002,2.413115094551612E-002,7.093786865477342E-002,1.545555417595845E-002,8.031657622981735E-002,0.337669197376786,0.557309930625382 
 10/11  06:00:00,0.754065494893169,2.22178824840286,0.000000000000000E+000,1.21078742719462,0.000000000000000E+000,3.333695504014464E-002,3.333695504014464E-002,3.333695504014464E-002,0.147332498365904,3.209999755497750E-002,0.134040478370362,0.390143551872181,0.984128625312326 
 10/11  07:00:00,1.05279115800176,2.18147179285047,0.000000000000000E+000,1.05190407244698,0.000000000000000E+000,2.896237438718736E-002,2.896237438718736E-002,2.896237438718736E-002,0.300121774506747,6.538886974280395E-002,0.211649359444424,0.414556754231002,1.10101399894324 
 10/11  08:00:00,0.995940603312484,2.17322316449253,0.000000000000000E+000,1.07962468642271,0.000000000000000E+000,2.972561394603824E-002,2.972561394603824E-002,2.972561394603824E-002,0.267381191450022,5.825554909465199E-002,0.272982444946349,0.350483790185822,1.06945795588761 
 10/11  09:00:00,0.827296611733721,1.65014218645152,0.000000000000000E+000,0.655112187283114,0.000000000000000E+000,1.803739041485570E-002,1.803739041485570E-002,1.803739041485570E-002,0.130962248633995,2.853333723090152E-002,0.334361574552576,0.298290047211791,0.974484462675460 
 10/11  10:00:00,0.797804843779720,0.883678415475981,0.000000000000000E+000,0.000000000000000E+000,0.000000000000000E+000,0.000000000000000E+000,0.000000000000000E+000,0.000000000000000E+000,0.103678443352208,2.258889121559851E-002,0.349120160276377,0.305305335245937,0.862649681981791 
 10/11  11:00:00,0.814027219104546,0.784403535436901,0.000000000000000E+000,0.000000000000000E+000,0.000000000000000E+000,0.000000000000000E+000,0.000000000000000E+000,0.000000000000000E+000,0.103678443352208,2.258889121559851E-002,0.365248998427415,0.305398872419725,0.763368359316027 
 10/11  12:00:00,0.799740098111883,0.706220272968489,0.000000000000000E+000,0.000000000000000E+000,0.000000000000000E+000,0.000000000000000E+000,0.000000000000000E+000,0.000000000000000E+000,0.103678443352208,2.258889121559851E-002,0.356106421993124,0.300254327861353,0.685539441315195 
 10/11  13:00:00,0.776296008439315,0.660827658515170,0.000000000000000E+000,0.000000000000000E+000,0.000000000000000E+000,0.000000000000000E+000,0.000000000000000E+000,0.000000000000000E+000,0.103678443352208,2.258889121559851E-002,0.322279706030025,0.310636954151884,0.639431695300033 
 10/11  14:00:00,0.768546671696882,0.616045850315325,0.000000000000000E+000,0.000000000000000E+000,0.000000000000000E+000,0.000000000000000E+000,0.000000000000000E+000,0.000000000000000E+000,0.103678443352208,2.258889121559851E-002,0.297038917789125,0.328128405650351,0.593445115910418 
 10/11  15:00:00,0.803517179953957,0.623146846821265,0.000000000000000E+000,0.000000000000000E+000,0.000000000000000E+000,0.000000000000000E+000,0.000000000000000E+000,0.000000000000000E+000,0.109135221127147,2.377776584844746E-002,0.307124024749640,0.346368154539124,0.599289800213121 
 10/11  16:00:00,0.950638272074293,0.682622592403345,0.000000000000000E+000,0.000000000000000E+000,0.000000000000000E+000,0.000000000000000E+000,0.000000000000000E+000,0.000000000000000E+000,0.136418942816027,2.972221186375047E-002,0.357692282510922,0.409692821193995,0.654403887530627 
 10/11  17:00:00,1.23592720190088,0.807108523735997,0.000000000000000E+000,0.000000000000000E+000,0.000000000000000E+000,0.000000000000000E+000,0.000000000000000E+000,0.000000000000000E+000,0.223727136436326,4.874444275527301E-002,0.448632307290634,0.497711301729051,0.772827307154323 
 10/11  18:00:00,1.48845906912372,0.919917048637331,0.000000000000000E+000,0.000000000000000E+000,0.000000000000000E+000,0.000000000000000E+000,0.000000000000000E+000,0.000000000000000E+000,0.409256912040987,8.916665380401598E-002,0.402559212612476,0.540364252976645,0.882697994288086 
 10/11  19:00:00,1.67942043396162,0.939545353300937,0.000000000000000E+000,0.000000000000000E+000,0.000000000000000E+000,0.000000000000000E+000,0.000000000000000E+000,0.000000000000000E+000,0.643897520434285,0.140288864037751,0.320359868498665,0.557762167301321,0.901127970388602 
 10/11  20:00:00,1.73909642229392,0.876195227558743,0.000000000000000E+000,0.000000000000000E+000,0.000000000000000E+000,0.000000000000000E+000,0.000000000000000E+000,0.000000000000000E+000,0.709378686547734,0.154555541759584,0.281112892369017,0.576937287927980,0.836457106176341 
 10/11  21:00:00,1.56860070456003,0.796452208812799,0.000000000000000E+000,0.000000000000000E+000,0.000000000000000E+000,0.000000000000000E+000,0.000000000000000E+000,0.000000000000000E+000,0.594786771238556,0.129588864852759,0.263645119876690,0.563467934902426,0.757641825672787 
 10/11  22:00:00,1.26075133861824,0.666328753556540,0.000000000000000E+000,0.000000000000000E+000,0.000000000000000E+000,0.000000000000000E+000,0.000000000000000E+000,0.000000000000000E+000,0.447454272872651,9.748886729778145E-002,0.211086897798320,0.487609286959884,0.632743340656656 
 10/11  23:00:00,0.960492013666893,0.527161230888081,0.000000000000000E+000,0.000000000000000E+000,0.000000000000000E+000,0.000000000000000E+000,0.000000000000000E+000,0.000000000000000E+000,0.311035246463717,6.776665543403097E-002,0.140854700817263,0.423723397262283,0.497976132012873 
 10/11  24:00:00,0.651503680232802,0.378644544729816,0.000000000000000E+000,0.000000000000000E+000,0.000000000000000E+000,0.000000000000000E+000,0.000000000000000E+000,0.000000000000000E+000,0.158245970322875,3.447776503343996E-002,9.118414100106639E-002,0.350483790185822,0.354504022547608 
 10/12  01:00:00,0.536919882401357,0.330707177882461,0.000000000000000E+000,1.946470494631922E-002,0.000000000000000E+000,5.359272644320435E-004,5.359272644320435E-004,5.359272644320435E-004,9.822166557726959E-002,2.139999836998500E-002,7.694702792945837E-002,0.322703249570613,0.289015410878866 
 10/12  02:00:00,0.500759929201773,1.04055417387568,0.000000000000000E+000,0.746842145715566,0.000000000000000E+000,2.056301748316963E-002,2.056301748316963E-002,2.056301748316963E-002,6.548110759841612E-002,1.426666497289785E-002,6.437536283861907E-002,0.318961762619070,0.271742671170171 
 10/12  03:00:00,0.507990097613839,1.73399622801261,0.000000000000000E+000,1.43561848276257,0.000000000000000E+000,3.952729252032761E-002,3.952729252032761E-002,3.952729252032761E-002,6.548110759841612E-002,1.426666497289785E-002,5.713104055537921E-002,0.314471978277217,0.276717634340882 
 10/12  04:00:00,0.517943673744763,2.19983101006239,0.000000000000000E+000,1.85038888077260,0.000000000000000E+000,5.094728400676099E-002,5.094728400676099E-002,5.094728400676099E-002,6.548110759841612E-002,1.426666497289785E-002,6.754384627102017E-002,0.302592757206068,0.328600231969414 
 10/12  05:00:00,0.588357455705874,3.00957834642339,0.000000000000000E+000,2.42856041750648,0.000000000000000E+000,6.686624557894005E-002,6.686624557894005E-002,6.686624557894005E-002,7.093786865477342E-002,1.545555417595845E-002,8.031657622981735E-002,0.337669197376786,0.557760046590314 
 10/12  06:00:00,0.805903759970984,4.10587879231957,0.000000000000000E+000,3.09353645235957,0.000000000000000E+000,8.517522011795908E-002,8.517522011795908E-002,8.517522011795908E-002,0.147332498365904,3.209999755497750E-002,0.134040478370362,0.390143551872181,0.985470144064093 
 10/12  07:00:00,1.10536812904426,4.09248478693804,0.000000000000000E+000,2.96148265938059,0.000000000000000E+000,8.153934542968276E-002,8.153934542968276E-002,8.153934542968276E-002,0.300121774506747,6.538886974280395E-002,0.211649359444424,0.414556754231002,1.10244840609721 
 10/12  08:00:00,1.04586742260877,3.98755296364471,0.000000000000000E+000,2.89295061888900,0.000000000000000E+000,7.965243324232145E-002,7.965243324232145E-002,7.965243324232145E-002,0.267381191450022,5.825554909465199E-002,0.272982444946349,0.350483790185822,1.07046182257349 
 10/12  09:00:00,0.868614175728487,3.15151338231252,0.000000000000000E+000,2.15575275109381,0.000000000000000E+000,5.935495440962387E-002,5.935495440962387E-002,5.935495440962387E-002,0.130962248633995,2.853333723090152E-002,0.334361574552576,0.298290047211791,0.975215094725763 
 10/12  10:00:00,0.838932156973455,2.37826784854893,0.000000000000000E+000,1.49373071623691,0.000000000000000E+000,4.112731319373756E-002,4.112731319373756E-002,4.112731319373756E-002,0.103678443352208,2.258889121559851E-002,0.349120160276377,0.305305335245937,0.863508398817833 
 10/12  11:00:00,0.820353245356057,1.01494441496251,0.000000000000000E+000,0.229759227866199,0.000000000000000E+000,6.326026251512008E-003,6.326026251512008E-003,6.326026251512008E-003,0.103678443352208,2.258889121559851E-002,0.365248998427415,0.305398872419725,0.764150010975434 
 10/12  12:00:00,0.799740098111883,0.707995003224336,0.000000000000000E+000,0.000000000000000E+000,0.000000000000000E+000,0.000000000000000E+000,0.000000000000000E+000,0.000000000000000E+000,0.103678443352208,2.258889121559851E-002,0.356106421993124,0.300254327861353,0.687314171571042 
 10/12  13:00:00,0.776296008439315,0.663036059418379,0.000000000000000E+000,0.000000000000000E+000,0.000000000000000E+000,0.000000000000000E+000,0.000000000000000E+000,0.000000000000000E+000,0.103678443352208,2.258889121559851E-002,0.322279706030025,0.310636954151884,0.641640096203241 
 10/12  14:00:00,0.768546671696882,0.618117389962905,0.000000000000000E+000,0.000000000000000E+000,0.000000000000000E+000,0.000000000000000E+000,0.000000000000000E+000,0.000000000000000E+000,0.103678443352208,2.258889121559851E-002,0.297038917789125,0.328128405650351,0.595516655557999 
 10/12  15:00:00,0.803517179953957,0.624930275680740,0.000000000000000E+000,0.000000000000000E+000,0.000000000000000E+000,0.000000000000000E+000,0.000000000000000E+000,0.000000000000000E+000,0.109135221127147,2.377776584844746E-002,0.307124024749640,0.346368154539124,0.601073229072596 
 10/12  16:00:00,0.950638272074293,0.684569121301745,0.000000000000000E+000,0.000000000000000E+000,0.000000000000000E+000,0.000000000000000E+000,0.000000000000000E+000,0.000000000000000E+000,0.136418942816027,2.972221186375047E-002,0.357692282510922,0.409692821193995,0.656350416429024 
 10/12  17:00:00,1.23592720190088,0.809071270225376,0.000000000000000E+000,0.000000000000000E+000,0.000000000000000E+000,0.000000000000000E+000,0.000000000000000E+000,0.000000000000000E+000,0.223727136436326,4.874444275527301E-002,0.448632307290634,0.497711301729051,0.774790053643700 
 10/12  18:00:00,1.48845906912372,0.922115999118059,0.000000000000000E+000,0.000000000000000E+000,0.000000000000000E+000,0.000000000000000E+000,0.000000000000000E+000,0.000000000000000E+000,0.409256912040987,8.916665380401598E-002,0.402559212612476,0.540364252976645,0.884896944768814 
 10/12  19:00:00,1.67942043396162,0.942129181436089,0.000000000000000E+000,0.000000000000000E+000,0.000000000000000E+000,0.000000000000000E+000,0.000000000000000E+000,0.000000000000000E+000,0.643897520434285,0.140288864037751,0.320359868498665,0.557762167301321,0.903711798523755 
 10/12  20:00:00,1.73909642229392,0.878539185024083,0.000000000000000E+000,0.000000000000000E+000,0.000000000000000E+000,0.000000000000000E+000,0.000000000000000E+000,0.000000000000000E+000,0.709378686547734,0.154555541759584,0.281112892369017,0.576937287927980,0.838801063641678 
 10/12  21:00:00,1.56860070456003,0.798823215300011,0.000000000000000E+000,0.000000000000000E+000,0.000000000000000E+000,0.000000000000000E+000,0.000000000000000E+000,0.000000000000000E+000,0.594786771238556,0.129588864852759,0.263645119876690,0.563467934902426,0.760012832159996 
 10/12  22:00:00,1.26075133861824,0.668117925605866,0.000000000000000E+000,0.000000000000000E+000,0.000000000000000E+000,0.000000000000000E+000,0.000000000000000E+000,0.000000000000000E+000,0.447454272872651,9.748886729778145E-002,0.211086897798320,0.487609286959884,0.634532512705982 
 10/12  23:00:00,0.960492013666893,0.527770689049019,0.000000000000000E+000,0.000000000000000E+000,0.000000000000000E+000,0.000000000000000E+000,0.000000000000000E+000,0.000000000000000E+000,0.311035246463717,6.776665543403097E-002,0.140854700817263,0.423723397262283,0.498585590173809 
 10/12  24:00:00,0.651503680232802,0.378738356321732,0.000000000000000E+000,0.000000000000000E+000,0.000000000000000E+000,0.000000000000000E+000,0.000000000000000E+000,0.000000000000000E+000,0.158245970322875,3.447776503343996E-002,9.118414100106639E-002,0.350483790185822,0.354597834139524 
 10/13  01:00:00,0.544742392424249,0.615277609618838,0.000000000000000E+000,0.303575739484864,0.000000000000000E+000,8.358437287323175E-003,8.358437287323175E-003,8.358437287323175E-003,9.822166557726959E-002,2.139999836998500E-002,7.694702792945837E-002,0.322703249570613,0.289474808076695 
 10/13  02:00:00,0.510716752677131,1.40232211510255,0.000000000000000E+000,1.10847075469447,0.000000000000000E+000,3.051984095852768E-002,3.051984095852768E-002,3.051984095852768E-002,6.548110759841612E-002,1.426666497289785E-002,6.437536283861907E-002,0.318961762619070,0.271882003418128 
 10/13  03:00:00,0.512548017387386,1.89945678912277,0.000000000000000E+000,1.60116065508537,0.000000000000000E+000,4.408521229387495E-002,4.408521229387495E-002,4.408521229387495E-002,6.548110759841612E-002,1.426666497289785E-002,5.713104055537921E-002,0.314471978277217,0.276636023128256 
 10/13  04:00:00,0.523831300796855,2.41373038192651,0.000000000000000E+000,2.06422559147701,0.000000000000000E+000,5.683491105885414E-002,5.683491105885414E-002,5.683491105885414E-002,6.548110759841612E-002,1.426666497289785E-002,6.754384627102017E-002,0.302592757206068,0.328662893129126 
 10/13  05:00:00,0.589534662893250,3.05286332074931,0.000000000000000E+000,2.47131620188933,0.000000000000000E+000,6.804345276631533E-002,6.804345276631533E-002,6.804345276631533E-002,7.093786865477342E-002,1.545555417595845E-002,8.031657622981735E-002,0.337669197376786,0.558289236533385 
 10/13  06:00:00,0.806696394717358,4.13657579389465,0.000000000000000E+000,3.12232469004089,0.000000000000000E+000,8.596785486433331E-002,8.596785486433331E-002,8.596785486433331E-002,0.147332498365904,3.209999755497750E-002,0.134040478370362,0.390143551872181,0.987378907957844 
 10/13  07:00:00,1.10499101600898,4.08117429916735,0.000000000000000E+000,2.94778603588269,0.000000000000000E+000,8.116223239440036E-002,8.116223239440036E-002,8.116223239440036E-002,0.300121774506747,6.538886974280395E-002,0.211649359444424,0.414556754231002,1.10483454182440 
 10/13  08:00:00,1.03614253074792,3.63656840849695,0.000000000000000E+000,2.53974569115170,0.000000000000000E+000,6.992754138147807E-002,6.992754138147807E-002,6.992754138147807E-002,0.267381191450022,5.825554909465199E-002,0.272982444946349,0.350483790185822,1.07268219516304 
 10/13  09:00:00,0.858761169754283,2.79561742573412,0.000000000000000E+000,1.79789476018632,0.000000000000000E+000,4.950194843542012E-002,4.950194843542012E-002,4.950194843542012E-002,0.130962248633995,2.853333723090152E-002,0.334361574552576,0.298290047211791,0.977177129054864 
 10/13  10:00:00,0.821143519553368,1.73390614312695,0.000000000000000E+000,0.847653157286783,0.000000000000000E+000,2.333867577364923E-002,2.333867577364923E-002,2.333867577364923E-002,0.103678443352208,2.258889121559851E-002,0.349120160276377,0.305305335245937,0.865224252345981 
 10/13  11:00:00,0.814027219104546,0.786799215034393,0.000000000000000E+000,0.000000000000000E+000,0.000000000000000E+000,0.000000000000000E+000,0.000000000000000E+000,0.000000000000000E+000,0.103678443352208,2.258889121559851E-002,0.365248998427415,0.305398872419725,0.765764038913519 
 10/13  12:00:00,0.799740098111883,0.709054890550517,0.000000000000000E+000,0.000000000000000E+000,0.000000000000000E+000,0.000000000000000E+000,0.000000000000000E+000,0.000000000000000E+000,0.103678443352208,2.258889121559851E-002,0.356106421993124,0.300254327861353,0.688374058897223 
 10/13  13:00:00,0.776296008439315,0.663484480891530,0.000000000000000E+000,0.000000000000000E+000,0.000000000000000E+000,0.000000000000000E+000,0.000000000000000E+000,0.000000000000000E+000,0.103678443352208,2.258889121559851E-002,0.322279706030025,0.310636954151884,0.642088517676392 
 10/13  14:00:00,0.768546671696882,0.618206061549945,0.000000000000000E+000,0.000000000000000E+000,0.000000000000000E+000,0.000000000000000E+000,0.000000000000000E+000,0.000000000000000E+000,0.103678443352208,2.258889121559851E-002,0.297038917789125,0.328128405650351,0.595605327145036 
 10/13  15:00:00,0.803517179953957,0.625317930629005,0.000000000000000E+000,0.000000000000000E+000,0.000000000000000E+000,0.000000000000000E+000,0.000000000000000E+000,0.000000000000000E+000,0.109135221127147,2.377776584844746E-002,0.307124024749640,0.346368154539124,0.601460884020861 
 10/13  16:00:00,0.950638272074293,0.684918862474668,0.000000000000000E+000,0.000000000000000E+000,0.000000000000000E+000,0.000000000000000E+000,0.000000000000000E+000,0.000000000000000E+000,0.136418942816027,2.972221186375047E-002,0.357692282510922,0.409692821193995,0.656700157601950 
 10/13  17:00:00,1.23592720190088,0.809779855223599,0.000000000000000E+000,0.000000000000000E+000,0.000000000000000E+000,0.000000000000000E+000,0.000000000000000E+000,0.000000000000000E+000,0.223727136436326,4.874444275527301E-002,0.448632307290634,0.497711301729051,0.775498638641926 
 10/13  18:00:00,1.48845906912372,0.923174941828076,0.000000000000000E+000,0.000000000000000E+000,0.000000000000000E+000,0.000000000000000E+000,0.000000000000000E+000,0.000000000000000E+000,0.409256912040987,8.916665380401598E-002,0.402559212612476,0.540364252976645,0.885955887478829 
 10/13  19:00:00,1.67942043396162,0.943067816526841,0.000000000000000E+000,0.000000000000000E+000,0.000000000000000E+000,0.000000000000000E+000,0.000000000000000E+000,0.000000000000000E+000,0.643897520434285,0.140288864037751,0.320359868498665,0.557762167301321,0.904650433614507 
 10/13  20:00:00,1.73909642229392,0.879389017438940,0.000000000000000E+000,0.000000000000000E+000,0.000000000000000E+000,0.000000000000000E+000,0.000000000000000E+000,0.000000000000000E+000,0.709378686547734,0.154555541759584,0.281112892369017,0.576937287927980,0.839650896056535 
 10/13  21:00:00,1.56860070456003,0.798776710107951,0.000000000000000E+000,0.000000000000000E+000,0.000000000000000E+000,0.000000000000000E+000,0.000000000000000E+000,0.000000000000000E+000,0.594786771238556,0.129588864852759,0.263645119876690,0.563467934902426,0.759966326967939 
 10/13  22:00:00,1.26075133861824,0.667605001500554,0.000000000000000E+000,0.000000000000000E+000,0.000000000000000E+000,0.000000000000000E+000,0.000000000000000E+000,0.000000000000000E+000,0.447454272872651,9.748886729778145E-002,0.211086897798320,0.487609286959884,0.634019588600673 
 10/13  23:00:00,0.960492013666893,0.527377405602154,0.000000000000000E+000,0.000000000000000E+000,0.000000000000000E+000,0.000000000000000E+000,0.000000000000000E+000,0.000000000000000E+000,0.311035246463717,6.776665543403097E-002,0.140854700817263,0.423723397262283,0.498192306726946 
 10/13  24:00:00,0.651503680232802,0.378123955601267,0.000000000000000E+000,0.000000000000000E+000,0.000000000000000E+000,0.000000000000000E+000,0.000000000000000E+000,0.000000000000000E+000,0.158245970322875,3.447776503343996E-002,9.118414100106639E-002,0.350483790185822,0.353983433419059 
 10/14  01:00:00,0.540330982369885,0.317550081578876,0.000000000000000E+000,0.000000000000000E+000,0.000000000000000E+000,0.000000000000000E+000,0.000000000000000E+000,0.000000000000000E+000,9.822166557726959E-002,2.139999836998500E-002,8.089405516241929E-002,0.322703249570613,0.295323019521599 
 10/14  02:00:00,0.483690845415672,0.330113075196282,0.000000000000000E+000,3.205913090009643E-002,0.000000000000000E+000,8.826931808491908E-004,8.826931808491908E-004,8.826931808491908E-004,6.548110759841612E-002,1.426666497289785E-002,6.698660335484008E-002,0.318961762619070,0.276084587306238 
 10/14  03:00:00,0.487749515987187,0.954643818638761,0.000000000000000E+000,0.650896025411823,0.000000000000000E+000,1.792130562937781E-002,1.792130562937781E-002,1.792130562937781E-002,6.548110759841612E-002,1.426666497289785E-002,5.849644581967755E-002,0.314471978277217,0.282087682317785 
 10/14  04:00:00,0.505906269032644,1.67714640602672,0.000000000000000E+000,1.31617864823342,0.000000000000000E+000,3.623872154224404E-002,3.623872154224404E-002,3.623872154224404E-002,6.548110759841612E-002,1.426666497289785E-002,7.021500402342022E-002,0.302592757206068,0.340125860472921 
 10/14  05:00:00,0.570993017229751,2.26358386205834,0.000000000000000E+000,1.64909895747078,0.000000000000000E+000,4.540511122528881E-002,4.540511122528881E-002,4.540511122528881E-002,7.093786865477342E-002,1.545555417595845E-002,8.441327210734366E-002,0.337669197376786,0.591227022260959 
 10/14  06:00:00,0.791385088508550,3.26888136115758,0.000000000000000E+000,2.18030752301462,0.000000000000000E+000,6.003102793761032E-002,6.003102793761032E-002,6.003102793761032E-002,0.147332498365904,3.209999755497750E-002,0.144665999088276,0.390143551872181,1.06170164224705 
 10/14  07:00:00,1.10953045774974,3.56782628465055,0.000000000000000E+000,2.34408265500641,0.000000000000000E+000,6.454029528650743E-002,6.454029528650743E-002,6.454029528650743E-002,0.300121774506747,6.538886974280395E-002,0.232810738293084,0.414556754231002,1.19518990818389 
 10/14  08:00:00,1.05288679596738,3.16040059413945,0.000000000000000E+000,1.96977876754011,0.000000000000000E+000,5.423447975889909E-002,5.423447975889909E-002,5.423447975889909E-002,0.267381191450022,5.825554909465199E-002,0.305419771788383,0.350483790185822,1.16648130441712 
 10/14  09:00:00,0.904738082916468,2.91685705073561,0.000000000000000E+000,1.83224658849293,0.000000000000000E+000,5.044776710687557E-002,5.044776710687557E-002,5.044776710687557E-002,0.130962248633995,2.853333723090152E-002,0.379392669043303,0.298290047211791,1.06406492574974 
 10/14  10:00:00,0.890047934033511,2.46143208969561,0.000000000000000E+000,1.50097674733601,0.000000000000000E+000,4.132682023150890E-002,4.132682023150890E-002,4.132682023150890E-002,0.103678443352208,2.258889121559851E-002,0.400036430298660,0.305305335245937,0.939426608865400 
 10/14  11:00:00,0.874369043898087,1.13302834476211,0.000000000000000E+000,0.285219266297797,0.000000000000000E+000,7.853023283520100E-003,7.853023283520100E-003,7.853023283520100E-003,0.103678443352208,2.258889121559851E-002,0.417737799937434,0.305398872419725,0.826773902343443 
 10/14  12:00:00,0.847550642451377,0.762068160375546,0.000000000000000E+000,0.000000000000000E+000,0.000000000000000E+000,0.000000000000000E+000,0.000000000000000E+000,0.000000000000000E+000,0.103678443352208,2.258889121559851E-002,0.403916966332617,0.300254327861353,0.741387328722252 
 10/14  13:00:00,0.819884075824461,0.709853058403842,0.000000000000000E+000,0.000000000000000E+000,0.000000000000000E+000,0.000000000000000E+000,0.000000000000000E+000,0.000000000000000E+000,0.103678443352208,2.258889121559851E-002,0.365867773415168,0.310636954151884,0.688457095188705 
 10/14  14:00:00,0.807672275172548,0.660562964264718,0.000000000000000E+000,0.000000000000000E+000,0.000000000000000E+000,0.000000000000000E+000,0.000000000000000E+000,0.000000000000000E+000,0.103678443352208,2.258889121559851E-002,0.336164521264791,0.328128405650351,0.637962229859812 
 10/14  15:00:00,0.840576182456400,0.667240377684681,0.000000000000000E+000,0.000000000000000E+000,0.000000000000000E+000,0.000000000000000E+000,0.000000000000000E+000,0.000000000000000E+000,0.109135221127147,2.377776584844746E-002,0.344183027252082,0.346368154539124,0.643383331076536 
 10/14  16:00:00,0.986556220056350,0.736410357695134,0.000000000000000E+000,0.000000000000000E+000,0.000000000000000E+000,0.000000000000000E+000,0.000000000000000E+000,0.000000000000000E+000,0.136418942816027,2.972221186375047E-002,0.393610230492980,0.409692821193995,0.708191652822416 
 10/14  17:00:00,1.27127916039761,0.871977955024509,0.000000000000000E+000,0.000000000000000E+000,0.000000000000000E+000,0.000000000000000E+000,0.000000000000000E+000,0.000000000000000E+000,0.223727136436326,4.874444275527301E-002,0.483984265787358,0.497711301729051,0.837696738442835 
 10/14  18:00:00,1.52276941211152,1.00343515697215,0.000000000000000E+000,0.000000000000000E+000,0.000000000000000E+000,0.000000000000000E+000,0.000000000000000E+000,0.000000000000000E+000,0.409256912040987,8.916665380401598E-002,0.436869555600276,0.540364252976645,0.966216102622905 
 10/14  19:00:00,1.71366521555097,1.03226375812632,0.000000000000000E+000,0.000000000000000E+000,0.000000000000000E+000,0.000000000000000E+000,0.000000000000000E+000,0.000000000000000E+000,0.643897520434285,0.140288864037751,0.354604650088013,0.557762167301321,0.993846375213986 
 10/14  20:00:00,1.77395182050580,0.964544464594629,0.000000000000000E+000,0.000000000000000E+000,0.000000000000000E+000,0.000000000000000E+000,0.000000000000000E+000,0.000000000000000E+000,0.709378686547734,0.154555541759584,0.315968290580894,0.576937287927980,0.924806343212227 
 10/14  21:00:00,1.60420759051382,0.870955246038195,0.000000000000000E+000,0.000000000000000E+000,0.000000000000000E+000,0.000000000000000E+000,0.000000000000000E+000,0.000000000000000E+000,0.594786771238556,0.129588864852759,0.299252005830474,0.563467934902426,0.832144862898183 
 10/14  22:00:00,1.28904457317708,0.724390278278148,0.000000000000000E+000,0.000000000000000E+000,0.000000000000000E+000,0.000000000000000E+000,0.000000000000000E+000,0.000000000000000E+000,0.447454272872651,9.748886729778145E-002,0.239380132357161,0.487609286959884,0.690804865378267 
 10/14  23:00:00,0.976026871430539,0.562989068397097,0.000000000000000E+000,0.000000000000000E+000,0.000000000000000E+000,0.000000000000000E+000,0.000000000000000E+000,0.000000000000000E+000,0.311035246463717,6.776665543403097E-002,0.156389558580908,0.423723397262283,0.533803969521887 
 10/14  24:00:00,0.658077368568549,0.391909960568781,0.000000000000000E+000,0.000000000000000E+000,0.000000000000000E+000,0.000000000000000E+000,0.000000000000000E+000,0.000000000000000E+000,0.158245970322875,3.447776503343996E-002,9.775782933681368E-002,0.350483790185822,0.367769438386574 
 10/15  01:00:00,0.542898433928697,0.411417951329323,0.000000000000000E+000,9.324901040291141E-002,0.000000000000000E+000,2.567451558811209E-003,2.567451558811209E-003,2.567451558811209E-003,9.822166557726959E-002,2.139999836998500E-002,8.089405516241929E-002,0.322703249570613,0.295941878869133 
 10/15  02:00:00,0.495722681685792,0.767365973833285,0.000000000000000E+000,0.469051533606977,0.000000000000000E+000,1.291452945096799E-002,1.291452945096799E-002,1.291452945096799E-002,6.548110759841612E-002,1.426666497289785E-002,6.698660335484008E-002,0.318961762619070,0.276345083236360 
 10/15  03:00:00,0.496767215756657,1.28204288914037,0.000000000000000E+000,0.978415965068676,0.000000000000000E+000,2.693900539884891E-002,2.693900539884891E-002,2.693900539884891E-002,6.548110759841612E-002,1.426666497289785E-002,5.849644581967755E-002,0.314471978277217,0.281966813162537 
 10/15  04:00:00,0.510658947882223,1.84970461030486,0.000000000000000E+000,1.48879440722025,0.000000000000000E+000,4.099140039182324E-002,4.099140039182324E-002,4.099140039182324E-002,6.548110759841612E-002,1.426666497289785E-002,7.021500402342022E-002,0.302592757206068,0.340068305764238 
 10/15  05:00:00,0.574366256458688,2.38635263135927,0.000000000000000E+000,1.77161391549255,0.000000000000000E+000,4.877835045422609E-002,4.877835045422609E-002,4.877835045422609E-002,7.093786865477342E-002,1.545555417595845E-002,8.441327210734366E-002,0.337669197376786,0.591480833540119 
 10/15  06:00:00,0.796309490891308,3.45033521083810,0.000000000000000E+000,2.35916022519789,0.000000000000000E+000,6.495543032036963E-002,6.495543032036963E-002,6.495543032036963E-002,0.147332498365904,3.209999755497750E-002,0.144665999088276,0.390143551872181,1.06430278974429 
 10/15  07:00:00,1.10359044198418,3.35461754356864,0.000000000000000E+000,2.12834320316933,0.000000000000000E+000,5.860027952094722E-002,5.860027952094722E-002,5.860027952094722E-002,0.300121774506747,6.538886974280395E-002,0.232810738293084,0.414556754231002,1.19772061893905 
 10/15  08:00:00,1.05277461014845,3.15951728528542,0.000000000000000E+000,1.96570421487334,0.000000000000000E+000,5.412229393997690E-002,5.412229393997690E-002,5.412229393997690E-002,0.267381191450022,5.825554909465199E-002,0.305419771788383,0.350483790185822,1.16967254822986 
 10/15  09:00:00,0.896291906967544,2.61254334018720,0.000000000000000E+000,1.52548420918991,0.000000000000000E+000,4.200159115794993E-002,4.200159115794993E-002,4.200159115794993E-002,0.130962248633995,2.853333723090152E-002,0.379392669043303,0.298290047211791,1.06651359450434 
 10/15  10:00:00,0.873198569381094,1.85190500547134,0.000000000000000E+000,0.889013271583751,0.000000000000000E+000,2.447745557909202E-002,2.447745557909202E-002,2.447745557909202E-002,0.103678443352208,2.258889121559851E-002,0.400036430298660,0.305305335245937,0.941863000393395 
 10/15  11:00:00,0.866516020614565,0.850401623796124,0.000000000000000E+000,0.000000000000000E+000,0.000000000000000E+000,0.000000000000000E+000,0.000000000000000E+000,0.000000000000000E+000,0.103678443352208,2.258889121559851E-002,0.417737799937434,0.305398872419725,0.829366447675252 
 10/15  12:00:00,0.847550642451377,0.764602093047596,0.000000000000000E+000,0.000000000000000E+000,0.000000000000000E+000,0.000000000000000E+000,0.000000000000000E+000,0.000000000000000E+000,0.103678443352208,2.258889121559851E-002,0.403916966332617,0.300254327861353,0.743921261394302 
 10/15  13:00:00,0.819884075824461,0.712316202127300,0.000000000000000E+000,0.000000000000000E+000,0.000000000000000E+000,0.000000000000000E+000,0.000000000000000E+000,0.000000000000000E+000,0.103678443352208,2.258889121559851E-002,0.365867773415168,0.310636954151884,0.690920238912163 
 10/15  14:00:00,0.807672275172548,0.662911942073827,0.000000000000000E+000,0.000000000000000E+000,0.000000000000000E+000,0.000000000000000E+000,0.000000000000000E+000,0.000000000000000E+000,0.103678443352208,2.258889121559851E-002,0.336164521264791,0.328128405650351,0.640311207668920 
 10/15  15:00:00,0.840576182456400,0.670155016707623,0.000000000000000E+000,0.000000000000000E+000,0.000000000000000E+000,0.000000000000000E+000,0.000000000000000E+000,0.000000000000000E+000,0.109135221127147,2.377776584844746E-002,0.344183027252082,0.346368154539124,0.646297970099479 
 10/15  16:00:00,0.986556220056350,0.739907065178981,0.000000000000000E+000,0.000000000000000E+000,0.000000000000000E+000,0.000000000000000E+000,0.000000000000000E+000,0.000000000000000E+000,0.136418942816027,2.972221186375047E-002,0.393610230492980,0.409692821193995,0.711688360306263 
 10/15  17:00:00,1.27139709056090,0.880633136064126,0.000000000000000E+000,4.283185396714215E-003,0.000000000000000E+000,1.179301632902690E-004,1.179301632902690E-004,1.179301632902690E-004,0.223727136436326,4.874444275527301E-002,0.483984265787358,0.497711301729051,0.842068734085737 
 10/15  18:00:00,1.52276941211152,1.00807871327706,0.000000000000000E+000,0.000000000000000E+000,0.000000000000000E+000,0.000000000000000E+000,0.000000000000000E+000,0.000000000000000E+000,0.409256912040987,8.916665380401598E-002,0.436869555600276,0.540364252976645,0.970859658927811 
 10/15  19:00:00,1.71475903381605,1.07664035222888,0.000000000000000E+000,3.972712568995680E-002,0.000000000000000E+000,1.093818265084604E-003,1.093818265084604E-003,1.093818265084604E-003,0.643897520434285,0.140288864037751,0.354604650088013,0.557762167301321,0.998495843626586 
 10/15  20:00:00,1.78801542050621,1.47952768977462,0.000000000000000E+000,0.510785404398513,0.000000000000000E+000,1.406360000041386E-002,1.406360000041386E-002,1.406360000041386E-002,0.709378686547734,0.154555541759584,0.315968290580894,0.576937287927980,0.929004163993709 
 10/15  21:00:00,1.62854746587837,1.75840451627079,0.000000000000000E+000,0.884016402679870,0.000000000000000E+000,2.433987536455666E-002,2.433987536455666E-002,2.433987536455666E-002,0.594786771238556,0.129588864852759,0.299252005830474,0.563467934902426,0.835577730450905 
 10/15  22:00:00,1.33472574787372,2.38633333928692,0.000000000000000E+000,1.65912549348241,0.000000000000000E+000,4.568117469664663E-002,4.568117469664663E-002,4.568117469664663E-002,0.447454272872651,9.748886729778145E-002,0.239380132357161,0.487609286959884,0.693622432904625 
 10/15  23:00:00,1.03333123170118,2.64594977302267,0.000000000000000E+000,2.08127583504765,0.000000000000000E+000,5.730436027064099E-002,5.730436027064099E-002,5.730436027064099E-002,0.311035246463717,6.776665543403097E-002,0.156389558580908,0.423723397262283,0.535488839099820 
 10/15  24:00:00,0.736419734964003,3.23709198557602,0.000000000000000E+000,2.84536941463496,0.000000000000000E+000,7.834236639545297E-002,7.834236639545297E-002,7.834236639545297E-002,0.158245970322875,3.447776503343996E-002,9.775782933681368E-002,0.350483790185822,0.367582048758829 
 10/16  01:00:00,0.621920739128129,3.41716130552402,0.000000000000000E+000,3.10666833532024,0.000000000000000E+000,8.553678399120411E-002,8.553678399120411E-002,8.553678399120411E-002,9.822166557726959E-002,2.139999836998500E-002,7.694702792945837E-002,0.322703249570613,0.288265908146506 
 10/16  02:00:00,0.578039776695729,3.84485601214807,0.000000000000000E+000,3.55362121742517,0.000000000000000E+000,9.784286497712769E-002,9.784286497712769E-002,9.784286497712769E-002,6.548110759841612E-002,1.426666497289785E-002,6.437536283861907E-002,0.318961762619070,0.269265437732945 
 10/16  03:00:00,0.573065700311649,4.09531059330844,0.000000000000000E+000,3.79914332985012,0.000000000000000E+000,0.104602895218139,0.104602895218139,0.104602895218139,6.548110759841612E-002,1.426666497289785E-002,5.713104055537921E-002,0.314471978277217,0.274507152549178 
 10/16  04:00:00,0.576140263334450,4.31204849351445,0.000000000000000E+000,3.96407019617612,0.000000000000000E+000,0.109143873596450,0.109143873596450,0.109143873596450,6.548110759841612E-002,1.426666497289785E-002,6.754384627102017E-002,0.302592757206068,0.327136400017963 
 10/16  05:00:00,0.631298141521790,4.57072683242932,0.000000000000000E+000,3.98815224100724,0.000000000000000E+000,0.109806931394854,0.109806931394854,0.109806931394854,7.093786865477342E-002,1.545555417595845E-002,8.031657622981735E-002,0.337669197376786,0.559316709095454 
 10/16  06:00:00,0.844364993276768,5.51036457023571,0.000000000000000E+000,4.49043600917168,0.000000000000000E+000,0.123636453423744,0.123636453423744,0.123636453423744,0.147332498365904,3.209999755497750E-002,0.134040478370362,0.390143551872181,0.993056365168129 
 10/16  07:00:00,1.13086148268666,5.02788833605651,0.000000000000000E+000,3.88739302012207,0.000000000000000E+000,0.107032699072082,0.107032699072082,0.107032699072082,0.300121774506747,6.538886974280395E-002,0.211649359444424,0.414556754231002,1.11194159447417 
 10/16  08:00:00,1.07411496453922,5.02293047668739,0.000000000000000E+000,3.91889220765629,0.000000000000000E+000,0.107899975172778,0.107899975172778,0.107899975172778,0.267381191450022,5.825554909465199E-002,0.272982444946349,0.350483790185822,1.07989774684888 
 10/16  09:00:00,0.922671029308652,5.12437105466329,0.000000000000000E+000,4.11908019325963,0.000000000000000E+000,0.113411807989789,0.113411807989789,0.113411807989789,0.130962248633995,2.853333723090152E-002,0.334361574552576,0.298290047211791,0.984745324910732 
 10/16  10:00:00,0.935310079053112,5.88701091334710,0.000000000000000E+000,4.99414568133090,0.000000000000000E+000,0.137505235273392,0.137505235273392,0.137505235273392,0.103678443352208,2.258889121559851E-002,0.349120160276377,0.305305335245937,0.871836498521994 
 10/16  11:00:00,0.931117806630380,5.04395184797580,0.000000000000000E+000,4.25269227643588,0.000000000000000E+000,0.117090587525836,0.117090587525836,0.117090587525836,0.103678443352208,2.258889121559851E-002,0.365248998427415,0.305398872419725,0.770224395419054 
 10/16  12:00:00,0.906148334086418,4.57725185307819,0.000000000000000E+000,3.86471272234609,0.000000000000000E+000,0.106408235974536,0.106408235974536,0.106408235974536,0.103678443352208,2.258889121559851E-002,0.356106421993124,0.300254327861353,0.691858299078799 
 10/16  13:00:00,0.882827995900257,4.53622071867048,0.000000000000000E+000,3.86920733631595,0.000000000000000E+000,0.106531987460941,0.106531987460941,0.106531987460941,0.103678443352208,2.258889121559851E-002,0.322279706030025,0.310636954151884,0.645617419139383 
 10/16  14:00:00,0.868716919072218,4.26022063755614,0.000000000000000E+000,3.63815099354388,0.000000000000000E+000,0.100170247375335,0.100170247375335,0.100170247375335,0.103678443352208,2.258889121559851E-002,0.297038917789125,0.328128405650351,0.599468909607347 
 10/16  15:00:00,0.901336583628334,4.18209084012577,0.000000000000000E+000,3.55276911049568,0.000000000000000E+000,9.781940367437533E-002,9.781940367437533E-002,9.781940367437533E-002,0.109135221127147,2.377776584844746E-002,0.307124024749640,0.346368154539124,0.605464683021945 
 10/16  16:00:00,1.04841928008977,4.24130151816925,0.000000000000000E+000,3.55137459258021,0.000000000000000E+000,9.778100801547938E-002,9.778100801547938E-002,9.778100801547938E-002,0.136418942816027,2.972221186375047E-002,0.357692282510922,0.409692821193995,0.661708220716309 
 10/16  17:00:00,1.32418410737080,4.02168463734261,0.000000000000000E+000,3.20546226784640,0.000000000000000E+000,8.825690546991399E-002,8.825690546991399E-002,8.825690546991399E-002,0.223727136436326,4.874444275527301E-002,0.448632307290634,0.497711301729051,0.781941152914527 
 10/16  18:00:00,1.57225481683061,3.97368730311969,0.000000000000000E+000,3.04343446045662,0.000000000000000E+000,8.379574770688565E-002,8.379574770688565E-002,8.379574770688565E-002,0.409256912040987,8.916665380401598E-002,0.402559212612476,0.540364252976645,0.893033788313806 
 10/16  19:00:00,1.75997733855313,3.87581125116394,0.000000000000000E+000,2.92580072582082,0.000000000000000E+000,8.055690459150545E-002,8.055690459150545E-002,8.055690459150545E-002,0.643897520434285,0.140288864037751,0.320359868498665,0.557762167301321,0.911593142430780 
 10/16  20:00:00,1.81655521925774,3.69883640921490,0.000000000000000E+000,2.81327845858986,0.000000000000000E+000,7.745879696382271E-002,7.745879696382271E-002,7.745879696382271E-002,0.709378686547734,0.154555541759584,0.281112892369017,0.576937287927980,0.845819829242628 
 10/16  21:00:00,1.65017219712766,3.76747025463768,0.000000000000000E+000,2.96265023303576,0.000000000000000E+000,8.157149256763156E-002,8.157149256763156E-002,8.157149256763156E-002,0.594786771238556,0.129588864852759,0.263645119876690,0.563467934902426,0.766009638461907 
 10/16  22:00:00,1.35153590189261,3.96952307014464,0.000000000000000E+000,3.29726598195879,0.000000000000000E+000,9.078456327436779E-002,9.078456327436779E-002,9.078456327436779E-002,0.447454272872651,9.748886729778145E-002,0.211086897798320,0.487609286959884,0.638671675285973 
 10/16  23:00:00,1.05852618074206,4.09049726008825,0.000000000000000E+000,3.56056924776623,0.000000000000000E+000,9.803416707516341E-002,9.803416707516341E-002,9.803416707516341E-002,0.311035246463717,6.776665543403097E-002,0.140854700817263,0.423723397262283,0.500742913446791 
 10/16  24:00:00,0.763175137209696,4.43459847618264,0.000000000000000E+000,4.05587120723248,0.000000000000000E+000,0.111671456976892,0.111671456976892,0.111671456976892,0.158245970322875,3.447776503343996E-002,9.118414100106639E-002,0.350483790185822,0.354586746767959 
 10/17  01:00:00,0.654483566916674,4.59940353663114,0.000000000000000E+000,4.28933971105914,0.000000000000000E+000,0.118099611779749,0.118099611779749,0.118099611779749,9.822166557726959E-002,2.139999836998500E-002,7.694702792945837E-002,0.322703249570613,0.287836763514724 
 10/17  02:00:00,0.605320534657818,4.83583669297329,0.000000000000000E+000,4.54444952508135,0.000000000000000E+000,0.125123622939216,0.125123622939216,0.125123622939216,6.548110759841612E-002,1.426666497289785E-002,6.437536283861907E-002,0.318961762619070,0.269417810901996 
 10/17  03:00:00,0.596156045028329,4.93412668867980,0.000000000000000E+000,4.63777718344833,0.000000000000000E+000,0.127693239934820,0.127693239934820,0.127693239934820,6.548110759841612E-002,1.426666497289785E-002,5.713104055537921E-002,0.314471978277217,0.274689394322313 
 10/17  04:00:00,0.597514697091114,5.08879374937969,0.000000000000000E+000,4.74038271856475,0.000000000000000E+000,0.130518307353113,0.130518307353113,0.130518307353113,6.548110759841612E-002,1.426666497289785E-002,6.754384627102017E-002,0.302592757206068,0.327569133494542 
 10/17  05:00:00,0.658129540267042,5.54657688714296,0.000000000000000E+000,4.96265996721307,0.000000000000000E+000,0.136638330140106,0.136638330140106,0.136638330140106,7.093786865477342E-002,1.545555417595845E-002,8.031657622981735E-002,0.337669197376786,0.560659037603263 
 10/17  06:00:00,0.851908849954371,5.78714311372345,0.000000000000000E+000,4.76442644431483,0.000000000000000E+000,0.131180310101345,0.131180310101345,0.131180310101345,0.147332498365904,3.209999755497750E-002,0.134040478370362,0.390143551872181,0.995844473512703 
 10/17  07:00:00,1.16460508450892,6.25648394969260,0.000000000000000E+000,5.11294972694954,0.000000000000000E+000,0.140776300894343,0.140776300894343,0.140776300894343,0.300121774506747,6.538886974280395E-002,0.211649359444424,0.414556754231002,1.11498050128280 
 10/17  08:00:00,1.09814319645138,5.89883122798623,0.000000000000000E+000,4.79158982091848,0.000000000000000E+000,0.131928207084940,0.131928207084940,0.131928207084940,0.267381191450022,5.825554909465199E-002,0.272982444946349,0.350483790185822,1.08310088488554 
 10/17  09:00:00,0.933736117730944,5.52862130349514,0.000000000000000E+000,4.52096062674177,0.000000000000000E+000,0.124476896412081,0.124476896412081,0.124476896412081,0.130962248633995,2.853333723090152E-002,0.334361574552576,0.298290047211791,0.987115140260442 
 10/17  10:00:00,0.935042147383778,5.87921612846322,0.000000000000000E+000,4.98441448973935,0.000000000000000E+000,0.137237303604059,0.137237303604059,0.137237303604059,0.103678443352208,2.258889121559851E-002,0.349120160276377,0.305305335245937,0.873772905229693 
 10/17  11:00:00,0.909680744567694,4.26704168411487,0.000000000000000E+000,3.47410511422401,0.000000000000000E+000,9.565352546314999E-002,9.565352546314999E-002,9.565352546314999E-002,0.103678443352208,2.258889121559851E-002,0.365248998427415,0.305398872419725,0.771901393769990 
 10/17  12:00:00,0.879352733404627,3.60616999233141,0.000000000000000E+000,2.89150517022951,0.000000000000000E+000,7.961263529274533E-002,7.961263529274533E-002,7.961263529274533E-002,0.103678443352208,2.258889121559851E-002,0.356106421993124,0.300254327861353,0.693983990448612 
 10/17  13:00:00,0.839338033684231,2.95904444387299,0.000000000000000E+000,2.28966597157754,0.000000000000000E+000,6.304202524491567E-002,6.304202524491567E-002,6.304202524491567E-002,0.103678443352208,2.258889121559851E-002,0.322279706030025,0.310636954151884,0.647982509080329 
 10/17  14:00:00,0.815629162435480,2.33443412820999,0.000000000000000E+000,1.71002083899544,0.000000000000000E+000,4.708249073859774E-002,4.708249073859774E-002,4.708249073859774E-002,0.103678443352208,2.258889121559851E-002,0.297038917789125,0.328128405650351,0.601812554809648 
 10/17  15:00:00,0.847212108564589,2.21891619318593,0.000000000000000E+000,1.58698567791237,0.000000000000000E+000,4.369492861063076E-002,4.369492861063076E-002,4.369492861063076E-002,0.109135221127147,2.377776584844746E-002,0.307124024749640,0.346368154539124,0.608073468665425 
 10/17  16:00:00,0.995015034532749,2.30493777519182,0.000000000000000E+000,1.61174966278700,0.000000000000000E+000,4.437676245845407E-002,4.437676245845407E-002,4.437676245845407E-002,0.136418942816027,2.972221186375047E-002,0.357692282510922,0.409692821193995,0.664969407532103 
 10/17  17:00:00,1.30215511592183,3.22547057028678,0.000000000000000E+000,2.40537642173154,0.000000000000000E+000,6.622791402094660E-002,6.622791402094660E-002,6.622791402094660E-002,0.223727136436326,4.874444275527301E-002,0.448632307290634,0.497711301729051,0.785812931973557 
 10/17  18:00:00,1.53881580818164,2.76284322438674,0.000000000000000E+000,1.82894047918953,0.000000000000000E+000,5.035673905791373E-002,5.035673905791373E-002,5.035673905791373E-002,0.409256912040987,8.916665380401598E-002,0.402559212612476,0.540364252976645,0.896683690847965 
 10/17  19:00:00,1.73625972775228,3.01845449924106,0.000000000000000E+000,2.06438477087906,0.000000000000000E+000,5.683929379066199E-002,5.683929379066199E-002,5.683929379066199E-002,0.643897520434285,0.140288864037751,0.320359868498665,0.557762167301321,0.915652345449649 
 10/17  20:00:00,1.80367736051457,3.23538577740294,0.000000000000000E+000,2.34555879323222,0.000000000000000E+000,6.458093822065229E-002,6.458093822065229E-002,6.458093822065229E-002,0.709378686547734,0.154555541759584,0.281112892369017,0.576937287927980,0.850088862788318 
 10/17  21:00:00,1.64412988147726,3.55156714455878,0.000000000000000E+000,2.74319528246097,0.000000000000000E+000,7.552917691722846E-002,7.552917691722846E-002,7.552917691722846E-002,0.594786771238556,0.129588864852759,0.263645119876690,0.563467934902426,0.769561478957807 
 10/17  22:00:00,1.35072286529354,3.94279292265784,0.000000000000000E+000,3.26773675558479,0.000000000000000E+000,8.997152667529959E-002,8.997152667529959E-002,8.997152667529959E-002,0.447454272872651,9.748886729778145E-002,0.211086897798320,0.487609286959884,0.641470754173179 
 10/17  23:00:00,1.06845962947356,4.45345238408736,0.000000000000000E+000,3.92134889360669,0.000000000000000E+000,0.107967615806664,0.107967615806664,0.107967615806664,0.311035246463717,6.776665543403097E-002,0.140854700817263,0.423723397262283,0.502918391605450 
 10/17  24:00:00,0.777610718793205,4.95993939849601,0.000000000000000E+000,4.58016686244478,0.000000000000000E+000,0.126107038560403,0.126107038560403,0.126107038560403,0.158245970322875,3.447776503343996E-002,9.118414100106639E-002,0.350483790185822,0.355632013869008 
 10/18  01:00:00,0.676202193430205,5.38895580140436,0.000000000000000E+000,5.07815320307887,0.000000000000000E+000,0.139818238293282,0.139818238293282,0.139818238293282,9.822166557726959E-002,2.139999836998500E-002,7.694702792945837E-002,0.322703249570613,0.288575536268208 
 10/18  02:00:00,0.632798878862737,5.83450955062046,0.000000000000000E+000,5.54245410118551,0.000000000000000E+000,0.152601967144136,0.152601967144136,0.152601967144136,6.548110759841612E-002,1.426666497289785E-002,6.437536283861907E-002,0.318961762619070,0.270086092445014 
 10/18  03:00:00,0.626634563185919,6.04132611367786,0.000000000000000E+000,5.74474710737490,0.000000000000000E+000,0.158171758092409,0.158171758092409,0.158171758092409,6.548110759841612E-002,1.426666497289785E-002,5.713104055537921E-002,0.314471978277217,0.274918895393821 
 10/18  04:00:00,0.631934500388018,6.33939220838404,0.000000000000000E+000,5.99049884429427,0.000000000000000E+000,0.164938110650018,0.164938110650018,0.164938110650018,6.548110759841612E-002,1.426666497289785E-002,6.754384627102017E-002,0.302592757206068,0.328051466769394 
 10/18  05:00:00,0.696117694844744,6.92747918385716,0.000000000000000E+000,6.34237745759630,0.000000000000000E+000,0.174626484717807,0.174626484717807,0.174626484717807,7.093786865477342E-002,1.545555417595845E-002,8.031657622981735E-002,0.337669197376786,0.561843843934271 
 10/18  06:00:00,0.909231449993942,7.87122833071090,0.000000000000000E+000,6.84636474187202,0.000000000000000E+000,0.188502910140917,0.188502910140917,0.188502910140917,0.147332498365904,3.209999755497750E-002,0.134040478370362,0.390143551872181,0.997991392942964 
 10/18  07:00:00,1.20583526732818,7.75663555857129,0.000000000000000E+000,6.61041663472135,0.000000000000000E+000,0.182006483713601,0.182006483713601,0.182006483713601,0.300121774506747,6.538886974280395E-002,0.211649359444424,0.414556754231002,1.11766520238969 
 10/18  08:00:00,1.13957656768977,7.40622645961795,0.000000000000000E+000,6.29643646636984,0.000000000000000E+000,0.173361578323326,0.173361578323326,0.173361578323326,0.267381191450022,5.825554909465199E-002,0.272982444946349,0.350483790185822,1.08564947106592 
 10/18  09:00:00,0.969225059485280,6.81961686336093,0.000000000000000E+000,5.80990751552777,0.000000000000000E+000,0.159965838166417,0.159965838166417,0.159965838166417,0.130962248633995,2.853333723090152E-002,0.334361574552576,0.298290047211791,0.989163811340241 
 10/18  10:00:00,0.961912640000016,6.85671325494241,0.000000000000000E+000,5.96034209269789,0.000000000000000E+000,0.164107796220296,0.164107796220296,0.164107796220296,0.103678443352208,2.258889121559851E-002,0.349120160276377,0.305305335245937,0.875342428750355 
 10/18  11:00:00,0.932014155341514,5.07967724523146,0.000000000000000E+000,4.28524737178016,0.000000000000000E+000,0.117986936236967,0.117986936236967,0.117986936236967,0.103678443352208,2.258889121559851E-002,0.365248998427415,0.305398872419725,0.773394697330418 
 10/18  12:00:00,0.896590968093912,4.23355381242098,0.000000000000000E+000,3.51759227997549,0.000000000000000E+000,9.685086998203038E-002,9.685086998203038E-002,9.685086998203038E-002,0.103678443352208,2.258889121559851E-002,0.356106421993124,0.300254327861353,0.695280700792182 
 10/18  13:00:00,0.851910844107588,3.41682683141272,0.000000000000000E+000,2.74630638060025,0.000000000000000E+000,7.561483566827348E-002,7.561483566827348E-002,7.561483566827348E-002,0.103678443352208,2.258889121559851E-002,0.322279706030025,0.310636954151884,0.649124487597341 
 10/18  14:00:00,0.837757339071518,3.13929299141308,0.000000000000000E+000,2.51370905903210,0.000000000000000E+000,6.921066737463544E-002,6.921066737463544E-002,6.921066737463544E-002,0.103678443352208,2.258889121559851E-002,0.297038917789125,0.328128405650351,0.602983197976072 
 10/18  15:00:00,0.868861336173935,3.00699420408630,0.000000000000000E+000,2.37327862417291,0.000000000000000E+000,6.534415621997648E-002,6.534415621997648E-002,6.534415621997648E-002,0.109135221127147,2.377776584844746E-002,0.307124024749640,0.346368154539124,0.609858533305256 
 10/18  16:00:00,1.00969107783128,2.83936442993070,0.000000000000000E+000,2.14477880973302,0.000000000000000E+000,5.905280575698597E-002,5.905280575698597E-002,5.905280575698597E-002,0.136418942816027,2.972221186375047E-002,0.357692282510922,0.409692821193995,0.666366915324947 
 10/18  17:00:00,1.31520791975079,3.70112511836503,0.000000000000000E+000,2.87945003603446,0.000000000000000E+000,7.928071784990104E-002,7.928071784990104E-002,7.928071784990104E-002,0.223727136436326,4.874444275527301E-002,0.448632307290634,0.497711301729051,0.787393865748872 
 10/18  18:00:00,1.56088697993408,3.56686401807135,0.000000000000000E+000,2.63055830028693,0.000000000000000E+000,7.242791081034980E-002,7.242791081034980E-002,7.242791081034980E-002,0.409256912040987,8.916665380401598E-002,0.402559212612476,0.540364252976645,0.899086663435180 
 10/18  19:00:00,1.75961837787956,3.86915102721510,0.000000000000000E+000,2.91276339023071,0.000000000000000E+000,8.019794391793991E-002,8.019794391793991E-002,8.019794391793991E-002,0.643897520434285,0.140288864037751,0.320359868498665,0.557762167301321,0.917970254072057 
 10/18  20:00:00,1.83742019354216,4.46311049618918,0.000000000000000E+000,3.57108757768575,0.000000000000000E+000,9.832377124824017E-002,9.832377124824017E-002,9.832377124824017E-002,0.709378686547734,0.154555541759584,0.281112892369017,0.576937287927980,0.852284797121026 
 10/18  21:00:00,1.68308207261689,4.96786875148716,0.000000000000000E+000,4.15792626904197,0.000000000000000E+000,0.114481368056862,0.114481368056862,0.114481368056862,0.594786771238556,0.129588864852759,0.263645119876690,0.563467934902426,0.771132099305169 
 10/18  22:00:00,1.39406730503226,5.51775833114855,0.000000000000000E+000,4.84199279100380,0.000000000000000E+000,0.133315966414022,0.133315966414022,0.133315966414022,0.447454272872651,9.748886729778145E-002,0.211086897798320,0.487609286959884,0.642180127244866 
 10/18  23:00:00,1.10801975751931,5.89060641005808,0.000000000000000E+000,5.35815995203492,0.000000000000000E+000,0.147527743852414,0.147527743852414,0.147527743852414,0.311035246463717,6.776665543403097E-002,0.140854700817263,0.423723397262283,0.503261359147962 
 10/18  24:00:00,0.818896623213799,6.45951579687589,0.000000000000000E+000,6.07965756075896,0.000000000000000E+000,0.167392942980997,0.167392942980997,0.167392942980997,0.158245970322875,3.447776503343996E-002,9.118414100106639E-002,0.350483790185822,0.355717713934707 
 10/19  01:00:00,0.719101450704514,6.94660698877262,0.000000000000000E+000,6.63624035534487,0.000000000000000E+000,0.182717495567589,0.182717495567589,0.182717495567589,9.822166557726959E-002,2.139999836998500E-002,7.694702792945837E-002,0.322703249570613,0.288139571370475 
 10/19  02:00:00,0.680768225145628,7.57646183276637,0.000000000000000E+000,7.28468524677534,0.000000000000000E+000,0.200571313427026,0.200571313427026,0.200571313427026,6.548110759841612E-002,1.426666497289785E-002,6.437536283861907E-002,0.318961762619070,0.269807229001088 
 10/19  03:00:00,0.682687588711453,8.07683635950797,0.000000000000000E+000,7.78057486911283,0.000000000000000E+000,0.214224783617943,0.214224783617943,0.214224783617943,6.548110759841612E-002,1.426666497289785E-002,5.713104055537921E-002,0.314471978277217,0.274601379486005 
 10/19  04:00:00,0.681512949123370,8.13991885271721,0.000000000000000E+000,7.79117207063695,0.000000000000000E+000,0.214516559385371,0.214516559385371,0.214516559385371,6.548110759841612E-002,1.426666497289785E-002,6.754384627102017E-002,0.302592757206068,0.327904884759879 
 10/19  05:00:00,0.743961083018232,8.66542649680373,0.000000000000000E+000,8.08003384538260,0.000000000000000E+000,0.222469872891296,0.222469872891296,0.222469872891296,7.093786865477342E-002,1.545555417595845E-002,8.031657622981735E-002,0.337669197376786,0.562134769094528 
 10/19  06:00:00,0.936571729997729,8.86630963649334,0.000000000000000E+000,7.83935487083560,0.000000000000000E+000,0.215843190144704,0.215843190144704,0.215843190144704,0.147332498365904,3.209999755497750E-002,0.134040478370362,0.390143551872181,1.00008256976184 
 10/19  07:00:00,1.23257879697181,8.73024066874292,0.000000000000000E+000,7.58173298356992,0.000000000000000E+000,0.208750013357238,0.208750013357238,0.208750013357238,0.300121774506747,6.538886974280395E-002,0.211649359444424,0.414556754231002,1.11995396371276 
 10/19  08:00:00,1.17470896533961,8.68479225011635,0.000000000000000E+000,7.57243378857296,0.000000000000000E+000,0.208493975973168,0.208493975973168,0.208493975973168,0.267381191450022,5.825554909465199E-002,0.272982444946349,0.350483790185822,1.08821793936117 
 10/19  09:00:00,0.991940215625382,7.64670792010944,0.000000000000000E+000,6.63491464134583,0.000000000000000E+000,0.182680994306518,0.182680994306518,0.182680994306518,0.130962248633995,2.853333723090152E-002,0.334361574552576,0.298290047211791,0.991247742270645 
 10/19  10:00:00,0.962392220872716,6.87573266333295,0.000000000000000E+000,5.97776031491676,0.000000000000000E+000,0.164587377092997,0.164587377092997,0.164587377092997,0.103678443352208,2.258889121559851E-002,0.349120160276377,0.305305335245937,0.876943614922006 
 10/19  11:00:00,0.922812588639553,4.74750578983848,0.000000000000000E+000,3.95104944459064,0.000000000000000E+000,0.108785369535007,0.108785369535007,0.108785369535007,0.103678443352208,2.258889121559851E-002,0.365248998427415,0.305398872419725,0.775421169126986 
 10/19  12:00:00,0.874729985834057,3.44152938420705,0.000000000000000E+000,2.72360847328153,0.000000000000000E+000,7.498988772217302E-002,7.498988772217302E-002,7.498988772217302E-002,0.103678443352208,2.258889121559851E-002,0.356106421993124,0.300254327861353,0.697240079272234 
 10/19  13:00:00,0.827507414842955,2.53268076424043,0.000000000000000E+000,1.85998172082037,0.000000000000000E+000,5.121140640363846E-002,5.121140640363846E-002,5.121140640363846E-002,0.103678443352208,2.258889121559851E-002,0.322279706030025,0.310636954151884,0.651303080204928 
 10/19  14:00:00,0.803367978064849,1.89280935171049,0.000000000000000E+000,1.26469858744013,0.000000000000000E+000,3.482130636796670E-002,3.482130636796670E-002,3.482130636796670E-002,0.103678443352208,2.258889121559851E-002,0.297038917789125,0.328128405650351,0.605510029865450 
 10/19  15:00:00,0.827698366803797,1.51415039480406,0.000000000000000E+000,0.878252887139000,0.000000000000000E+000,2.418118684983992E-002,2.418118684983992E-002,2.418118684983992E-002,0.109135221127147,2.377776584844746E-002,0.307124024749640,0.346368154539124,0.612040461056916 
 10/19  16:00:00,0.970558319095542,1.42089415974626,0.000000000000000E+000,0.723489666450034,0.000000000000000E+000,1.992004702124906E-002,1.992004702124906E-002,1.992004702124906E-002,0.136418942816027,2.972221186375047E-002,0.357692282510922,0.409692821193995,0.669185788423508 
 10/19  17:00:00,1.27945617332258,2.40628177149559,0.000000000000000E+000,1.58095816647415,0.000000000000000E+000,4.352897142169178E-002,4.352897142169178E-002,4.352897142169178E-002,0.223727136436326,4.874444275527301E-002,0.448632307290634,0.497711301729051,0.791042388439766 
 10/19  18:00:00,1.52198013723494,2.15748764920329,0.000000000000000E+000,1.21747435440095,0.000000000000000E+000,3.352106811121498E-002,3.352106811121498E-002,3.352106811121498E-002,0.409256912040987,8.916665380401598E-002,0.402559212612476,0.540364252976645,0.902794240453095 
 10/19  19:00:00,1.72221218666479,2.51433150322653,0.000000000000000E+000,1.55418262100484,0.000000000000000E+000,4.279175270316422E-002,4.279175270316422E-002,4.279175270316422E-002,0.643897520434285,0.140288864037751,0.320359868498665,0.557762167301321,0.921731499309354 
 10/19  20:00:00,1.79864728753286,3.05831633079022,0.000000000000000E+000,2.16286816906471,0.000000000000000E+000,5.955086523894047E-002,5.955086523894047E-002,5.955086523894047E-002,0.709378686547734,0.154555541759584,0.281112892369017,0.576937287927980,0.855710040343101 
 10/19  21:00:00,1.65312779153624,3.88344737963142,0.000000000000000E+000,3.06999646623218,0.000000000000000E+000,8.452708697621325E-002,8.452708697621325E-002,8.452708697621325E-002,0.594786771238556,0.129588864852759,0.263645119876690,0.563467934902426,0.774640530259234 
 10/19  22:00:00,1.37212009652500,4.72380906007028,0.000000000000000E+000,4.04487727488637,0.000000000000000E+000,0.111368757906763,0.111368757906763,0.111368757906763,0.447454272872651,9.748886729778145E-002,0.211086897798320,0.487609286959884,0.645346372284038 
 10/19  23:00:00,1.09301992683612,5.34753478399227,0.000000000000000E+000,4.81337095197835,0.000000000000000E+000,0.132527913169227,0.132527913169227,0.132527913169227,0.311035246463717,6.776665543403097E-002,0.140854700817263,0.423723397262283,0.504978733138711 
 10/19  24:00:00,0.806361963347063,6.00544364932991,0.000000000000000E+000,5.62440276761639,0.000000000000000E+000,0.154858283114261,0.154858283114261,0.154858283114261,0.158245970322875,3.447776503343996E-002,9.118414100106639E-002,0.350483790185822,0.356900359531326 
 10/20  01:00:00,0.705232877567006,6.44409895932607,0.000000000000000E+000,6.13253826354313,0.000000000000000E+000,0.168848922430083,0.168848922430083,0.168848922430083,9.822166557726959E-002,2.139999836998500E-002,7.694702792945837E-002,0.322703249570613,0.289333633725686 
 10/20  02:00:00,0.659058122754815,6.78804665347781,0.000000000000000E+000,6.49618134813642,0.000000000000000E+000,0.178861211036213,0.178861211036213,0.178861211036213,6.548110759841612E-002,1.426666497289785E-002,6.437536283861907E-002,0.318961762619070,0.269895948351446 
 10/20  03:00:00,0.651810975647586,6.95588912426774,0.000000000000000E+000,6.65914626691847,0.000000000000000E+000,0.183348170554075,0.183348170554075,0.183348170554075,6.548110759841612E-002,1.426666497289785E-002,5.713104055537921E-002,0.314471978277217,0.275082746440098 
 10/20  04:00:00,0.658171678396080,7.29275733954920,0.000000000000000E+000,6.94342466547298,0.000000000000000E+000,0.191175288658079,0.191175288658079,0.191175288658079,6.548110759841612E-002,1.426666497289785E-002,6.754384627102017E-002,0.302592757206068,0.328490776755842 
 10/20  05:00:00,0.711977400441537,7.50550533453569,0.000000000000000E+000,6.91839683646524,0.000000000000000E+000,0.190486190314601,0.190486190314601,0.190486190314601,7.093786865477342E-002,1.545555417595845E-002,8.031657622981735E-002,0.337669197376786,0.563850615743840 
 10/20  06:00:00,0.926138161717331,8.49014906434590,0.000000000000000E+000,7.46041104469814,0.000000000000000E+000,0.205409621864305,0.205409621864305,0.205409621864305,0.147332498365904,3.209999755497750E-002,0.134040478370362,0.390143551872181,1.00286582375182 
 10/20  07:00:00,1.21513165384351,8.09987200233464,0.000000000000000E+000,6.94805838687157,0.000000000000000E+000,0.191302870228934,0.191302870228934,0.191302870228934,0.300121774506747,6.538886974280395E-002,0.211649359444424,0.414556754231002,1.12325989400284 
 10/20  08:00:00,1.13931539854418,7.40218531179465,0.000000000000000E+000,6.28695088745399,0.000000000000000E+000,0.173100409177740,0.173100409177740,0.173100409177740,0.267381191450022,5.825554909465199E-002,0.272982444946349,0.350483790185822,1.09109390215845 
 10/20  09:00:00,0.953103901720175,6.23892628587942,0.000000000000000E+000,5.22439227844912,0.000000000000000E+000,0.143844680401312,0.143844680401312,0.143844680401312,0.130962248633995,2.853333723090152E-002,0.334361574552576,0.298290047211791,0.993988470937377 
 10/20  10:00:00,0.919374191889512,5.31608609195475,0.000000000000000E+000,4.41535941258973,0.000000000000000E+000,0.121569348109793,0.121569348109793,0.121569348109793,0.103678443352208,2.258889121559851E-002,0.349120160276377,0.305305335245937,0.879697945870813 
 10/20  11:00:00,0.878771253059420,3.15008781898318,0.000000000000000E+000,2.35148237756039,0.000000000000000E+000,6.474403395487406E-002,6.474403395487406E-002,6.474403395487406E-002,0.103678443352208,2.258889121559851E-002,0.365248998427415,0.305398872419725,0.777570265301915 
 10/20  12:00:00,0.827152351876455,1.71529267899873,0.000000000000000E+000,0.995604192681784,0.000000000000000E+000,2.741225376457194E-002,2.741225376457194E-002,2.741225376457194E-002,0.103678443352208,2.258889121559851E-002,0.356106421993124,0.300254327861353,0.699007654663654 
 10/20  13:00:00,0.776296008439315,0.674246352277384,0.000000000000000E+000,0.000000000000000E+000,0.000000000000000E+000,0.000000000000000E+000,0.000000000000000E+000,0.000000000000000E+000,0.103678443352208,2.258889121559851E-002,0.322279706030025,0.310636954151884,0.652850389062249 
 10/20  14:00:00,0.768546671696882,0.629465225336669,0.000000000000000E+000,0.000000000000000E+000,0.000000000000000E+000,0.000000000000000E+000,0.000000000000000E+000,0.000000000000000E+000,0.103678443352208,2.258889121559851E-002,0.297038917789125,0.328128405650351,0.606864490931763 
 10/20  15:00:00,0.803517179953957,0.636927481291814,0.000000000000000E+000,0.000000000000000E+000,0.000000000000000E+000,0.000000000000000E+000,0.000000000000000E+000,0.000000000000000E+000,0.109135221127147,2.377776584844746E-002,0.307124024749640,0.346368154539124,0.613070434683669 
 10/20  16:00:00,0.950638272074293,0.697875034713764,0.000000000000000E+000,0.000000000000000E+000,0.000000000000000E+000,0.000000000000000E+000,0.000000000000000E+000,0.000000000000000E+000,0.136418942816027,2.972221186375047E-002,0.357692282510922,0.409692821193995,0.669656329841046 
 10/20  17:00:00,1.23592720190088,0.825926598206486,0.000000000000000E+000,0.000000000000000E+000,0.000000000000000E+000,0.000000000000000E+000,0.000000000000000E+000,0.000000000000000E+000,0.223727136436326,4.874444275527301E-002,0.448632307290634,0.497711301729051,0.791645381624813 
 10/20  18:00:00,1.48845906912372,0.942022136756945,0.000000000000000E+000,0.000000000000000E+000,0.000000000000000E+000,0.000000000000000E+000,0.000000000000000E+000,0.000000000000000E+000,0.409256912040987,8.916665380401598E-002,0.402559212612476,0.540364252976645,0.904803082407701 
 10/20  19:00:00,1.67942043396162,0.962223590955854,0.000000000000000E+000,0.000000000000000E+000,0.000000000000000E+000,0.000000000000000E+000,0.000000000000000E+000,0.000000000000000E+000,0.643897520434285,0.140288864037751,0.320359868498665,0.557762167301321,0.923806208043520 
 10/20  20:00:00,1.73909642229392,0.897314932250002,0.000000000000000E+000,0.000000000000000E+000,0.000000000000000E+000,0.000000000000000E+000,0.000000000000000E+000,0.000000000000000E+000,0.709378686547734,0.154555541759584,0.281112892369017,0.576937287927980,0.857576810867600 
 10/20  21:00:00,1.56902091900522,0.830703611711513,0.000000000000000E+000,1.526205276853786E-002,0.000000000000000E+000,4.202144451928483E-004,4.202144451928483E-004,4.202144451928483E-004,0.594786771238556,0.129588864852759,0.263645119876690,0.563467934902426,0.776631175802963 
 10/20  22:00:00,1.27756745884471,1.29224784851214,0.000000000000000E+000,0.610756048951906,0.000000000000000E+000,1.681612022647258E-002,1.681612022647258E-002,1.681612022647258E-002,0.447454272872651,9.748886729778145E-002,0.211086897798320,0.487609286959884,0.647906386660347 
 10/20  23:00:00,1.00765698478964,2.25075504980155,0.000000000000000E+000,1.71301649987677,0.000000000000000E+000,4.716497112274588E-002,4.716497112274588E-002,4.716497112274588E-002,0.311035246463717,6.776665543403097E-002,0.140854700817263,0.423723397262283,0.508553451049574 
 10/20  24:00:00,0.723022558971171,2.98133728203622,0.000000000000000E+000,2.59754254937783,0.000000000000000E+000,7.151887873836693E-002,7.151887873836693E-002,7.151887873836693E-002,0.158245970322875,3.447776503343996E-002,9.118414100106639E-002,0.350483790185822,0.359654210476194 
 10/21  01:00:00,0.632742413629606,3.67662671242324,0.000000000000000E+000,3.35635330112155,0.000000000000000E+000,9.241143125972141E-002,9.241143125972141E-002,9.241143125972141E-002,9.822166557726959E-002,2.139999836998500E-002,8.089405516241929E-002,0.322703249570613,0.298046349244394 
 10/21  02:00:00,0.595889656627763,4.40644911228525,0.000000000000000E+000,4.10708367342936,0.000000000000000E+000,0.113081504392941,0.113081504392941,0.113081504392941,6.548110759841612E-002,1.426666497289785E-002,6.698660335484008E-002,0.318961762619070,0.277396081865931 
 10/21  03:00:00,0.592099884626970,4.74493412219407,0.000000000000000E+000,4.44086767159332,0.000000000000000E+000,0.122271674269163,0.122271674269163,0.122271674269163,6.548110759841612E-002,1.426666497289785E-002,5.849644581967755E-002,0.314471978277217,0.282406339691599 
 10/21  04:00:00,0.604235037977469,5.24949923120966,0.000000000000000E+000,4.88744774064306,0.000000000000000E+000,0.134567490487068,0.134567490487068,0.134567490487068,6.548110759841612E-002,1.426666497289785E-002,7.021500402342022E-002,0.302592757206068,0.341209593246245 
 10/21  05:00:00,0.663451233892971,5.62868361215034,0.000000000000000E+000,5.00715148931893,0.000000000000000E+000,0.137863327888511,0.137863327888511,0.137863327888511,7.093786865477342E-002,1.545555417595845E-002,8.441327210734366E-002,0.337669197376786,0.598274240504826 
 10/21  06:00:00,0.866826211282550,6.02700132011142,0.000000000000000E+000,4.92030470746689,0.000000000000000E+000,0.135472150711613,0.135472150711613,0.135472150711613,0.147332498365904,3.209999755497750E-002,0.144665999088276,0.390143551872181,1.07982441674863 
 10/21  07:00:00,1.19487826697598,6.68899544443332,0.000000000000000E+000,5.44388748797001,0.000000000000000E+000,0.149888104512743,0.149888104512743,0.149888104512743,0.300121774506747,6.538886974280395E-002,0.232810738293084,0.414556754231002,1.21655423500308 
 10/21  08:00:00,1.13113628734816,6.02409980463282,0.000000000000000E+000,4.81177499167461,0.000000000000000E+000,0.132483971139687,0.132483971139687,0.132483971139687,0.267381191450022,5.825554909465199E-002,0.305419771788383,0.350483790185822,1.18818429077601 
 10/21  09:00:00,0.966645957928500,5.18470023470034,0.000000000000000E+000,4.08072059035178,0.000000000000000E+000,0.112355642118906,0.112355642118906,0.112355642118906,0.130962248633995,2.853333723090152E-002,0.379392669043303,0.298290047211791,1.08343410785561 
 10/21  10:00:00,0.934156709139317,4.08022198428595,0.000000000000000E+000,3.10299319613138,0.000000000000000E+000,8.543559533731325E-002,8.543559533731325E-002,8.543559533731325E-002,0.103678443352208,2.258889121559851E-002,0.400036430298660,0.305305335245937,0.956200054660387 
 10/21  11:00:00,0.907118397505749,2.33707752352372,0.000000000000000E+000,1.47466519947195,0.000000000000000E+000,4.060237689118358E-002,4.060237689118358E-002,4.060237689118358E-002,0.103678443352208,2.258889121559851E-002,0.417737799937434,0.305398872419725,0.841377147930899 
 10/21  12:00:00,0.858500630282002,1.17277184530625,0.000000000000000E+000,0.397700017211768,0.000000000000000E+000,1.094998783062384E-002,1.094998783062384E-002,1.094998783062384E-002,0.103678443352208,2.258889121559851E-002,0.403916966332617,0.300254327861353,0.754390996441184 
 10/21  13:00:00,0.819884075824461,0.722331037833323,0.000000000000000E+000,0.000000000000000E+000,0.000000000000000E+000,0.000000000000000E+000,0.000000000000000E+000,0.000000000000000E+000,0.103678443352208,2.258889121559851E-002,0.365867773415168,0.310636954151884,0.700935074618186 
 10/21  14:00:00,0.807672275172548,0.672308937703728,0.000000000000000E+000,0.000000000000000E+000,0.000000000000000E+000,0.000000000000000E+000,0.000000000000000E+000,0.000000000000000E+000,0.103678443352208,2.258889121559851E-002,0.336164521264791,0.328128405650351,0.649708203298819 
 10/21  15:00:00,0.840576182456400,0.679245899185890,0.000000000000000E+000,0.000000000000000E+000,0.000000000000000E+000,0.000000000000000E+000,0.000000000000000E+000,0.000000000000000E+000,0.109135221127147,2.377776584844746E-002,0.344183027252082,0.346368154539124,0.655388852577743 
 10/21  16:00:00,0.986556220056350,0.749822615172090,0.000000000000000E+000,0.000000000000000E+000,0.000000000000000E+000,0.000000000000000E+000,0.000000000000000E+000,0.000000000000000E+000,0.136418942816027,2.972221186375047E-002,0.393610230492980,0.409692821193995,0.721603910299372 
 10/21  17:00:00,1.27127916039761,0.888169721001494,0.000000000000000E+000,0.000000000000000E+000,0.000000000000000E+000,0.000000000000000E+000,0.000000000000000E+000,0.000000000000000E+000,0.223727136436326,4.874444275527301E-002,0.483984265787358,0.497711301729051,0.853888504419821 
 10/21  18:00:00,1.52276941211152,1.02273427685191,0.000000000000000E+000,0.000000000000000E+000,0.000000000000000E+000,0.000000000000000E+000,0.000000000000000E+000,0.000000000000000E+000,0.409256912040987,8.916665380401598E-002,0.436869555600276,0.540364252976645,0.985515222502664 
 10/21  19:00:00,1.71366521555097,1.05243510051715,0.000000000000000E+000,0.000000000000000E+000,0.000000000000000E+000,0.000000000000000E+000,0.000000000000000E+000,0.000000000000000E+000,0.643897520434285,0.140288864037751,0.354604650088013,0.557762167301321,1.01401771760482 
 10/21  20:00:00,1.77395182050580,0.983061552112401,0.000000000000000E+000,0.000000000000000E+000,0.000000000000000E+000,0.000000000000000E+000,0.000000000000000E+000,0.000000000000000E+000,0.709378686547734,0.154555541759584,0.315968290580894,0.576937287927980,0.943323430729999 
 10/21  21:00:00,1.60420759051382,0.887554646085546,0.000000000000000E+000,0.000000000000000E+000,0.000000000000000E+000,0.000000000000000E+000,0.000000000000000E+000,0.000000000000000E+000,0.594786771238556,0.129588864852759,0.299252005830474,0.563467934902426,0.848744262945534 
 10/21  22:00:00,1.28904457317708,0.737624363365202,0.000000000000000E+000,0.000000000000000E+000,0.000000000000000E+000,0.000000000000000E+000,0.000000000000000E+000,0.000000000000000E+000,0.447454272872651,9.748886729778145E-002,0.239380132357161,0.487609286959884,0.704038950465321 
 10/21  23:00:00,0.984524716294179,0.881233789344148,0.000000000000000E+000,0.308638977577798,0.000000000000000E+000,8.497844863641286E-003,8.497844863641286E-003,8.497844863641286E-003,0.311035246463717,6.776665543403097E-002,0.156389558580908,0.423723397262283,0.543409712891142 
 10/21  24:00:00,0.681403723046323,1.24450541669873,0.000000000000000E+000,0.847205651804832,0.000000000000000E+000,2.332635447777438E-002,2.332635447777438E-002,2.332635447777438E-002,0.158245970322875,3.447776503343996E-002,9.775782933681368E-002,0.350483790185822,0.373159242711694 
 10/22  01:00:00,0.585228597463542,1.95197630209365,0.000000000000000E+000,1.63066686207426,0.000000000000000E+000,4.489761509365722E-002,4.489761509365722E-002,4.489761509365722E-002,9.822166557726959E-002,2.139999836998500E-002,8.089405516241929E-002,0.322703249570613,0.299082377962105 
 10/22  02:00:00,0.542370409441239,2.46343424440134,0.000000000000000E+000,2.16328192163970,0.000000000000000E+000,5.956225720641598E-002,5.956225720641598E-002,5.956225720641598E-002,6.548110759841612E-002,1.426666497289785E-002,6.698660335484008E-002,0.318961762619070,0.278182965771686 
 10/22  03:00:00,0.547211624064207,3.11583248158080,0.000000000000000E+000,2.81054056305624,0.000000000000000E+000,7.738341370639949E-002,7.738341370639949E-002,7.738341370639949E-002,6.548110759841612E-002,1.426666497289785E-002,5.849644581967755E-002,0.314471978277217,0.283631807615431 
 10/22  04:00:00,0.559427546108493,3.62357052109057,0.000000000000000E+000,3.26005412494691,0.000000000000000E+000,8.975999861809256E-002,8.975999861809256E-002,8.975999861809256E-002,6.548110759841612E-002,1.426666497289785E-002,7.021500402342022E-002,0.302592757206068,0.342674498823302 
 10/22  05:00:00,0.628112511547713,4.34723185298837,0.000000000000000E+000,3.72366052089562,0.000000000000000E+000,0.102524605543253,0.102524605543253,0.102524605543253,7.093786865477342E-002,1.545555417595845E-002,8.441327210734366E-002,0.337669197376786,0.600313449766153 
 10/22  06:00:00,0.845307758576630,5.24916023696286,0.000000000000000E+000,4.13876146341124,0.000000000000000E+000,0.113953698005691,0.113953698005691,0.113953698005691,0.147332498365904,3.209999755497750E-002,0.144665999088276,0.390143551872181,1.08352657765570 
 10/22  07:00:00,1.16199405285712,5.49846636460155,0.000000000000000E+000,4.24954346463797,0.000000000000000E+000,0.117003890393888,0.117003890393888,0.117003890393888,0.300121774506747,6.538886974280395E-002,0.232810738293084,0.414556754231002,1.22036917850333 
 10/22  08:00:00,1.09662131592560,4.77395070186662,0.000000000000000E+000,3.55820239039455,0.000000000000000E+000,9.796899971711678E-002,9.796899971711678E-002,9.796899971711678E-002,0.267381191450022,5.825554909465199E-002,0.305419771788383,0.350483790185822,1.19160778928986 
 10/22  09:00:00,0.932405730731268,3.94428831418060,0.000000000000000E+000,2.83712661049453,0.000000000000000E+000,7.811541492167416E-002,7.811541492167416E-002,7.811541492167416E-002,0.130962248633995,2.853333723090152E-002,0.379392669043303,0.298290047211791,1.08661616719312 
 10/22  10:00:00,0.911878008844565,3.27423213912148,0.000000000000000E+000,2.29383800548370,0.000000000000000E+000,6.315689504256283E-002,6.315689504256283E-002,6.315689504256283E-002,0.103678443352208,2.258889121559851E-002,0.400036430298660,0.305305335245937,0.959365400143584 
 10/22  11:00:00,0.900779973292041,2.10938668740053,0.000000000000000E+000,1.24445568162780,0.000000000000000E+000,3.426395267747521E-002,3.426395267747521E-002,3.426395267747521E-002,0.103678443352208,2.258889121559851E-002,0.417737799937434,0.305398872419725,0.843895829651854 
 10/22  12:00:00,0.851166601786692,0.908030882289116,0.000000000000000E+000,0.131330473799195,0.000000000000000E+000,3.615959335313543E-003,3.615959335313543E-003,3.615959335313543E-003,0.103678443352208,2.258889121559851E-002,0.403916966332617,0.300254327861353,0.756019576836628 
 10/22  13:00:00,0.819884075824461,0.723857826796109,0.000000000000000E+000,0.000000000000000E+000,0.000000000000000E+000,0.000000000000000E+000,0.000000000000000E+000,0.000000000000000E+000,0.103678443352208,2.258889121559851E-002,0.365867773415168,0.310636954151884,0.702461863580972 
 10/22  14:00:00,0.807672275172548,0.673879450715638,0.000000000000000E+000,0.000000000000000E+000,0.000000000000000E+000,0.000000000000000E+000,0.000000000000000E+000,0.000000000000000E+000,0.103678443352208,2.258889121559851E-002,0.336164521264791,0.328128405650351,0.651278716310728 
 10/22  15:00:00,0.840576182456400,0.680716396719615,0.000000000000000E+000,0.000000000000000E+000,0.000000000000000E+000,0.000000000000000E+000,0.000000000000000E+000,0.000000000000000E+000,0.109135221127147,2.377776584844746E-002,0.344183027252082,0.346368154539124,0.656859350111471 
 10/22  16:00:00,0.986556220056350,0.751650355843226,0.000000000000000E+000,0.000000000000000E+000,0.000000000000000E+000,0.000000000000000E+000,0.000000000000000E+000,0.000000000000000E+000,0.136418942816027,2.972221186375047E-002,0.393610230492980,0.409692821193995,0.723431650970505 
 10/22  17:00:00,1.27127916039761,0.890616517041982,0.000000000000000E+000,0.000000000000000E+000,0.000000000000000E+000,0.000000000000000E+000,0.000000000000000E+000,0.000000000000000E+000,0.223727136436326,4.874444275527301E-002,0.483984265787358,0.497711301729051,0.856335300460309 
 10/22  18:00:00,1.52276941211152,1.02518439107301,0.000000000000000E+000,0.000000000000000E+000,0.000000000000000E+000,0.000000000000000E+000,0.000000000000000E+000,0.000000000000000E+000,0.409256912040987,8.916665380401598E-002,0.436869555600276,0.540364252976645,0.987965336723768 
 10/22  19:00:00,1.71366521555097,1.05513269975684,0.000000000000000E+000,0.000000000000000E+000,0.000000000000000E+000,0.000000000000000E+000,0.000000000000000E+000,0.000000000000000E+000,0.643897520434285,0.140288864037751,0.354604650088013,0.557762167301321,1.01671531684450 
 10/22  20:00:00,1.77395182050580,0.985701205564322,0.000000000000000E+000,0.000000000000000E+000,0.000000000000000E+000,0.000000000000000E+000,0.000000000000000E+000,0.000000000000000E+000,0.709378686547734,0.154555541759584,0.315968290580894,0.576937287927980,0.945963084181920 
 10/22  21:00:00,1.60420759051382,0.889659454158799,0.000000000000000E+000,0.000000000000000E+000,0.000000000000000E+000,0.000000000000000E+000,0.000000000000000E+000,0.000000000000000E+000,0.594786771238556,0.129588864852759,0.299252005830474,0.563467934902426,0.850849071018787 
 10/22  22:00:00,1.28904457317708,0.739467955026199,0.000000000000000E+000,0.000000000000000E+000,0.000000000000000E+000,0.000000000000000E+000,0.000000000000000E+000,0.000000000000000E+000,0.447454272872651,9.748886729778145E-002,0.239380132357161,0.487609286959884,0.705882542126318 
 10/22  23:00:00,0.993799689046593,1.21959721843247,0.000000000000000E+000,0.645502988783095,0.000000000000000E+000,1.777281761605380E-002,1.777281761605380E-002,1.777281761605380E-002,0.311035246463717,6.776665543403097E-002,0.156389558580908,0.423723397262283,0.544909130774164 
 10/22  24:00:00,0.698473552409773,1.86522320129643,0.000000000000000E+000,1.46717633457213,0.000000000000000E+000,4.039618384122316E-002,4.039618384122316E-002,4.039618384122316E-002,0.158245970322875,3.447776503343996E-002,9.775782933681368E-002,0.350483790185822,0.373906344542086 
 10/23  01:00:00,0.593490729442659,2.38886843443168,0.000000000000000E+000,2.07409957669378,0.000000000000000E+000,5.710677430573428E-002,5.710677430573428E-002,5.710677430573428E-002,9.822166557726959E-002,2.139999836998500E-002,7.694702792945837E-002,0.322703249570613,0.292541795680622 
 10/23  02:00:00,0.550620782175668,2.85316925813416,0.000000000000000E+000,2.55777220268374,0.000000000000000E+000,7.042387045706712E-002,7.042387045706712E-002,7.042387045706712E-002,6.548110759841612E-002,1.426666497289785E-002,6.437536283861907E-002,0.318961762619070,0.273427698460470 
 10/23  03:00:00,0.551849491002398,3.32827728520567,0.000000000000000E+000,3.02857746822790,0.000000000000000E+000,8.338668590888841E-002,8.338668590888841E-002,8.338668590888841E-002,6.548110759841612E-002,1.426666497289785E-002,5.713104055537921E-002,0.314471978277217,0.278039706068629 
 10/23  04:00:00,0.556880567859023,3.61730241038692,0.000000000000000E+000,3.26456428433850,0.000000000000000E+000,8.988417812102191E-002,8.988417812102191E-002,8.988417812102191E-002,6.548110759841612E-002,1.426666497289785E-002,6.754384627102017E-002,0.302592757206068,0.331896228728026 
 10/23  05:00:00,0.621858838256123,4.23770176151617,0.000000000000000E+000,3.64531979869864,0.000000000000000E+000,0.100367628129188,0.100367628129188,0.100367628129188,7.093786865477342E-002,1.545555417595845E-002,8.031657622981735E-002,0.337669197376786,0.569124080490922 
 10/23  06:00:00,0.830859528424877,5.03928840691361,0.000000000000000E+000,3.99992189288843,0.000000000000000E+000,0.110130988571851,0.110130988571851,0.110130988571851,0.147332498365904,3.209999755497750E-002,0.134040478370362,0.390143551872181,1.01249431812928 
 10/23  07:00:00,1.12333852715938,4.77644690306830,0.000000000000000E+000,3.61416170800014,0.000000000000000E+000,9.950974354480671E-002,9.950974354480671E-002,9.950974354480671E-002,0.300121774506747,6.538886974280395E-002,0.211649359444424,0.414556754231002,1.13373147360792 
 10/23  08:00:00,1.05852751531075,4.47844052449789,0.000000000000000E+000,3.35276109204764,0.000000000000000E+000,9.231252594430223E-002,9.231252594430223E-002,9.231252594430223E-002,0.267381191450022,5.825554909465199E-002,0.272982444946349,0.350483790185822,1.10153891026805 
 10/23  09:00:00,0.885843620321596,3.80564997902594,0.000000000000000E+000,2.78152060738901,0.000000000000000E+000,7.658439900273130E-002,7.658439900273130E-002,7.658439900273130E-002,0.130962248633995,2.853333723090152E-002,0.334361574552576,0.298290047211791,1.00358383514399 
 10/23  10:00:00,0.846688440850205,2.68406398730070,0.000000000000000E+000,1.77543643856252,0.000000000000000E+000,4.888359707048692E-002,4.888359707048692E-002,4.888359707048692E-002,0.103678443352208,2.258889121559851E-002,0.349120160276377,0.305305335245937,0.887598815243990 
 10/23  11:00:00,0.826756856634264,1.26809784355910,0.000000000000000E+000,0.462336318813992,0.000000000000000E+000,1.272963752971857E-002,1.272963752971857E-002,1.272963752971857E-002,0.103678443352208,2.258889121559851E-002,0.365248998427415,0.305398872419725,0.784726348624230 
 10/23  12:00:00,0.799740098111883,0.725752750075633,0.000000000000000E+000,0.000000000000000E+000,0.000000000000000E+000,0.000000000000000E+000,0.000000000000000E+000,0.000000000000000E+000,0.103678443352208,2.258889121559851E-002,0.356106421993124,0.300254327861353,0.705071918422339 
 10/23  13:00:00,0.776296008439315,0.679092853241506,0.000000000000000E+000,0.000000000000000E+000,0.000000000000000E+000,0.000000000000000E+000,0.000000000000000E+000,0.000000000000000E+000,0.103678443352208,2.258889121559851E-002,0.322279706030025,0.310636954151884,0.657696890026369 
 10/23  14:00:00,0.768546671696882,0.632581714144275,0.000000000000000E+000,0.000000000000000E+000,0.000000000000000E+000,0.000000000000000E+000,0.000000000000000E+000,0.000000000000000E+000,0.103678443352208,2.258889121559851E-002,0.297038917789125,0.328128405650351,0.609980979739368 
 10/23  15:00:00,0.803517179953957,0.639623451097454,0.000000000000000E+000,0.000000000000000E+000,0.000000000000000E+000,0.000000000000000E+000,0.000000000000000E+000,0.000000000000000E+000,0.109135221127147,2.377776584844746E-002,0.307124024749640,0.346368154539124,0.615766404489310 
 10/23  16:00:00,0.950638272074293,0.701276633315586,0.000000000000000E+000,0.000000000000000E+000,0.000000000000000E+000,0.000000000000000E+000,0.000000000000000E+000,0.000000000000000E+000,0.136418942816027,2.972221186375047E-002,0.357692282510922,0.409692821193995,0.673057928442867 
 10/23  17:00:00,1.23592720190088,0.829974613433265,0.000000000000000E+000,0.000000000000000E+000,0.000000000000000E+000,0.000000000000000E+000,0.000000000000000E+000,0.000000000000000E+000,0.223727136436326,4.874444275527301E-002,0.448632307290634,0.497711301729051,0.795693396851589 
 10/23  18:00:00,1.48845906912372,0.946576994569901,0.000000000000000E+000,0.000000000000000E+000,0.000000000000000E+000,0.000000000000000E+000,0.000000000000000E+000,0.000000000000000E+000,0.409256912040987,8.916665380401598E-002,0.402559212612476,0.540364252976645,0.909357940220656 
 10/23  19:00:00,1.67942043396162,0.966872740205196,0.000000000000000E+000,0.000000000000000E+000,0.000000000000000E+000,0.000000000000000E+000,0.000000000000000E+000,0.000000000000000E+000,0.643897520434285,0.140288864037751,0.320359868498665,0.557762167301321,0.928455357292864 
 10/23  20:00:00,1.73909642229392,0.901442466791647,0.000000000000000E+000,0.000000000000000E+000,0.000000000000000E+000,0.000000000000000E+000,0.000000000000000E+000,0.000000000000000E+000,0.709378686547734,0.154555541759584,0.281112892369017,0.576937287927980,0.861704345409244 
 10/23  21:00:00,1.56860070456003,0.819021577893599,0.000000000000000E+000,0.000000000000000E+000,0.000000000000000E+000,0.000000000000000E+000,0.000000000000000E+000,0.000000000000000E+000,0.594786771238556,0.129588864852759,0.263645119876690,0.563467934902426,0.780211194753587 
 10/23  22:00:00,1.26075133861824,0.683780665913892,0.000000000000000E+000,0.000000000000000E+000,0.000000000000000E+000,0.000000000000000E+000,0.000000000000000E+000,0.000000000000000E+000,0.447454272872651,9.748886729778145E-002,0.211086897798320,0.487609286959884,0.650195253014011 
 10/23  23:00:00,0.960492013666893,0.538927340744153,0.000000000000000E+000,0.000000000000000E+000,0.000000000000000E+000,0.000000000000000E+000,0.000000000000000E+000,0.000000000000000E+000,0.311035246463717,6.776665543403097E-002,0.140854700817263,0.423723397262283,0.509742241868942 
 10/23  24:00:00,0.654193091608580,0.482573079488708,0.000000000000000E+000,9.767855151811869E-002,0.000000000000000E+000,2.689411375777827E-003,2.689411375777827E-003,2.689411375777827E-003,0.158245970322875,3.447776503343996E-002,9.118414100106639E-002,0.350483790185822,0.360754005788379 
 10/24  01:00:00,0.551765110709347,0.873617497590836,0.000000000000000E+000,0.558638596728053,0.000000000000000E+000,1.538115557242164E-002,1.538115557242164E-002,1.538115557242164E-002,9.822166557726959E-002,2.139999836998500E-002,7.694702792945837E-002,0.322703249570613,0.292751838805506 
 10/24  02:00:00,0.513957354323357,1.52224148233650,0.000000000000000E+000,1.22616835860198,0.000000000000000E+000,3.376044260475442E-002,3.376044260475442E-002,3.376044260475442E-002,6.548110759841612E-002,1.426666497289785E-002,6.437536283861907E-002,0.318961762619070,0.274103766744570 
 10/24  03:00:00,0.526931638246918,2.42454808715551,0.000000000000000E+000,2.12356911360485,0.000000000000000E+000,5.846883315340660E-002,5.846883315340660E-002,5.846883315340660E-002,6.548110759841612E-002,1.426666497289785E-002,5.713104055537921E-002,0.314471978277217,0.279318862641514 
 10/24  04:00:00,0.542567871485569,3.09873508631228,0.000000000000000E+000,2.74473178021921,0.000000000000000E+000,7.557148174756870E-002,7.557148174756870E-002,7.557148174756870E-002,6.548110759841612E-002,1.426666497289785E-002,6.754384627102017E-002,0.302592757206068,0.333161408772683 
 10/24  05:00:00,0.606419089254928,3.67866954020911,0.000000000000000E+000,3.08455310758432,0.000000000000000E+000,8.492787912799199E-002,8.492787912799199E-002,8.492787912799199E-002,7.093786865477342E-002,1.545555417595845E-002,8.031657622981735E-002,0.337669197376786,0.570858550298192 
 10/24  06:00:00,0.822659433290767,4.74433309435741,0.000000000000000E+000,3.70209708920669,0.000000000000000E+000,0.101930893437743,0.101930893437743,0.101930893437743,0.147332498365904,3.209999755497750E-002,0.134040478370362,0.390143551872181,1.01536380925482 
 10/24  07:00:00,1.11223719102875,4.37613121465925,0.000000000000000E+000,3.21096476947218,0.000000000000000E+000,8.840840741417490E-002,8.840840741417490E-002,8.840840741417490E-002,0.300121774506747,6.538886974280395E-002,0.211649359444424,0.414556754231002,1.13661272372682 
 10/24  08:00:00,1.05235598261222,4.25718779393271,0.000000000000000E+000,3.12861302006869,0.000000000000000E+000,8.614099324577530E-002,8.614099324577530E-002,8.614099324577530E-002,0.267381191450022,5.825554909465199E-002,0.272982444946349,0.350483790185822,1.10443425168179 
 10/24  09:00:00,0.877585414689034,3.50808597546167,0.000000000000000E+000,2.48158524919412,0.000000000000000E+000,6.832619337017014E-002,6.832619337017014E-002,6.832619337017014E-002,0.130962248633995,2.853333723090152E-002,0.334361574552576,0.298290047211791,1.00595518977462 
 10/24  10:00:00,0.842708232334438,2.54166422155461,0.000000000000000E+000,1.63087655231310,0.000000000000000E+000,4.490338855471849E-002,4.490338855471849E-002,4.490338855471849E-002,0.103678443352208,2.258889121559851E-002,0.349120160276377,0.305305335245937,0.889758935747326 
 10/24  11:00:00,0.819824676687658,1.01786725581089,0.000000000000000E+000,0.210561784748305,0.000000000000000E+000,5.797457583112633E-003,5.797457583112633E-003,5.797457583112633E-003,0.103678443352208,2.258889121559851E-002,0.365248998427415,0.305398872419725,0.786270294941713 
 10/24  12:00:00,0.799740098111883,0.726936535308107,0.000000000000000E+000,0.000000000000000E+000,0.000000000000000E+000,0.000000000000000E+000,0.000000000000000E+000,0.000000000000000E+000,0.103678443352208,2.258889121559851E-002,0.356106421993124,0.300254327861353,0.706255703654814 
 10/24  13:00:00,0.776296008439315,0.680176910021759,0.000000000000000E+000,0.000000000000000E+000,0.000000000000000E+000,0.000000000000000E+000,0.000000000000000E+000,0.000000000000000E+000,0.103678443352208,2.258889121559851E-002,0.322279706030025,0.310636954151884,0.658780946806622 
 10/24  14:00:00,0.768546671696882,0.633586587881776,0.000000000000000E+000,0.000000000000000E+000,0.000000000000000E+000,0.000000000000000E+000,0.000000000000000E+000,0.000000000000000E+000,0.103678443352208,2.258889121559851E-002,0.297038917789125,0.328128405650351,0.610985853476870 
 10/24  15:00:00,0.803517179953957,0.640879592753064,0.000000000000000E+000,0.000000000000000E+000,0.000000000000000E+000,0.000000000000000E+000,0.000000000000000E+000,0.000000000000000E+000,0.109135221127147,2.377776584844746E-002,0.307124024749640,0.346368154539124,0.617022546144917 
 10/24  16:00:00,0.950638272074293,0.702643948368045,0.000000000000000E+000,0.000000000000000E+000,0.000000000000000E+000,0.000000000000000E+000,0.000000000000000E+000,0.000000000000000E+000,0.136418942816027,2.972221186375047E-002,0.357692282510922,0.409692821193995,0.674425243495327 
 10/24  17:00:00,1.23592720190088,0.831708758127474,0.000000000000000E+000,0.000000000000000E+000,0.000000000000000E+000,0.000000000000000E+000,0.000000000000000E+000,0.000000000000000E+000,0.223727136436326,4.874444275527301E-002,0.448632307290634,0.497711301729051,0.797427541545801 
 10/24  18:00:00,1.48845906912372,0.948551896883916,0.000000000000000E+000,0.000000000000000E+000,0.000000000000000E+000,0.000000000000000E+000,0.000000000000000E+000,0.000000000000000E+000,0.409256912040987,8.916665380401598E-002,0.402559212612476,0.540364252976645,0.911332842534671 
 10/24  19:00:00,1.67942043396162,0.968677459411014,0.000000000000000E+000,0.000000000000000E+000,0.000000000000000E+000,0.000000000000000E+000,0.000000000000000E+000,0.000000000000000E+000,0.643897520434285,0.140288864037751,0.320359868498665,0.557762167301321,0.930260076498682 
 10/24  20:00:00,1.73909642229392,0.902525369720232,0.000000000000000E+000,0.000000000000000E+000,0.000000000000000E+000,0.000000000000000E+000,0.000000000000000E+000,0.000000000000000E+000,0.709378686547734,0.154555541759584,0.281112892369017,0.576937287927980,0.862787248337830 
 10/24  21:00:00,1.56860070456003,0.819594990929449,0.000000000000000E+000,0.000000000000000E+000,0.000000000000000E+000,0.000000000000000E+000,0.000000000000000E+000,0.000000000000000E+000,0.594786771238556,0.129588864852759,0.263645119876690,0.563467934902426,0.780784607789436 
 10/24  22:00:00,1.26075133861824,0.683706653663544,0.000000000000000E+000,0.000000000000000E+000,0.000000000000000E+000,0.000000000000000E+000,0.000000000000000E+000,0.000000000000000E+000,0.447454272872651,9.748886729778145E-002,0.211086897798320,0.487609286959884,0.650121240763663 
 10/24  23:00:00,0.960492013666893,0.538250460422763,0.000000000000000E+000,0.000000000000000E+000,0.000000000000000E+000,0.000000000000000E+000,0.000000000000000E+000,0.000000000000000E+000,0.311035246463717,6.776665543403097E-002,0.140854700817263,0.423723397262283,0.509065361547555 
 10/24  24:00:00,0.651503680232802,0.383405736493919,0.000000000000000E+000,0.000000000000000E+000,0.000000000000000E+000,0.000000000000000E+000,0.000000000000000E+000,0.000000000000000E+000,0.158245970322875,3.447776503343996E-002,9.118414100106639E-002,0.350483790185822,0.359265214311708 
 10/25  01:00:00,0.536383955136926,0.313716024812252,0.000000000000000E+000,0.000000000000000E+000,0.000000000000000E+000,0.000000000000000E+000,0.000000000000000E+000,0.000000000000000E+000,9.822166557726959E-002,2.139999836998500E-002,7.694702792945837E-002,0.322703249570613,0.291488962754972 
 10/25  02:00:00,0.480196911718603,0.295068039339618,0.000000000000000E+000,0.000000000000000E+000,0.000000000000000E+000,0.000000000000000E+000,0.000000000000000E+000,0.000000000000000E+000,6.548110759841612E-002,1.426666497289785E-002,6.437536283861907E-002,0.318961762619070,0.273098682349669 
 10/25  03:00:00,0.473053482134044,0.467017047364322,0.000000000000000E+000,0.166731905667306,0.000000000000000E+000,4.590677040533222E-003,4.590677040533222E-003,4.590677040533222E-003,6.548110759841612E-002,1.426666497289785E-002,5.713104055537921E-002,0.314471978277217,0.278625030787866 
 10/25  04:00:00,0.484438999097461,0.987668406932243,0.000000000000000E+000,0.633509931680048,0.000000000000000E+000,1.744260935946124E-002,1.744260935946124E-002,1.744260935946124E-002,6.548110759841612E-002,1.426666497289785E-002,6.754384627102017E-002,0.302592757206068,0.333316577931818 
 10/25  05:00:00,0.545945437575487,1.48386163512809,0.000000000000000E+000,0.888169633393549,0.000000000000000E+000,2.445422744855053E-002,2.445422744855053E-002,2.445422744855053E-002,7.093786865477342E-002,1.545555417595845E-002,8.031657622981735E-002,0.337669197376786,0.572434119407938 
 10/25  06:00:00,0.757594378766907,2.38453325808862,0.000000000000000E+000,1.33895534838620,0.000000000000000E+000,3.686583891388309E-002,3.686583891388309E-002,3.686583891388309E-002,0.147332498365904,3.209999755497750E-002,0.134040478370362,0.390143551872181,1.01870571380651 
 10/25  07:00:00,1.06269839379483,2.58168575601805,0.000000000000000E+000,1.41173167283965,0.000000000000000E+000,3.886961018025076E-002,3.886961018025076E-002,3.886961018025076E-002,0.300121774506747,6.538886974280395E-002,0.211649359444424,0.414556754231002,1.14140036171815 
 10/25  08:00:00,1.00188853860446,2.42814329540948,0.000000000000000E+000,1.29565177289828,0.000000000000000E+000,3.567354923801267E-002,3.567354923801267E-002,3.567354923801267E-002,0.267381191450022,5.825554909465199E-002,0.272982444946349,0.350483790185822,1.10835100032899 
 10/25  09:00:00,0.845543720242318,2.34819538398228,0.000000000000000E+000,1.31784126791635,0.000000000000000E+000,3.628449892345369E-002,3.628449892345369E-002,3.628449892345369E-002,0.130962248633995,2.853333723090152E-002,0.334361574552576,0.298290047211791,1.00980857957298 
 10/25  10:00:00,0.834543966894203,2.24854032523498,0.000000000000000E+000,1.33435307152690,0.000000000000000E+000,3.673912311448303E-002,3.673912311448303E-002,3.673912311448303E-002,0.103678443352208,2.258889121559851E-002,0.349120160276377,0.305305335245937,0.893158520213886 
 10/25  11:00:00,0.833338080955129,1.51123420858196,0.000000000000000E+000,0.701364258038057,0.000000000000000E+000,1.931086185058387E-002,1.931086185058387E-002,1.931086185058387E-002,0.103678443352208,2.258889121559851E-002,0.365248998427415,0.305398872419725,0.788834774423031 
 10/25  12:00:00,0.799740098111883,0.728589121402417,0.000000000000000E+000,0.000000000000000E+000,0.000000000000000E+000,0.000000000000000E+000,0.000000000000000E+000,0.000000000000000E+000,0.103678443352208,2.258889121559851E-002,0.356106421993124,0.300254327861353,0.707908289749123 
 10/25  13:00:00,0.776296008439315,0.681699813587942,0.000000000000000E+000,0.000000000000000E+000,0.000000000000000E+000,0.000000000000000E+000,0.000000000000000E+000,0.000000000000000E+000,0.103678443352208,2.258889121559851E-002,0.322279706030025,0.310636954151884,0.660303850372805 
 10/25  14:00:00,0.768546671696882,0.635009974940982,0.000000000000000E+000,0.000000000000000E+000,0.000000000000000E+000,0.000000000000000E+000,0.000000000000000E+000,0.000000000000000E+000,0.103678443352208,2.258889121559851E-002,0.297038917789125,0.328128405650351,0.612409240536073 
 10/25  15:00:00,0.803517179953957,0.642006770107783,0.000000000000000E+000,0.000000000000000E+000,0.000000000000000E+000,0.000000000000000E+000,0.000000000000000E+000,0.000000000000000E+000,0.109135221127147,2.377776584844746E-002,0.307124024749640,0.346368154539124,0.618149723499636 
 10/25  16:00:00,0.950638272074293,0.703937176496799,0.000000000000000E+000,0.000000000000000E+000,0.000000000000000E+000,0.000000000000000E+000,0.000000000000000E+000,0.000000000000000E+000,0.136418942816027,2.972221186375047E-002,0.357692282510922,0.409692821193995,0.675718471624081 
 10/25  17:00:00,1.23592720190088,0.833308878847034,0.000000000000000E+000,0.000000000000000E+000,0.000000000000000E+000,0.000000000000000E+000,0.000000000000000E+000,0.000000000000000E+000,0.223727136436326,4.874444275527301E-002,0.448632307290634,0.497711301729051,0.799027662265357 
 10/25  18:00:00,1.48845906912372,0.950323207598866,0.000000000000000E+000,0.000000000000000E+000,0.000000000000000E+000,0.000000000000000E+000,0.000000000000000E+000,0.000000000000000E+000,0.409256912040987,8.916665380401598E-002,0.402559212612476,0.540364252976645,0.913104153249619 
 10/25  19:00:00,1.67942043396162,0.970200064197628,0.000000000000000E+000,0.000000000000000E+000,0.000000000000000E+000,0.000000000000000E+000,0.000000000000000E+000,0.000000000000000E+000,0.643897520434285,0.140288864037751,0.320359868498665,0.557762167301321,0.931782681285296 
 10/25  20:00:00,1.73909642229392,0.903967476022591,0.000000000000000E+000,0.000000000000000E+000,0.000000000000000E+000,0.000000000000000E+000,0.000000000000000E+000,0.000000000000000E+000,0.709378686547734,0.154555541759584,0.281112892369017,0.576937287927980,0.864229354640189 
 10/25  21:00:00,1.56860070456003,0.820787136002022,0.000000000000000E+000,0.000000000000000E+000,0.000000000000000E+000,0.000000000000000E+000,0.000000000000000E+000,0.000000000000000E+000,0.594786771238556,0.129588864852759,0.263645119876690,0.563467934902426,0.781976752862007 
 10/25  22:00:00,1.26075133861824,0.684370961186800,0.000000000000000E+000,0.000000000000000E+000,0.000000000000000E+000,0.000000000000000E+000,0.000000000000000E+000,0.000000000000000E+000,0.447454272872651,9.748886729778145E-002,0.211086897798320,0.487609286959884,0.650785548286919 
 10/25  23:00:00,0.960492013666893,0.538172632760439,0.000000000000000E+000,0.000000000000000E+000,0.000000000000000E+000,0.000000000000000E+000,0.000000000000000E+000,0.000000000000000E+000,0.311035246463717,6.776665543403097E-002,0.140854700817263,0.423723397262283,0.508987533885229 
 10/25  24:00:00,0.651503680232802,0.382801821746504,0.000000000000000E+000,0.000000000000000E+000,0.000000000000000E+000,0.000000000000000E+000,0.000000000000000E+000,0.000000000000000E+000,0.158245970322875,3.447776503343996E-002,9.118414100106639E-002,0.350483790185822,0.358661299564296 
 10/26  01:00:00,0.536383955136926,0.312738482979475,0.000000000000000E+000,0.000000000000000E+000,0.000000000000000E+000,0.000000000000000E+000,0.000000000000000E+000,0.000000000000000E+000,9.822166557726959E-002,2.139999836998500E-002,7.694702792945837E-002,0.322703249570613,0.290511420922198 
 10/26  02:00:00,0.480196911718603,0.294051151666103,0.000000000000000E+000,0.000000000000000E+000,0.000000000000000E+000,0.000000000000000E+000,0.000000000000000E+000,0.000000000000000E+000,6.548110759841612E-002,1.426666497289785E-002,6.437536283861907E-002,0.318961762619070,0.272081794676156 
 10/26  03:00:00,0.468462805093511,0.299254486187939,0.000000000000000E+000,0.000000000000000E+000,0.000000000000000E+000,0.000000000000000E+000,0.000000000000000E+000,0.000000000000000E+000,6.548110759841612E-002,1.426666497289785E-002,5.713104055537921E-002,0.314471978277217,0.277594375278788 
 10/26  04:00:00,0.466996389738002,0.353556455861552,0.000000000000000E+000,0.000000000000000E+000,0.000000000000000E+000,0.000000000000000E+000,0.000000000000000E+000,0.000000000000000E+000,6.548110759841612E-002,1.426666497289785E-002,6.754384627102017E-002,0.302592757206068,0.332714558541178 
 10/26  05:00:00,0.521491210126934,0.596239570283808,0.000000000000000E+000,0.000000000000000E+000,0.000000000000000E+000,0.000000000000000E+000,0.000000000000000E+000,0.000000000000000E+000,7.093786865477342E-002,1.545555417595845E-002,8.031657622981735E-002,0.337669197376786,0.572981687957206 
 10/26  06:00:00,0.720728539853026,1.04795094361868,0.000000000000000E+000,0.000000000000000E+000,0.000000000000000E+000,0.000000000000000E+000,0.000000000000000E+000,0.000000000000000E+000,0.147332498365904,3.209999755497750E-002,0.134040478370362,0.390143551872181,1.02107874772277 
 10/26  07:00:00,1.02382878361458,1.17308404978141,0.000000000000000E+000,0.000000000000000E+000,0.000000000000000E+000,0.000000000000000E+000,0.000000000000000E+000,0.000000000000000E+000,0.300121774506747,6.538886974280395E-002,0.211649359444424,0.414556754231002,1.14453032832116 
 10/26  08:00:00,0.971881109269499,1.34211306317042,0.000000000000000E+000,0.205791642678002,0.000000000000000E+000,5.666119903053241E-003,5.666119903053241E-003,5.666119903053241E-003,0.267381191450022,5.825554909465199E-002,0.272982444946349,0.350483790185822,1.11218089831021 
 10/26  09:00:00,0.816780731970421,1.30709313651373,0.000000000000000E+000,0.273178834703091,0.000000000000000E+000,7.521510651557346E-003,7.521510651557346E-003,7.521510651557346E-003,0.130962248633995,2.853333723090152E-002,0.334361574552576,0.298290047211791,1.01336876531769 
 10/26  10:00:00,0.804445788188835,1.15844033752209,0.000000000000000E+000,0.241196953518248,0.000000000000000E+000,6.640944409117361E-003,6.640944409117361E-003,6.640944409117361E-003,0.103678443352208,2.258889121559851E-002,0.349120160276377,0.305305335245937,0.896214650509655 
 10/26  11:00:00,0.814027219104546,0.812662390622070,0.000000000000000E+000,0.000000000000000E+000,0.000000000000000E+000,0.000000000000000E+000,0.000000000000000E+000,0.000000000000000E+000,0.103678443352208,2.258889121559851E-002,0.365248998427415,0.305398872419725,0.791627214501195 
 10/26  12:00:00,0.799740098111883,0.731180691554013,0.000000000000000E+000,0.000000000000000E+000,0.000000000000000E+000,0.000000000000000E+000,0.000000000000000E+000,0.000000000000000E+000,0.103678443352208,2.258889121559851E-002,0.356106421993124,0.300254327861353,0.710499859900719 
 10/26  13:00:00,0.776296008439315,0.683937554038350,0.000000000000000E+000,0.000000000000000E+000,0.000000000000000E+000,0.000000000000000E+000,0.000000000000000E+000,0.000000000000000E+000,0.103678443352208,2.258889121559851E-002,0.322279706030025,0.310636954151884,0.662541590823215 
 10/26  14:00:00,0.768546671696882,0.637149646843376,0.000000000000000E+000,0.000000000000000E+000,0.000000000000000E+000,0.000000000000000E+000,0.000000000000000E+000,0.000000000000000E+000,0.103678443352208,2.258889121559851E-002,0.297038917789125,0.328128405650351,0.614548912438470 
 10/26  15:00:00,0.803517179953957,0.644332075722620,0.000000000000000E+000,0.000000000000000E+000,0.000000000000000E+000,0.000000000000000E+000,0.000000000000000E+000,0.000000000000000E+000,0.109135221127147,2.377776584844746E-002,0.307124024749640,0.346368154539124,0.620475029114476 
 10/26  16:00:00,0.950638272074293,0.706605632737090,0.000000000000000E+000,0.000000000000000E+000,0.000000000000000E+000,0.000000000000000E+000,0.000000000000000E+000,0.000000000000000E+000,0.136418942816027,2.972221186375047E-002,0.357692282510922,0.409692821193995,0.678386927864372 
 10/26  17:00:00,1.23592720190088,0.836554250529871,0.000000000000000E+000,0.000000000000000E+000,0.000000000000000E+000,0.000000000000000E+000,0.000000000000000E+000,0.000000000000000E+000,0.223727136436326,4.874444275527301E-002,0.448632307290634,0.497711301729051,0.802273033948194 
 10/26  18:00:00,1.48845906912372,0.953834252217027,0.000000000000000E+000,0.000000000000000E+000,0.000000000000000E+000,0.000000000000000E+000,0.000000000000000E+000,0.000000000000000E+000,0.409256912040987,8.916665380401598E-002,0.402559212612476,0.540364252976645,0.916615197867783 
 10/26  19:00:00,1.67942043396162,0.973657165107317,0.000000000000000E+000,0.000000000000000E+000,0.000000000000000E+000,0.000000000000000E+000,0.000000000000000E+000,0.000000000000000E+000,0.643897520434285,0.140288864037751,0.320359868498665,0.557762167301321,0.935239782194983 
 10/26  20:00:00,1.73909642229392,0.908035477246028,0.000000000000000E+000,0.000000000000000E+000,0.000000000000000E+000,0.000000000000000E+000,0.000000000000000E+000,0.000000000000000E+000,0.709378686547734,0.154555541759584,0.281112892369017,0.576937287927980,0.868297355863623 
 10/26  21:00:00,1.56860070456003,0.825148804501538,0.000000000000000E+000,0.000000000000000E+000,0.000000000000000E+000,0.000000000000000E+000,0.000000000000000E+000,0.000000000000000E+000,0.594786771238556,0.129588864852759,0.263645119876690,0.563467934902426,0.786338421361526 
 10/26  22:00:00,1.26075133861824,0.688336077173893,0.000000000000000E+000,0.000000000000000E+000,0.000000000000000E+000,0.000000000000000E+000,0.000000000000000E+000,0.000000000000000E+000,0.447454272872651,9.748886729778145E-002,0.211086897798320,0.487609286959884,0.654750664274012 
 10/26  23:00:00,0.967638978267397,0.801293952439802,0.000000000000000E+000,0.259575443242264,0.000000000000000E+000,7.146964600502106E-003,7.146964600502106E-003,7.146964600502106E-003,0.311035246463717,6.776665543403097E-002,0.140854700817263,0.423723397262283,0.512533410322331 
 10/26  24:00:00,0.674908150809289,1.23579563695212,0.000000000000000E+000,0.850042803250396,0.000000000000000E+000,2.340447057648706E-002,2.340447057648706E-002,2.340447057648706E-002,0.158245970322875,3.447776503343996E-002,9.118414100106639E-002,0.350483790185822,0.361612311519518 
 10/27  01:00:00,0.572872973399048,1.64012590802785,0.000000000000000E+000,1.32526934416328,0.000000000000000E+000,3.648901826212292E-002,3.648901826212292E-002,3.648901826212292E-002,9.822166557726959E-002,2.139999836998500E-002,7.694702792945837E-002,0.322703249570613,0.292629501807286 
 10/27  02:00:00,0.530733074577039,2.13097521076690,0.000000000000000E+000,1.83545709360598,0.000000000000000E+000,5.053616285843850E-002,5.053616285843850E-002,5.053616285843850E-002,6.548110759841612E-002,1.426666497289785E-002,6.437536283861907E-002,0.318961762619070,0.273548760170974 
 10/27  03:00:00,0.532868952943966,2.63931929269044,0.000000000000000E+000,2.33921046350697,0.000000000000000E+000,6.440614785045427E-002,6.440614785045427E-002,6.440614785045427E-002,6.548110759841612E-002,1.426666497289785E-002,5.713104055537921E-002,0.314471978277217,0.278448718274313 
 10/27  04:00:00,0.540855899728393,3.03623797537985,0.000000000000000E+000,2.68255351958304,0.000000000000000E+000,7.385950999039155E-002,7.385950999039155E-002,7.385950999039155E-002,6.548110759841612E-002,1.426666497289785E-002,6.754384627102017E-002,0.302592757206068,0.332842558476439 
 10/27  05:00:00,0.601720539361652,3.51057058614264,0.000000000000000E+000,2.91390329478733,0.000000000000000E+000,8.022932923471787E-002,8.022932923471787E-002,8.022932923471787E-002,7.093786865477342E-002,1.545555417595845E-002,8.031657622981735E-002,0.337669197376786,0.573409409028724 
 10/27  06:00:00,0.818269156300065,4.59218195799521,0.000000000000000E+000,3.54264364854765,0.000000000000000E+000,9.754061644703878E-002,9.754061644703878E-002,9.754061644703878E-002,0.147332498365904,3.209999755497750E-002,0.134040478370362,0.390143551872181,1.02266611355164 
 10/27  07:00:00,1.11507320217551,4.48841414284847,0.000000000000000E+000,3.31396777726755,0.000000000000000E+000,9.124441856092895E-002,9.124441856092895E-002,9.124441856092895E-002,0.300121774506747,6.538886974280395E-002,0.211649359444424,0.414556754231002,1.14589264412067 
 10/27  08:00:00,1.05150958754537,4.23526647402927,0.000000000000000E+000,3.09787222493171,0.000000000000000E+000,8.529459817892701E-002,8.529459817892701E-002,8.529459817892701E-002,0.267381191450022,5.825554909465199E-002,0.272982444946349,0.350483790185822,1.11325372691535 
 10/27  09:00:00,0.884732410934954,3.77578642069786,0.000000000000000E+000,2.74116184178772,0.000000000000000E+000,7.547318961609006E-002,7.547318961609006E-002,7.547318961609006E-002,0.130962248633995,2.853333723090152E-002,0.334361574552576,0.298290047211791,1.01407904241720 
 10/27  10:00:00,0.863946946911688,3.32010908947856,0.000000000000000E+000,2.40225979799171,0.000000000000000E+000,6.614210313196794E-002,6.614210313196794E-002,6.614210313196794E-002,0.103678443352208,2.258889121559851E-002,0.349120160276377,0.305305335245937,0.896820557992667 
 10/27  11:00:00,0.841448601952218,1.80906933808550,0.000000000000000E+000,0.995935758028041,0.000000000000000E+000,2.742138284767339E-002,2.742138284767339E-002,2.742138284767339E-002,0.103678443352208,2.258889121559851E-002,0.365248998427415,0.305398872419725,0.792098403936583 
 10/27  12:00:00,0.802018077595854,0.814872847212617,0.000000000000000E+000,8.273547824871381E-002,0.000000000000000E+000,2.277979483973368E-003,2.277979483973368E-003,2.277979483973368E-003,0.103678443352208,2.258889121559851E-002,0.356106421993124,0.300254327861353,0.711456537310611 
 10/27  13:00:00,0.776296008439315,0.685559637870660,0.000000000000000E+000,0.000000000000000E+000,0.000000000000000E+000,0.000000000000000E+000,0.000000000000000E+000,0.000000000000000E+000,0.103678443352208,2.258889121559851E-002,0.322279706030025,0.310636954151884,0.664163674655523 
 10/27  14:00:00,0.768546671696882,0.638846325507357,0.000000000000000E+000,0.000000000000000E+000,0.000000000000000E+000,0.000000000000000E+000,0.000000000000000E+000,0.000000000000000E+000,0.103678443352208,2.258889121559851E-002,0.297038917789125,0.328128405650351,0.616245591102448 
 10/27  15:00:00,0.803517179953957,0.645923461181130,0.000000000000000E+000,0.000000000000000E+000,0.000000000000000E+000,0.000000000000000E+000,0.000000000000000E+000,0.000000000000000E+000,0.109135221127147,2.377776584844746E-002,0.307124024749640,0.346368154539124,0.622066414572986 
 10/27  16:00:00,0.950638272074293,0.708218449283153,0.000000000000000E+000,0.000000000000000E+000,0.000000000000000E+000,0.000000000000000E+000,0.000000000000000E+000,0.000000000000000E+000,0.136418942816027,2.972221186375047E-002,0.357692282510922,0.409692821193995,0.679999744410435 
 10/27  17:00:00,1.23592720190088,0.838600012277795,0.000000000000000E+000,0.000000000000000E+000,0.000000000000000E+000,0.000000000000000E+000,0.000000000000000E+000,0.000000000000000E+000,0.223727136436326,4.874444275527301E-002,0.448632307290634,0.497711301729051,0.804318795696122 
 10/27  18:00:00,1.48845906912372,0.956692127302501,0.000000000000000E+000,0.000000000000000E+000,0.000000000000000E+000,0.000000000000000E+000,0.000000000000000E+000,0.000000000000000E+000,0.409256912040987,8.916665380401598E-002,0.402559212612476,0.540364252976645,0.919473072953256 
 10/27  19:00:00,1.67942043396162,0.977471276535996,0.000000000000000E+000,0.000000000000000E+000,0.000000000000000E+000,0.000000000000000E+000,0.000000000000000E+000,0.000000000000000E+000,0.643897520434285,0.140288864037751,0.320359868498665,0.557762167301321,0.939053893623664 
 10/27  20:00:00,1.73909642229392,0.910810690362906,0.000000000000000E+000,0.000000000000000E+000,0.000000000000000E+000,0.000000000000000E+000,0.000000000000000E+000,0.000000000000000E+000,0.709378686547734,0.154555541759584,0.281112892369017,0.576937287927980,0.871072568980503 
 10/27  21:00:00,1.56860070456003,0.827297963263072,0.000000000000000E+000,0.000000000000000E+000,0.000000000000000E+000,0.000000000000000E+000,0.000000000000000E+000,0.000000000000000E+000,0.594786771238556,0.129588864852759,0.263645119876690,0.563467934902426,0.788487580123059 
 10/27  22:00:00,1.26199477205985,0.735497875710044,0.000000000000000E+000,4.516110052172346E-002,0.000000000000000E+000,1.243433441611174E-003,1.243433441611174E-003,1.243433441611174E-003,0.447454272872651,9.748886729778145E-002,0.211086897798320,0.487609286959884,0.656751362288439 
 10/27  23:00:00,0.969020481392418,0.852825817222266,0.000000000000000E+000,0.309751190019084,0.000000000000000E+000,8.528467725522333E-003,8.528467725522333E-003,8.528467725522333E-003,0.311035246463717,6.776665543403097E-002,0.140854700817263,0.423723397262283,0.513889528327974 
 10/27  24:00:00,0.679572677292910,1.40600761093597,0.000000000000000E+000,1.01945689681055,0.000000000000000E+000,2.806899706010552E-002,2.806899706010552E-002,2.806899706010552E-002,0.158245970322875,3.447776503343996E-002,9.118414100106639E-002,0.350483790185822,0.362410191943213 
 10/28  01:00:00,0.582011533681896,1.83663793379217,0.000000000000000E+000,1.51382414579708,0.000000000000000E+000,4.168055131201048E-002,4.168055131201048E-002,4.168055131201048E-002,9.822166557726959E-002,2.139999836998500E-002,8.089405516241929E-002,0.322703249570613,0.300586725937816 
 10/28  02:00:00,0.535524161205364,2.21556356444031,0.000000000000000E+000,1.91462839952087,0.000000000000000E+000,5.271600897054233E-002,5.271600897054233E-002,5.271600897054233E-002,6.548110759841612E-002,1.426666497289785E-002,6.698660335484008E-002,0.318961762619070,0.278965807929487 
 10/28  03:00:00,0.528087655061253,2.42153986081448,0.000000000000000E+000,2.11596419281019,0.000000000000000E+000,5.825944470344320E-002,5.825944470344320E-002,5.825944470344320E-002,6.548110759841612E-002,1.426666497289785E-002,5.849644581967755E-002,0.314471978277217,0.283915557095139 
 10/28  04:00:00,0.533629605134131,2.68845731381309,0.000000000000000E+000,2.32308125080012,0.000000000000000E+000,6.396205764373074E-002,6.396205764373074E-002,6.396205764373074E-002,6.548110759841612E-002,1.426666497289785E-002,7.021500402342022E-002,0.302592757206068,0.344534165692590 
 10/28  05:00:00,0.588990554337075,2.93299650366619,0.000000000000000E+000,2.30276368551137,0.000000000000000E+000,6.340264833261364E-002,6.340264833261364E-002,6.340264833261364E-002,7.093786865477342E-002,1.545555417595845E-002,8.441327210734366E-002,0.337669197376786,0.606974935828227 
 10/28  06:00:00,0.795727842422479,3.46497362175035,0.000000000000000E+000,2.33803494089232,0.000000000000000E+000,6.437378185154068E-002,6.437378185154068E-002,6.437378185154068E-002,0.147332498365904,3.209999755497750E-002,0.144665999088276,0.390143551872181,1.10006648496211 
 10/28  07:00:00,1.09714179025622,3.16313195192820,0.000000000000000E+000,1.89413025765056,0.000000000000000E+000,5.215162779298080E-002,5.215162779298080E-002,5.215162779298080E-002,0.300121774506747,6.538886974280395E-002,0.232810738293084,0.414556754231002,1.24044797281740 
 10/28  08:00:00,1.04859401909661,3.05010691112877,0.000000000000000E+000,1.81386649970954,0.000000000000000E+000,4.994170288813395E-002,4.994170288813395E-002,4.994170288813395E-002,0.267381191450022,5.825554909465199E-002,0.305419771788383,0.350483790185822,1.21209988923702 
 10/28  09:00:00,0.904624304973573,2.95424526300188,0.000000000000000E+000,1.82811421039833,0.000000000000000E+000,5.033398916398106E-002,5.033398916398106E-002,5.033398916398106E-002,0.130962248633995,2.853333723090152E-002,0.379392669043303,0.298290047211791,1.10558551611059 
 10/28  10:00:00,0.905754489400309,3.06814555096820,0.000000000000000E+000,2.07143375937431,0.000000000000000E+000,5.703337559830758E-002,5.703337559830758E-002,5.703337559830758E-002,0.103678443352208,2.258889121559851E-002,0.400036430298660,0.305305335245937,0.975683058099689 
 10/28  11:00:00,0.907982361653989,2.38479897173328,0.000000000000000E+000,1.50604409796391,0.000000000000000E+000,4.146634103942352E-002,4.146634103942352E-002,4.146634103942352E-002,0.103678443352208,2.258889121559851E-002,0.417737799937434,0.305398872419725,0.857719697648498 
 10/28  12:00:00,0.880501528613129,1.98518012727570,0.000000000000000E+000,1.19676553037086,0.000000000000000E+000,3.295088616175006E-002,3.295088616175006E-002,3.295088616175006E-002,0.103678443352208,2.258889121559851E-002,0.403916966332617,0.300254327861353,0.767733765251543 
 10/28  13:00:00,0.846524912939119,1.70126509366195,0.000000000000000E+000,0.967586589402774,0.000000000000000E+000,2.664083711465761E-002,2.664083711465761E-002,2.664083711465761E-002,0.103678443352208,2.258889121559851E-002,0.365867773415168,0.310636954151884,0.712282541044035 
 10/28  14:00:00,0.831424540801117,1.54503385250724,0.000000000000000E+000,0.862674607078745,0.000000000000000E+000,2.375226562856922E-002,2.375226562856922E-002,2.375226562856922E-002,0.103678443352208,2.258889121559851E-002,0.336164521264791,0.328128405650351,0.659758511023592 
 10/28  15:00:00,0.860128885639191,1.40024379115576,0.000000000000000E+000,0.710147857021812,0.000000000000000E+000,1.955270318279070E-002,1.955270318279070E-002,1.955270318279070E-002,0.109135221127147,2.377776584844746E-002,0.344183027252082,0.346368154539124,0.666238887525803 
 10/28  16:00:00,1.00071644671927,1.27665525898492,0.000000000000000E+000,0.514294853535309,0.000000000000000E+000,1.416022666291571E-002,1.416022666291571E-002,1.416022666291571E-002,0.136418942816027,2.972221186375047E-002,0.393610230492980,0.409692821193995,0.734141700576891 
 10/28  17:00:00,1.27703915339266,1.11292625201258,0.000000000000000E+000,0.209201083024539,0.000000000000000E+000,5.759992995052488E-003,5.759992995052488E-003,5.759992995052488E-003,0.223727136436326,4.874444275527301E-002,0.483984265787358,0.497711301729051,0.869443952406367 
 10/28  18:00:00,1.52276941211152,1.04054466558918,0.000000000000000E+000,0.000000000000000E+000,0.000000000000000E+000,0.000000000000000E+000,0.000000000000000E+000,0.000000000000000E+000,0.409256912040987,8.916665380401598E-002,0.436869555600276,0.540364252976645,1.00332561123994 
 10/28  19:00:00,1.71394977161685,1.08104630108782,0.000000000000000E+000,1.033498429862366E-002,0.000000000000000E+000,2.845560658835928E-004,2.845560658835928E-004,2.845560658835928E-004,0.643897520434285,0.140288864037751,0.354604650088013,0.557762167301321,1.03229393387687 
 10/28  20:00:00,1.77395182050580,0.999608706650487,0.000000000000000E+000,0.000000000000000E+000,0.000000000000000E+000,0.000000000000000E+000,0.000000000000000E+000,0.000000000000000E+000,0.709378686547734,0.154555541759584,0.315968290580894,0.576937287927980,0.959870585268082 
 10/28  21:00:00,1.60752727435875,1.02229481563411,0.000000000000000E+000,0.120569843792462,0.000000000000000E+000,3.319683844933507E-003,3.319683844933507E-003,3.319683844933507E-003,0.594786771238556,0.129588864852759,0.299252005830474,0.563467934902426,0.862914588701633 
 10/28  22:00:00,1.29905293634114,1.11203745734597,0.000000000000000E+000,0.363500513806689,0.000000000000000E+000,1.000836316406124E-002,1.000836316406124E-002,1.000836316406124E-002,0.447454272872651,9.748886729778145E-002,0.239380132357161,0.487609286959884,0.714951530639395 
 10/28  23:00:00,0.994544856325935,1.25186710779704,0.000000000000000E+000,0.672567223410907,0.000000000000000E+000,1.851798489539515E-002,1.851798489539515E-002,1.851798489539515E-002,0.311035246463717,6.776665543403097E-002,0.156389558580908,0.423723397262283,0.550114785510924 
 10/28  24:00:00,0.686284699806932,1.42430185140771,0.000000000000000E+000,1.02448114943372,0.000000000000000E+000,2.820733123838249E-002,2.820733123838249E-002,2.820733123838249E-002,0.158245970322875,3.447776503343996E-002,9.775782933681368E-002,0.350483790185822,0.375680179791778 
 10/29  01:00:00,0.698841436640852,1.88031079555707,0.000000000000000E+000,1.48053777088561,0.000000000000000E+000,4.076406807230253E-002,4.076406807230253E-002,4.076406807230253E-002,0.158245970322875,3.447776503343996E-002,9.775782933681368E-002,0.350483790185822,0.375632502489250 
 10/29  02:00:00,0.589260707602933,2.09911407281385,0.000000000000000E+000,1.77711179851070,0.000000000000000E+000,4.892972523304803E-002,4.892972523304803E-002,4.892972523304803E-002,9.822166557726959E-002,2.139999836998500E-002,8.089405516241929E-002,0.322703249570613,0.299775212245872 
 10/29  03:00:00,0.541086885053542,2.41740842186953,0.000000000000000E+000,2.11666473092000,0.000000000000000E+000,5.827873281871923E-002,5.827873281871923E-002,5.827873281871923E-002,6.548110759841612E-002,1.426666497289785E-002,6.698660335484008E-002,0.318961762619070,0.278774333959580 
 10/29  04:00:00,0.538861430322738,2.81324805744642,0.000000000000000E+000,2.50726422649115,0.000000000000000E+000,6.903321996493067E-002,6.903321996493067E-002,6.903321996493067E-002,6.548110759841612E-002,1.426666497289785E-002,5.849644581967755E-002,0.314471978277217,0.284323720046133 
 10/29  05:00:00,0.545883926945978,3.13426254478556,0.000000000000000E+000,2.76815425643945,0.000000000000000E+000,7.621637945557699E-002,7.621637945557699E-002,7.621637945557699E-002,6.548110759841612E-002,1.426666497289785E-002,7.021500402342022E-002,0.302592757206068,0.345266391025728 
 10/29  06:00:00,0.606325755381958,3.56450083833339,0.000000000000000E+000,2.93237258193761,0.000000000000000E+000,8.073784937749728E-002,8.073784937749728E-002,8.073784937749728E-002,7.093786865477342E-002,1.545555417595845E-002,8.441327210734366E-002,0.337669197376786,0.608870374069185 
 10/29  07:00:00,0.818624809860485,4.30014682065857,0.000000000000000E+000,3.16964539425973,0.000000000000000E+000,8.727074928954746E-002,8.727074928954746E-002,8.727074928954746E-002,0.147332498365904,3.209999755497750E-002,0.144665999088276,0.390143551872181,1.10362923050292 
 10/29  08:00:00,1.12958835383410,4.34548608615217,0.000000000000000E+000,3.07257895485356,0.000000000000000E+000,8.459819137086479E-002,8.459819137086479E-002,8.459819137086479E-002,0.300121774506747,6.538886974280395E-002,0.232810738293084,0.414556754231002,1.24435340983837 
 10/29  09:00:00,1.06887555489323,3.79010854719394,0.000000000000000E+000,2.55048532158984,0.000000000000000E+000,7.022323868475629E-002,7.022323868475629E-002,7.022323868475629E-002,0.267381191450022,5.825554909465199E-002,0.305419771788383,0.350483790185822,1.21548270342190 
 10/29  10:00:00,0.925937912819321,3.73152652542472,0.000000000000000E+000,2.60221755537119,0.000000000000000E+000,7.164759700972731E-002,7.164759700972731E-002,7.164759700972731E-002,0.130962248633995,2.853333723090152E-002,0.379392669043303,0.298290047211791,1.10876343356058 
 10/29  11:00:00,0.932201931192840,4.03146433263689,0.000000000000000E+000,3.03199629321393,0.000000000000000E+000,8.348081739083910E-002,8.348081739083910E-002,8.348081739083910E-002,0.103678443352208,2.258889121559851E-002,0.400036430298660,0.305305335245937,0.978439305928774 
 10/29  12:00:00,0.957040075010681,4.16906709196717,0.000000000000000E+000,3.28780438373901,0.000000000000000E+000,9.052405439611473E-002,9.052405439611473E-002,9.052405439611473E-002,0.103678443352208,2.258889121559851E-002,0.417737799937434,0.305398872419725,0.860227532107292 
 10/29  13:00:00,0.916267300833626,3.28580631632909,0.000000000000000E+000,2.49576681217171,0.000000000000000E+000,6.871665838224800E-002,6.871665838224800E-002,6.871665838224800E-002,0.103678443352208,2.258889121559851E-002,0.403916966332617,0.300254327861353,0.769358672504082 
 10/29  14:00:00,0.886346225440449,3.14840662713209,0.000000000000000E+000,2.41388378280087,0.000000000000000E+000,6.646214961598855E-002,6.646214961598855E-002,6.646214961598855E-002,0.103678443352208,2.258889121559851E-002,0.365867773415168,0.310636954151884,0.713126881116082 
 10/29  15:00:00,0.877106289967693,3.20559665978847,0.000000000000000E+000,2.52182096512324,0.000000000000000E+000,6.943401479514573E-002,6.943401479514573E-002,6.943401479514573E-002,0.103678443352208,2.258889121559851E-002,0.336164521264791,0.328128405650351,0.661174960260323 
 10/29  16:00:00,0.908664141256956,3.16422155017585,0.000000000000000E+000,2.47293264666142,0.000000000000000E+000,6.808795880055540E-002,6.808795880055540E-002,6.808795880055540E-002,0.109135221127147,2.377776584844746E-002,0.344183027252082,0.346368154539124,0.667431856906297 
 10/29  17:00:00,1.06018100493039,3.43783747540370,0.000000000000000E+000,2.67402837925796,0.000000000000000E+000,7.362478487403773E-002,7.362478487403773E-002,7.362478487403773E-002,0.136418942816027,2.972221186375047E-002,0.393610230492980,0.409692821193995,0.735590391273014 
 10/29  18:00:00,1.36634695598956,4.35829704230012,0.000000000000000E+000,3.45283159470420,0.000000000000000E+000,9.506779559195340E-002,9.506779559195340E-002,9.506779559195340E-002,0.223727136436326,4.874444275527301E-002,0.483984265787358,0.497711301729051,0.871184231014233 
 10/29  19:00:00,1.60324787296357,3.96469879107791,0.000000000000000E+000,2.92295167456908,0.000000000000000E+000,8.047846085204022E-002,8.047846085204022E-002,8.047846085204022E-002,0.409256912040987,8.916665380401598E-002,0.436869555600276,0.540364252976645,1.00452806215960 
 10/29  20:00:00,1.79742247511942,4.11392806033207,0.000000000000000E+000,3.04203658371435,0.000000000000000E+000,8.375725956845403E-002,8.375725956845403E-002,8.375725956845403E-002,0.643897520434285,0.140288864037751,0.354604650088013,0.557762167301321,1.03347409370539 
 10/29  21:00:00,1.86192452270533,4.19561456641052,0.000000000000000E+000,3.19514009696631,0.000000000000000E+000,8.797270219953128E-002,8.797270219953128E-002,8.797270219953128E-002,0.709378686547734,0.154555541759584,0.315968290580894,0.576937287927980,0.960736348061822 
 10/29  22:00:00,1.69832939283290,4.32063473802236,0.000000000000000E+000,3.41847342493072,0.000000000000000E+000,9.412180231908439E-002,9.412180231908439E-002,9.412180231908439E-002,0.594786771238556,0.129588864852759,0.299252005830474,0.563467934902426,0.863350929951608 
 10/29  23:00:00,1.39404224167251,4.56171499996736,0.000000000000000E+000,3.81348136762729,0.000000000000000E+000,0.104997668495435,0.104997668495435,0.104997668495435,0.447454272872651,9.748886729778145E-002,0.239380132357161,0.487609286959884,0.714648219440185 
 10/29  24:00:00,1.09428129707502,4.87336916284374,0.000000000000000E+000,4.29496250056536,0.000000000000000E+000,0.118254425644478,0.118254425644478,0.118254425644478,0.311035246463717,6.776665543403097E-002,0.156389558580908,0.423723397262283,0.549221563403166 
 10/30  01:00:00,0.782285203322754,5.13508078769343,0.000000000000000E+000,4.74994262901312,0.000000000000000E+000,0.130781523089952,0.130781523089952,0.130781523089952,0.158245970322875,3.447776503343996E-002,9.118414100106639E-002,0.350483790185822,0.360997636498095 
 10/30  02:00:00,0.677325925678721,5.43254662185504,0.000000000000000E+000,5.11896679497402,0.000000000000000E+000,0.140941970541797,0.140941970541797,0.140941970541797,9.822166557726959E-002,2.139999836998500E-002,7.694702792945837E-002,0.322703249570613,0.291352764823750 
 10/30  03:00:00,0.627409745734159,5.64075599425349,0.000000000000000E+000,5.34672252858974,0.000000000000000E+000,0.147212834015557,0.147212834015557,0.147212834015557,6.548110759841612E-002,1.426666497289785E-002,6.437536283861907E-002,0.318961762619070,0.272064108673798 
 10/30  04:00:00,0.618230121021648,5.73845203756607,0.000000000000000E+000,5.43950048563552,0.000000000000000E+000,0.149767315928140,0.149767315928140,0.149767315928140,6.548110759841612E-002,1.426666497289785E-002,5.713104055537921E-002,0.314471978277217,0.277291441021424 
 10/30  05:00:00,0.621958773126720,5.98164831006160,0.000000000000000E+000,5.62818365592277,0.000000000000000E+000,0.154962383388720,0.154962383388720,0.154962383388720,6.548110759841612E-002,1.426666497289785E-002,6.754384627102017E-002,0.302592757206068,0.332622756818456 
 10/30  06:00:00,0.676332344159695,6.22273943090984,0.000000000000000E+000,5.62377991852161,0.000000000000000E+000,0.154841134032761,0.154841134032761,0.154841134032761,7.093786865477342E-002,1.545555417595845E-002,8.031657622981735E-002,0.337669197376786,0.575701630061630 
 10/30  07:00:00,0.871665652586975,6.53835183557801,0.000000000000000E+000,5.48198712735614,0.000000000000000E+000,0.150937112733950,0.150937112733950,0.150937112733950,0.147332498365904,3.209999755497750E-002,0.134040478370362,0.390143551872181,1.02949251232596 
 10/30  08:00:00,1.17939662434599,6.83321817089805,0.000000000000000E+000,5.65017367082815,0.000000000000000E+000,0.155567840731411,0.155567840731411,0.155567840731411,0.300121774506747,6.538886974280395E-002,0.211649359444424,0.414556754231002,1.15449077860964 
 10/30  09:00:00,1.11141317238228,6.41940472177067,0.000000000000000E+000,5.27355105573897,0.000000000000000E+000,0.145198183015835,0.145198183015835,0.145198183015835,0.267381191450022,5.825554909465199E-002,0.272982444946349,0.350483790185822,1.12171314384950 
 10/30  10:00:00,0.947355146264036,6.05802236321362,0.000000000000000E+000,5.01559933920409,0.000000000000000E+000,0.138095924945172,0.138095924945172,0.138095924945172,0.130962248633995,2.853333723090152E-002,0.334361574552576,0.298290047211791,1.02187748751659 
 10/30  11:00:00,0.942378954996697,6.17545757084197,0.000000000000000E+000,5.25088496980478,0.000000000000000E+000,0.144574111216977,0.144574111216977,0.144574111216977,0.103678443352208,2.258889121559851E-002,0.349120160276377,0.305305335245937,0.903543867542999 
 10/30  12:00:00,0.909667125515888,4.29204657544721,0.000000000000000E+000,3.47361047466627,0.000000000000000E+000,9.563990641134336E-002,9.563990641134336E-002,9.563990641134336E-002,0.103678443352208,2.258889121559851E-002,0.365248998427415,0.305398872419725,0.797400924660082 
 10/30  13:00:00,0.872964451203824,3.39654740667558,0.000000000000000E+000,2.65948482641618,0.000000000000000E+000,7.322435309194228E-002,7.322435309194228E-002,7.322435309194228E-002,0.103678443352208,2.258889121559851E-002,0.356106421993124,0.300254327861353,0.716381748606113 
 10/30  14:00:00,0.836619408911139,2.88067959394580,0.000000000000000E+000,2.19092639891539,0.000000000000000E+000,6.032340047182232E-002,6.032340047182232E-002,6.032340047182232E-002,0.103678443352208,2.258889121559851E-002,0.322279706030025,0.310636954151884,0.668357231815263 
 10/30  15:00:00,0.814252488577122,2.30266694335266,0.000000000000000E+000,1.66002048962219,0.000000000000000E+000,4.570581688023981E-002,4.570581688023981E-002,4.570581688023981E-002,0.103678443352208,2.258889121559851E-002,0.297038917789125,0.328128405650351,0.620045719325568 
 10/30  16:00:00,0.849277110206150,2.31243872830700,0.000000000000000E+000,1.66198586979340,0.000000000000000E+000,4.575993025219325E-002,4.575993025219325E-002,4.575993025219325E-002,0.109135221127147,2.377776584844746E-002,0.307124024749640,0.346368154539124,0.626595811905454 
 10/30  17:00:00,1.00590844558009,2.72169690220372,0.000000000000000E+000,2.00739482952486,0.000000000000000E+000,5.527017350580093E-002,5.527017350580093E-002,5.527017350580093E-002,0.136418942816027,2.972221186375047E-002,0.357692282510922,0.409692821193995,0.686083367806150 
 10/30  18:00:00,1.32052065217799,3.91819169653293,0.000000000000000E+000,3.07240675986127,0.000000000000000E+000,8.459345027710496E-002,8.459345027710496E-002,8.459345027710496E-002,0.223727136436326,4.874444275527301E-002,0.448632307290634,0.497711301729051,0.811503720089976 
 10/30  19:00:00,1.55715504110647,3.45832931736593,0.000000000000000E+000,2.49501548883115,0.000000000000000E+000,6.869597198275083E-002,6.869597198275083E-002,6.869597198275083E-002,0.409256912040987,8.916665380401598E-002,0.402559212612476,0.540364252976645,0.926094774185543 
 10/30  20:00:00,1.75165969205254,3.60747145978486,0.000000000000000E+000,2.62370649451998,0.000000000000000E+000,7.223925809091579E-002,7.223925809091579E-002,7.223925809091579E-002,0.643897520434285,0.140288864037751,0.320359868498665,0.557762167301321,0.945347582352561 
 10/30  21:00:00,1.82710351900786,4.11360315995484,0.000000000000000E+000,3.19638929460783,0.000000000000000E+000,8.800709671394105E-002,8.800709671394105E-002,8.800709671394105E-002,0.709378686547734,0.154555541759584,0.281112892369017,0.576937287927980,0.877475743964595 
 10/30  22:00:00,1.67249138538478,4.60564185051025,0.000000000000000E+000,3.77327593338450,0.000000000000000E+000,0.103890680824752,0.103890680824752,0.103890680824752,0.594786771238556,0.129588864852759,0.263645119876690,0.563467934902426,0.793555533985739 
 10/30  23:00:00,1.38306331319449,5.13543791022621,0.000000000000000E+000,4.44233136571514,0.000000000000000E+000,0.122311974576249,0.122311974576249,0.122311974576249,0.447454272872651,9.748886729778145E-002,0.211086897798320,0.487609286959884,0.659521131611164 
 10/30  24:00:00,1.09801270512084,5.53875212270426,0.000000000000000E+000,4.99470704481074,0.000000000000000E+000,0.137520691453947,0.137520691453947,0.137520691453947,0.311035246463717,6.776665543403097E-002,0.140854700817263,0.423723397262283,0.514859979018306 
 10/31  01:00:00,0.806755105759177,6.02441947078486,0.000000000000000E+000,5.63868157289745,0.000000000000000E+000,0.155251425526373,0.155251425526373,0.155251425526373,0.158245970322875,3.447776503343996E-002,9.118414100106639E-002,0.350483790185822,0.361597375705214 
 10/31  02:00:00,0.702760749744908,6.35652655681193,0.000000000000000E+000,6.04275138043363,0.000000000000000E+000,0.166376794607983,0.166376794607983,0.166376794607983,9.822166557726959E-002,2.139999836998500E-002,7.694702792945837E-002,0.322703249570613,0.291548114321035 
 10/31  03:00:00,0.656889999629446,6.71138114913551,0.000000000000000E+000,6.41743581730902,0.000000000000000E+000,0.176693087910845,0.176693087910845,0.176693087910845,6.548110759841612E-002,1.426666497289785E-002,6.437536283861907E-002,0.318961762619070,0.271975974836553 
 10/31  04:00:00,0.647867786793334,6.81501550566718,0.000000000000000E+000,6.51593092280471,0.000000000000000E+000,0.179404981699825,0.179404981699825,0.179404981699825,6.548110759841612E-002,1.426666497289785E-002,5.713104055537921E-002,0.314471978277217,0.277424471953329 
 10/31  05:00:00,0.648896497557591,6.96011077537217,0.000000000000000E+000,6.60655309664867,0.000000000000000E+000,0.181900107819590,0.181900107819590,0.181900107819590,6.548110759841612E-002,1.426666497289785E-002,6.754384627102017E-002,0.302592757206068,0.332715781403118 
 10/31  06:00:00,0.703375138697494,7.20572325275360,0.000000000000000E+000,6.60596547155559,0.000000000000000E+000,0.181883928570559,0.181883928570559,0.181883928570559,7.093786865477342E-002,1.545555417595845E-002,8.031657622981735E-002,0.337669197376786,0.576499898871400 
 10/31  07:00:00,0.895774067367194,7.41634984578410,0.000000000000000E+000,6.35759695645819,0.000000000000000E+000,0.175045527514171,0.175045527514171,0.175045527514171,0.147332498365904,3.209999755497750E-002,0.134040478370362,0.390143551872181,1.03188069342999 
 10/31  08:00:00,1.18332733563904,6.97870514761254,0.000000000000000E+000,5.79293583395385,0.000000000000000E+000,0.159498552024460,0.159498552024460,0.159498552024460,0.300121774506747,6.538886974280395E-002,0.211649359444424,0.414556754231002,1.15721559219843 
 10/31  09:00:00,1.10851613201489,6.31687463411944,0.000000000000000E+000,5.16833148638455,0.000000000000000E+000,0.142301142648445,0.142301142648445,0.142301142648445,0.267381191450022,5.825554909465199E-002,0.272982444946349,0.350483790185822,1.12440262555268 
 10/31  10:00:00,0.922524266489662,5.15847572906459,0.000000000000000E+000,4.11374981513122,0.000000000000000E+000,0.113265045170798,0.113265045170798,0.113265045170798,0.130962248633995,2.853333723090152E-002,0.334361574552576,0.298290047211791,1.02418037744042 
 10/31  11:00:00,0.907522445767320,4.91202437389127,0.000000000000000E+000,3.98490782582149,0.000000000000000E+000,0.109717601987602,0.109717601987602,0.109717601987602,0.103678443352208,2.258889121559851E-002,0.349120160276377,0.305305335245937,0.906087814575594 
 10/31  12:00:00,0.885741387334162,3.42560079685992,0.000000000000000E+000,2.60463540055105,0.000000000000000E+000,7.171416822961646E-002,7.171416822961646E-002,7.171416822961646E-002,0.103678443352208,2.258889121559851E-002,0.365248998427415,0.305398872419725,0.799930220187992 
 10/31  13:00:00,0.843221292550747,2.31803922398450,0.000000000000000E+000,1.57922292190703,0.000000000000000E+000,4.348119443886356E-002,4.348119443886356E-002,4.348119443886356E-002,0.103678443352208,2.258889121559851E-002,0.356106421993124,0.300254327861353,0.718135470424181 
 10/31  14:00:00,0.802443967240299,1.64120254468502,0.000000000000000E+000,0.949685408427638,0.000000000000000E+000,2.614795880098342E-002,2.614795880098342E-002,2.614795880098342E-002,0.103678443352208,2.258889121559851E-002,0.322279706030025,0.310636954151884,0.670121173042243 
 10/31  15:00:00,0.784203500593721,1.21352123622087,0.000000000000000E+000,0.568650962728917,0.000000000000000E+000,1.565682889683807E-002,1.565682889683807E-002,1.565682889683807E-002,0.103678443352208,2.258889121559851E-002,0.297038917789125,0.328128405650351,0.622269539087044 
 10/31  16:00:00,0.818249141886612,1.18775316153188,0.000000000000000E+000,0.535060093655474,0.000000000000000E+000,1.473196193265476E-002,1.473196193265476E-002,1.473196193265476E-002,0.109135221127147,2.377776584844746E-002,0.307124024749640,0.346368154539124,0.628836021268259 
 10/31  17:00:00,0.970336214700590,1.43202744552794,0.000000000000000E+000,0.715422906645220,0.000000000000000E+000,1.969794262629691E-002,1.969794262629691E-002,1.969794262629691E-002,0.136418942816027,2.972221186375047E-002,0.357692282510922,0.409692821193995,0.688385834010002 
 10/31  18:00:00,1.29583279447796,3.02496526108116,0.000000000000000E+000,2.17575175128081,0.000000000000000E+000,5.990559257707405E-002,5.990559257707405E-002,5.990559257707405E-002,0.223727136436326,4.874444275527301E-002,0.448632307290634,0.497711301729051,0.814932293218663 
 10/31  19:00:00,1.54259218278961,2.93374332912581,0.000000000000000E+000,1.96609718381974,0.000000000000000E+000,5.413311366588739E-002,5.413311366588739E-002,5.413311366588739E-002,0.409256912040987,8.916665380401598E-002,0.402559212612476,0.540364252976645,0.930427090956833 
 10/31  20:00:00,1.73596907710185,3.04097870545780,0.000000000000000E+000,2.05382843324019,0.000000000000000E+000,5.654864314022415E-002,5.654864314022415E-002,5.654864314022415E-002,0.643897520434285,0.140288864037751,0.320359868498665,0.557762167301321,0.948732889305268 
 10/31  21:00:00,1.80780601877445,3.41534147534549,0.000000000000000E+000,2.49551032618477,0.000000000000000E+000,6.870959648052737E-002,6.870959648052737E-002,6.870959648052737E-002,0.709378686547734,0.154555541759584,0.281112892369017,0.576937287927980,0.880093027778320 
 10/31  22:00:00,1.65002749596217,3.79211001089158,0.000000000000000E+000,2.95739473349564,0.000000000000000E+000,8.142679140213573E-002,8.142679140213573E-002,8.142679140213573E-002,0.594786771238556,0.129588864852759,0.263645119876690,0.563467934902426,0.795904894255917 
 10/31  23:00:00,1.35863177435476,4.25022254920974,0.000000000000000E+000,3.55498577525746,0.000000000000000E+000,9.788043573652178E-002,9.788043573652178E-002,9.788043573652178E-002,0.447454272872651,9.748886729778145E-002,0.211086897798320,0.487609286959884,0.661651361052401 
 10/31  24:00:00,1.07297426501981,4.63098884399742,0.000000000000000E+000,4.08531899679067,0.000000000000000E+000,0.112482251352919,0.112482251352919,0.112482251352919,0.311035246463717,6.776665543403097E-002,0.140854700817263,0.423723397262283,0.516484748331557 
 11/01  01:00:00,0.782073073992206,5.02694318962047,0.000000000000000E+000,4.64054942484415,0.000000000000000E+000,0.127769568846648,0.127769568846648,0.127769568846648,0.161961257068902,3.528723135476250E-002,9.089268438097377E-002,0.349050318651320,0.362351976836147 
 11/01  02:00:00,0.671479144481536,5.32518713023643,0.000000000000000E+000,5.01112916153179,0.000000000000000E+000,0.137972846270306,0.137972846270306,0.137972846270306,9.717675424134119E-002,2.117233881285750E-002,7.666179158831476E-002,0.321383399879117,0.291921814876648 
 11/01  03:00:00,0.622817176130212,5.56278829491449,0.000000000000000E+000,5.26818135674080,0.000000000000000E+000,0.145050337564140,0.145050337564140,0.145050337564140,6.478450282756079E-002,1.411489072062854E-002,6.409821579558966E-002,0.317657215532691,0.272727435404547 
 11/01  04:00:00,0.616669201665580,5.76968624776708,0.000000000000000E+000,5.47010408124165,0.000000000000000E+000,0.150609933441234,0.150609933441234,0.150609933441234,6.478450282756079E-002,1.411489072062854E-002,5.686206666957333E-002,0.313185794316982,0.278010645026944 
 11/01  05:00:00,0.619875175454613,5.99245865609514,0.000000000000000E+000,5.63795989704075,0.000000000000000E+000,0.155231555419492,0.155231555419492,0.155231555419492,6.478450282756079E-002,1.411489072062854E-002,6.727705378024802E-002,0.301355159017084,0.333742104667848 
 11/01  06:00:00,0.677848242911947,6.32593484791097,0.000000000000000E+000,5.72437732223678,0.000000000000000E+000,0.157610910997308,0.157610910997308,0.157610910997308,7.126295311031687E-002,1.552637997481904E-002,8.004784787508873E-002,0.336288137264814,0.578394767610691 
 11/01  07:00:00,0.862058669890867,7.33578072586133,0.000000000000000E+000,6.27372339500792,0.000000000000000E+000,0.172736212861306,0.172736212861306,0.172736212861306,0.123090555372366,2.681829582961950E-002,0.133753719414558,0.388547872723419,1.03529504168917 
 11/01  08:00:00,1.11051430994378,7.08320511811856,0.000000000000000E+000,5.89376770056733,0.000000000000000E+000,0.162274784522757,0.162274784522757,0.162274784522757,0.239702660461975,5.222510240504850E-002,0.211338511280563,0.412861225583838,1.16100048022782 
 11/01  09:00:00,1.08944706405733,7.20255888202975,0.000000000000000E+000,6.05025505504412,0.000000000000000E+000,0.166583395417925,0.166583395417925,0.166583395417925,0.233224210179219,5.081361315085800E-002,0.272663512968407,0.349050318651320,1.12826203904549 
 11/01  10:00:00,0.970737651066999,7.03092158106254,0.000000000000000E+000,5.98255708346212,0.000000000000000E+000,0.164719447887377,0.164719447887377,0.164719447887377,0.129569005655122,2.822978508381000E-002,0.334037351732395,0.297070047018697,1.02790299193158 
 11/01  11:00:00,1.00165596910450,8.10472405793636,0.000000000000000E+000,7.17491683573402,0.000000000000000E+000,0.197549028506054,0.197549028506054,0.197549028506054,0.110133654806853,2.399531732123850E-002,0.348809312112515,0.304056642668242,0.908864495798104 
 11/01  12:00:00,0.984865159683661,6.79862417422502,0.000000000000000E+000,5.97604335466608,0.000000000000000E+000,0.164540103537461,0.164540103537461,0.164540103537461,0.110133654806853,2.399531732123850E-002,0.364934273051607,0.304149797276904,0.801631676878220 
 11/01  13:00:00,0.959028169243949,6.29628960820232,0.000000000000000E+000,5.55645258290034,0.000000000000000E+000,0.152987391327668,0.152987391327668,0.152987391327668,0.110133654806853,2.399531732123850E-002,0.355773498298021,0.299026293800569,0.719240777827226 
 11/01  14:00:00,0.922230003615963,5.76442643871929,0.000000000000000E+000,5.07276783940158,0.000000000000000E+000,0.139669961541515,0.139669961541515,0.139669961541515,0.110133654806853,2.399531732123850E-002,0.321952600894858,0.309366455361897,0.670350145154579 
 11/01  15:00:00,0.926684393408508,5.58946457565475,0.000000000000000E+000,4.94529209803982,0.000000000000000E+000,0.136160135652149,0.136160135652149,0.136160135652149,0.123090555372366,2.681829582961950E-002,0.296717025683342,0.326786367181432,0.621664179751546 
 11/01  16:00:00,1.02321971623722,5.78572169195954,0.000000000000000E+000,5.13330389956014,0.000000000000000E+000,0.141336718125277,0.141336718125277,0.141336718125277,0.174918157634414,3.811020986314350E-002,0.306791101054537,0.344951515870253,0.628658320624007 
 11/01  17:00:00,1.31178137102173,5.89945702832660,0.000000000000000E+000,5.18360446028631,0.000000000000000E+000,0.142721657788310,0.142721657788310,0.142721657788310,0.317444063855048,6.916297345533449E-002,0.357323476299952,0.408017185933488,0.687749277093423 
 11/01  18:00:00,1.82183621750994,7.18331697280054,0.000000000000000E+000,6.33498414540671,0.000000000000000E+000,0.174422922547829,0.174422922547829,0.174422922547829,0.563625174599779,0.122799546901809,0.448200887087803,0.495675672683124,0.814191820286918 
 11/01  19:00:00,2.07344145150449,6.31094560134425,0.000000000000000E+000,5.34395764679059,0.000000000000000E+000,0.147136707737600,0.147136707737600,0.147136707737600,0.770935583647974,0.167967203035905,0.402135745161050,0.538154174232364,0.929921125375569 
 11/01  20:00:00,1.98102690201009,6.41968610025813,0.000000000000000E+000,5.43173366302368,0.000000000000000E+000,0.149553469789338,0.149553469789338,0.149553469789338,0.770935583647974,0.167967203035905,0.319977700404031,0.555480931443240,0.949692180632581 
 11/01  21:00:00,1.89995516239039,6.71790378527667,0.000000000000000E+000,5.79725981647653,0.000000000000000E+000,0.159617605466638,0.159617605466638,0.159617605466638,0.712629531103169,0.155263817960955,0.280754567951364,0.574577626218664,0.881068375521548 
 11/01  22:00:00,1.74921200862971,7.15053979847426,0.000000000000000E+000,6.31502643176627,0.000000000000000E+000,0.173873421134623,0.173873421134623,0.173873421134623,0.602495876296315,0.131268500639717,0.263298834297921,0.561163362571536,0.796861717241358 
 11/01  23:00:00,1.44972820043784,7.66320948340746,0.000000000000000E+000,6.96739988166306,0.000000000000000E+000,0.191835405113086,0.191835405113086,0.191835405113086,0.447013069510170,9.739275853914450E-002,0.210759978638061,0.485614974947777,0.662361552496449 
 11/01  24:00:00,1.16993282960447,8.22977108024332,0.000000000000000E+000,7.68387444377314,0.000000000000000E+000,0.211562303268786,0.211562303268786,0.211562303268786,0.310965613572292,6.775148420114399E-002,0.140551037640066,0.421990377232579,0.516830904052551 
 11/02  01:00:00,0.883709508738322,8.71887457003933,0.000000000000000E+000,8.33195186958739,0.000000000000000E+000,0.229406003592765,0.229406003592765,0.229406003592765,0.161961257068902,3.528723135476250E-002,9.089268438097377E-002,0.349050318651320,0.362880912511781 
 11/02  02:00:00,0.777517535435892,9.17671490886075,0.000000000000000E+000,8.86240923233821,0.000000000000000E+000,0.244011237224660,0.244011237224660,0.244011237224660,9.717675424134119E-002,2.117233881285750E-002,7.666179158831476E-002,0.321383399879117,0.292169522694528 
 11/02  03:00:00,0.733676302804331,9.58916152469767,0.000000000000000E+000,9.29454899005230,0.000000000000000E+000,0.255909464238260,0.255909464238260,0.255909464238260,6.478450282756079E-002,1.411489072062854E-002,6.409821579558966E-002,0.317657215532691,0.272733031876234 
 11/02  04:00:00,0.729591490559667,9.87108007773666,0.000000000000000E+000,9.57140509923673,0.000000000000000E+000,0.263532222335323,0.263532222335323,0.263532222335323,6.478450282756079E-002,1.411489072062854E-002,5.686206666957333E-002,0.313185794316982,0.278103457001465 
 11/02  05:00:00,0.733986817202145,10.1371565134713,0.000000000000000E+000,9.78245782608275,0.000000000000000E+000,0.269343197167022,0.269343197167022,0.269343197167022,6.478450282756079E-002,1.411489072062854E-002,6.727705378024802E-002,0.301355159017084,0.333942033001974 
 11/02  06:00:00,0.792320519073852,10.4846258441492,0.000000000000000E+000,9.88197337659390,0.000000000000000E+000,0.272083187159214,0.272083187159214,0.272083187159214,7.126295311031687E-002,1.552637997481904E-002,8.004784787508873E-002,0.336288137264814,0.579489709491794 
 11/02  07:00:00,0.951521835740060,10.5876280221130,0.000000000000000E+000,9.52299664977239,0.000000000000000E+000,0.262199378710497,0.262199378710497,0.262199378710497,0.123090555372366,2.681829582961950E-002,0.133753719414558,0.388547872723419,1.03786908317635 
 11/02  08:00:00,1.19479896053266,10.1475032795870,0.000000000000000E+000,8.95495895560591,0.000000000000000E+000,0.246559435111635,0.246559435111635,0.246559435111635,0.239702660461975,5.222510240504850E-002,0.211338511280563,0.412861225583838,1.16410738665766 
 11/02  09:00:00,1.15084348370349,9.43548494489353,0.000000000000000E+000,8.28015316339940,0.000000000000000E+000,0.227979815064092,0.227979815064092,0.227979815064092,0.233224210179219,5.081361315085800E-002,0.272663512968407,0.349050318651320,1.13128999355397 
 11/02  10:00:00,1.01274593387525,8.55956059883397,0.000000000000000E+000,7.50828433122724,0.000000000000000E+000,0.206727730695631,0.206727730695631,0.206727730695631,0.129569005655122,2.822978508381000E-002,0.334037351732395,0.297070047018697,1.03081476193788 
 11/02  11:00:00,1.01460175061295,8.57777421373202,0.000000000000000E+000,7.64510343396272,0.000000000000000E+000,0.210494810014495,0.210494810014495,0.210494810014495,0.110133654806853,2.399531732123850E-002,0.348809312112515,0.304056642668242,0.911728053365067 
 11/02  12:00:00,0.967404471655225,6.16742004661184,0.000000000000000E+000,5.34187681157478,0.000000000000000E+000,0.147079415509024,0.147079415509024,0.147079415509024,0.110133654806853,2.399531732123850E-002,0.364934273051607,0.304149797276904,0.804594092356353 
 11/02  13:00:00,0.926944110244400,5.13468180269413,0.000000000000000E+000,4.39116993476272,0.000000000000000E+000,0.120903332328120,0.120903332328120,0.120903332328120,0.110133654806853,2.399531732123850E-002,0.355773498298021,0.299026293800569,0.722915620456636 
 11/02  14:00:00,0.883824082029736,4.37369943411516,0.000000000000000E+000,3.67787718635817,0.000000000000000E+000,0.101264039955288,0.101264039955288,0.101264039955288,0.110133654806853,2.399531732123850E-002,0.321952600894858,0.309366455361897,0.674513793593842 
 11/02  15:00:00,0.880009839752792,3.89839585274905,0.000000000000000E+000,3.25008740198379,0.000000000000000E+000,8.948558199643249E-002,8.948558199643249E-002,8.948558199643249E-002,0.123090555372366,2.681829582961950E-002,0.296717025683342,0.326786367181432,0.625800152901908 
 11/02  16:00:00,0.972741022539015,3.95621666627783,0.000000000000000E+000,3.29993406727045,0.000000000000000E+000,9.085802442706889E-002,9.085802442706889E-002,9.085802442706889E-002,0.174918157634414,3.811020986314350E-002,0.306791101054537,0.344951515870253,0.632523127231980 
 11/02  17:00:00,1.26955618471733,4.37074423784898,0.000000000000000E+000,3.64999934767914,0.000000000000000E+000,0.100496471483907,0.100496471483907,0.100496471483907,0.317444063855048,6.916297345533449E-002,0.357323476299952,0.408017185933488,0.692641599222972 
 11/02  18:00:00,1.78846791812943,5.97669942429433,0.000000000000000E+000,5.12305830190556,0.000000000000000E+000,0.141054623167320,0.141054623167320,0.141054623167320,0.563625174599779,0.122799546901809,0.448200887087803,0.495675672683124,0.819500115281851 
 11/02  19:00:00,2.04389320785809,5.24263156445998,0.000000000000000E+000,4.27077499229620,0.000000000000000E+000,0.117588464091202,0.117588464091202,0.117588464091202,0.770935583647974,0.167967203035905,0.402135745161050,0.538154174232364,0.934789742985688 
 11/02  20:00:00,1.95467638168787,5.46729875692984,0.000000000000000E+000,4.47469128564541,0.000000000000000E+000,0.123202949467125,0.123202949467125,0.123202949467125,0.770935583647974,0.167967203035905,0.319977700404031,0.555480931443240,0.954347214682578 
 11/02  21:00:00,1.87577518122950,5.84382526601600,0.000000000000000E+000,4.91905071957029,0.000000000000000E+000,0.135437624305746,0.135437624305746,0.135437624305746,0.712629531103169,0.155263817960955,0.280754567951364,0.574577626218664,0.885198953167115 
 11/02  22:00:00,1.72347516115998,6.21963322059235,0.000000000000000E+000,5.38027245395230,0.000000000000000E+000,0.148136573664888,0.148136573664888,0.148136573664888,0.602495876296315,0.131268500639717,0.263298834297921,0.561163362571536,0.800709117173401 
 11/02  23:00:00,1.42021021475908,6.59447715721539,0.000000000000000E+000,5.89531618676915,0.000000000000000E+000,0.162317419434328,0.162317419434328,0.162317419434328,0.447013069510170,9.739275853914450E-002,0.210759978638061,0.485614974947777,0.665712921198302 
 11/02  24:00:00,1.13529017343328,6.97423012359041,0.000000000000000E+000,6.42566437371166,0.000000000000000E+000,0.176919647097602,0.176919647097602,0.176919647097602,0.310965613572292,6.775148420114399E-002,0.140551037640066,0.421990377232579,0.519500017461095 
 11/03  01:00:00,0.845421288501206,7.33056996006630,0.000000000000000E+000,6.94133609148362,0.000000000000000E+000,0.191117783355647,0.191117783355647,0.191117783355647,0.161961257068902,3.528723135476250E-002,9.089268438097377E-002,0.349050318651320,0.365192080642522 
 11/03  02:00:00,0.734086542145606,7.60154597785703,0.000000000000000E+000,7.28500959991452,0.000000000000000E+000,0.200580243934376,0.200580243934376,0.200580243934376,9.717675424134119E-002,2.117233881285750E-002,7.666179158831476E-002,0.321383399879117,0.294400224114513 
 11/03  03:00:00,0.686192849512318,7.86673558755857,0.000000000000000E+000,7.56996532077236,0.000000000000000E+000,0.208426010946246,0.208426010946246,0.208426010946246,6.478450282756079E-002,1.411489072062854E-002,6.409821579558966E-002,0.317657215532691,0.274890764017077 
 11/03  04:00:00,0.676402353484666,7.94131100973789,0.000000000000000E+000,7.63959283995299,0.000000000000000E+000,0.210343085260322,0.210343085260322,0.210343085260322,6.478450282756079E-002,1.411489072062854E-002,5.686206666957333E-002,0.313185794316982,0.280146648286437 
 11/03  05:00:00,0.670125498533467,7.81992635288160,0.000000000000000E+000,7.46303538228156,0.000000000000000E+000,0.205481878498345,0.205481878498345,0.205481878498345,6.478450282756079E-002,1.411489072062854E-002,6.727705378024802E-002,0.301355159017084,0.336134316213493 
 11/03  06:00:00,0.718421680418001,7.80361934587776,0.000000000000000E+000,7.19799145259869,0.000000000000000E+000,0.198184348503363,0.198184348503363,0.198184348503363,7.126295311031687E-002,1.552637997481904E-002,8.004784787508873E-002,0.336288137264814,0.582465135215569 
 11/03  07:00:00,0.891544351701455,8.41394128659439,0.000000000000000E+000,7.34463382385566,0.000000000000000E+000,0.202221894671893,0.202221894671893,0.202221894671893,0.123090555372366,2.681829582961950E-002,0.133753719414558,0.388547872723419,1.04254517357448 
 11/03  08:00:00,1.12663049053048,7.67679311866991,0.000000000000000E+000,6.47910216813556,0.000000000000000E+000,0.178390965109452,0.178390965109452,0.178390965109452,0.239702660461975,5.222510240504850E-002,0.211338511280563,0.412861225583838,1.16925401321098 
 11/03  09:00:00,1.08851411498500,7.17697328718209,0.000000000000000E+000,6.01637064641608,0.000000000000000E+000,0.165650446345591,0.165650446345591,0.165650446345591,0.233224210179219,5.081361315085800E-002,0.272663512968407,0.349050318651320,1.13656085282585 
 11/03  10:00:00,0.941494106973222,5.97655203181075,0.000000000000000E+000,4.92044101819097,0.000000000000000E+000,0.135475903793598,0.135475903793598,0.135475903793598,0.129569005655122,2.822978508381000E-002,0.334037351732395,0.297070047018697,1.03564950795095 
 11/03  11:00:00,0.934645284352171,5.67839943647064,0.000000000000000E+000,4.74111043415590,0.000000000000000E+000,0.130538343753722,0.130538343753722,0.130538343753722,0.110133654806853,2.399531732123850E-002,0.348809312112515,0.304056642668242,0.916346275910504 
 11/03  12:00:00,0.900963335730770,3.75882415578750,0.000000000000000E+000,2.92875623925542,0.000000000000000E+000,8.063827958456955E-002,8.063827958456955E-002,8.063827958456955E-002,0.110133654806853,2.399531732123850E-002,0.364934273051607,0.304149797276904,0.809118773851354 
 11/03  13:00:00,0.860527463981370,2.72640403958366,0.000000000000000E+000,1.97893881902726,0.000000000000000E+000,5.448668606508814E-002,5.448668606508814E-002,5.448668606508814E-002,0.110133654806853,2.399531732123850E-002,0.355773498298021,0.299026293800569,0.726868973081641 
 11/03  14:00:00,0.820275201572875,2.06965066748726,0.000000000000000E+000,1.36980239737984,0.000000000000000E+000,3.771515949842624E-002,3.771515949842624E-002,3.771515949842624E-002,0.110133654806853,2.399531732123850E-002,0.321952600894858,0.309366455361897,0.678539815944285 
 11/03  15:00:00,0.815562702975390,1.56160368684595,0.000000000000000E+000,0.909388233904375,0.000000000000000E+000,2.503844521903321E-002,2.503844521903321E-002,2.503844521903321E-002,0.123090555372366,2.681829582961950E-002,0.296717025683342,0.326786367181432,0.629707155078199 
 11/03  16:00:00,0.909396358743447,1.65946970630843,0.000000000000000E+000,0.999276361394627,0.000000000000000E+000,2.751336063150031E-002,2.751336063150031E-002,2.751336063150031E-002,0.174918157634414,3.811020986314350E-002,0.306791101054537,0.344951515870253,0.636433873138413 
 11/03  17:00:00,1.20258411436927,1.94244999594624,0.000000000000000E+000,1.21759540877795,0.000000000000000E+000,3.352440113585056E-002,3.352440113585056E-002,3.352440113585056E-002,0.317444063855048,6.916297345533449E-002,0.357323476299952,0.408017185933488,0.696751296221433 
 11/03  18:00:00,1.70871314010652,3.08464244671629,0.000000000000000E+000,2.22639055367966,0.000000000000000E+000,6.129984514440410E-002,6.129984514440410E-002,6.129984514440410E-002,0.563625174599779,0.122799546901809,0.448200887087803,0.495675672683124,0.824110885929737 
 11/03  19:00:00,1.97267289514389,2.66179189746371,0.000000000000000E+000,1.68407626437152,0.000000000000000E+000,4.636815137699975E-002,4.636815137699975E-002,4.636815137699975E-002,0.770935583647974,0.167967203035905,0.402135745161050,0.538154174232364,0.940648803914102 
 11/03  20:00:00,1.88413377130516,2.91104896670145,0.000000000000000E+000,1.91260648725827,0.000000000000000E+000,5.266033908441729E-002,5.266033908441729E-002,5.266033908441729E-002,0.770935583647974,0.167967203035905,0.319977700404031,0.555480931443240,0.960182222841328 
 11/03  21:00:00,1.80404737752171,3.24426297683758,0.000000000000000E+000,2.31392008286135,0.000000000000000E+000,6.370982059796154E-002,6.370982059796154E-002,6.370982059796154E-002,0.712629531103169,0.155263817960955,0.280754567951364,0.574577626218664,0.890767300697654 
 11/03  22:00:00,1.65251589588400,3.64772856942160,0.000000000000000E+000,2.80305488457122,0.000000000000000E+000,7.717730838890566E-002,7.717730838890566E-002,7.717730838890566E-002,0.602495876296315,0.131268500639717,0.263298834297921,0.561163362571536,0.806022035383724 
 11/03  23:00:00,1.35175632133214,4.11297117994303,0.000000000000000E+000,3.40909291280615,0.000000000000000E+000,9.386352600738268E-002,9.386352600738268E-002,9.386352600738268E-002,0.447013069510170,9.739275853914450E-002,0.210759978638061,0.485614974947777,0.670430217888962 
 11/03  24:00:00,1.06946429239246,4.58755461800131,0.000000000000000E+000,4.03488965981645,0.000000000000000E+000,0.111093766056777,0.111093766056777,0.111093766056777,0.310965613572292,6.775148420114399E-002,0.140551037640066,0.421990377232579,0.523599225767226 
 11/04  01:00:00,0.786259787935408,4.96003533530851,0.000000000000000E+000,4.55385528676084,0.000000000000000E+000,0.125382594454104,0.125382594454104,0.125382594454104,0.161961257068902,3.528723135476250E-002,9.746637271672108E-002,0.349050318651320,0.382138260607514 
 11/04  02:00:00,0.672953913555936,5.24756335549741,0.000000000000000E+000,4.92133754464411,0.000000000000000E+000,0.135500588111744,0.135500588111744,0.135500588111744,9.717675424134119E-002,2.117233881285750E-002,8.060881882127541E-002,0.321383399879117,0.304089657025287 
 11/04  03:00:00,0.623263031904852,5.49419940485526,0.000000000000000E+000,5.18953528312710,0.000000000000000E+000,0.142884952822560,0.142884952822560,0.142884952822560,6.478450282756079E-002,1.411489072062854E-002,6.670945631181069E-002,0.317657215532691,0.282784618959042 
 11/04  04:00:00,0.616020621112291,5.70685645021070,0.000000000000000E+000,5.39695676759088,0.000000000000000E+000,0.148595947623647,0.148595947623647,0.148595947623647,6.478450282756079E-002,1.411489072062854E-002,5.822747193387166E-002,0.313185794316982,0.288328161121344 
 11/04  05:00:00,0.619770728592322,5.90862173514661,0.000000000000000E+000,5.53715083495679,0.000000000000000E+000,0.152455950804801,0.152455950804801,0.152455950804801,6.478450282756079E-002,1.411489072062854E-002,6.994821153264806E-002,0.301355159017084,0.350714245803272 
 11/04  06:00:00,0.677851271943056,6.21856628104185,0.000000000000000E+000,5.57569666610618,0.000000000000000E+000,0.153517244150891,0.153517244150891,0.153517244150891,7.126295311031687E-002,1.552637997481904E-002,8.414454375261503E-002,0.336288137264814,0.619706856872161 
 11/04  07:00:00,0.847987389955228,6.52809494063194,0.000000000000000E+000,5.37674358124726,0.000000000000000E+000,0.148039412207750,0.148039412207750,0.148039412207750,0.123090555372366,2.681829582961950E-002,0.144379240132471,0.388547872723419,1.12458907022045 
 11/04  08:00:00,1.11149905385090,6.45800898293589,0.000000000000000E+000,5.16095884382258,0.000000000000000E+000,0.142098149581211,0.142098149581211,0.142098149581211,0.239702660461975,5.222510240504850E-002,0.232499890129222,0.412861225583838,1.26861320178991 
 11/04  09:00:00,1.09482510661432,6.33137686445730,0.000000000000000E+000,5.06747059972251,0.000000000000000E+000,0.139524111132887,0.139524111132887,0.139524111132887,0.233224210179219,5.081361315085800E-002,0.305100839810440,0.349050318651320,1.23986447679463 
 11/04  10:00:00,0.985011698848631,6.01676756244600,0.000000000000000E+000,4.86547109260993,0.000000000000000E+000,0.133962401178278,0.133962401178278,0.133962401178278,0.129569005655122,2.822978508381000E-002,0.379068446223123,0.297070047018697,1.13083496416724 
 11/04  11:00:00,0.999928126507853,6.28183283488114,0.000000000000000E+000,5.26289968845510,0.000000000000000E+000,0.144904915887120,0.144904915887120,0.144904915887120,0.110133654806853,2.399531732123850E-002,0.399725582134799,0.304056642668242,0.997990420021811 
 11/04  12:00:00,0.987785667026910,5.07362343621772,0.000000000000000E+000,4.17573893897067,0.000000000000000E+000,0.114971809370689,0.114971809370689,0.114971809370689,0.110133654806853,2.399531732123850E-002,0.417423074561626,0.304149797276904,0.876935354566347 
 11/04  13:00:00,0.956000848122675,4.51594124101905,0.000000000000000E+000,3.71003774833646,0.000000000000000E+000,0.102149525866898,0.102149525866898,0.102149525866898,0.110133654806853,2.399531732123850E-002,0.403584042637515,0.299026293800569,0.785307245207852 
 11/04  14:00:00,0.899049299981817,3.39763440236451,0.000000000000000E+000,2.64774766638211,0.000000000000000E+000,7.290119052222381E-002,7.290119052222381E-002,7.290119052222381E-002,0.110133654806853,2.399531732123850E-002,0.365540668280003,0.309366455361897,0.728578281819267 
 11/04  15:00:00,0.890000203849638,2.88979170164987,0.000000000000000E+000,2.19190492893850,0.000000000000000E+000,6.035034261761352E-002,6.035034261761352E-002,6.035034261761352E-002,0.123090555372366,2.681829582961950E-002,0.335842629159005,0.326786367181432,0.675378474847998 
 11/04  16:00:00,0.977834048384685,2.84447153472041,0.000000000000000E+000,2.13894013163933,0.000000000000000E+000,5.889204777029775E-002,5.889204777029775E-002,5.889204777029775E-002,0.174918157634414,3.811020986314350E-002,0.343850103556979,0.344951515870253,0.681771931305675 
 11/04  17:00:00,1.27050763421060,3.16048224897991,0.000000000000000E+000,2.38002742936032,0.000000000000000E+000,6.552997299512145E-002,6.552997299512145E-002,6.552997299512145E-002,0.317444063855048,6.916297345533449E-002,0.393241424282010,0.408017185933488,0.752351528672741 
 11/04  18:00:00,1.78442420343973,4.61753256822960,0.000000000000000E+000,3.69222019078990,0.000000000000000E+000,0.101658949980897,0.101658949980897,0.101658949980897,0.563625174599779,0.122799546901809,0.483552845584525,0.495675672683124,0.891171370332806 
 11/04  19:00:00,2.04006039832992,3.94879420746451,0.000000000000000E+000,2.88542802691502,0.000000000000000E+000,7.944531157522314E-002,7.944531157522314E-002,7.944531157522314E-002,0.770935583647974,0.167967203035905,0.436446088148850,0.538154174232364,1.02629935137139 
 11/04  20:00:00,1.94808689084698,4.08545128796155,0.000000000000000E+000,2.99160371518070,0.000000000000000E+000,8.236867703687975E-002,8.236867703687975E-002,8.236867703687975E-002,0.770935583647974,0.167967203035905,0.354222481993378,0.555480931443240,1.05558731617902 
 11/04  21:00:00,1.86593553283367,4.31687623142558,0.000000000000000E+000,3.29574107940292,0.000000000000000E+000,9.074257769803602E-002,9.074257769803602E-002,9.074257769803602E-002,0.712629531103169,0.155263817960955,0.315609966163240,0.574577626218664,0.981559558744063 
 11/04  22:00:00,1.71360681705354,4.64960812256797,0.000000000000000E+000,3.72862680307036,0.000000000000000E+000,0.102661343604665,0.102661343604665,0.102661343604665,0.602495876296315,0.131268500639717,0.298905720251707,0.561163362571536,0.882329670030977 
 11/04  23:00:00,1.40349516542258,5.02444380834830,0.000000000000000E+000,4.26062986960370,0.000000000000000E+000,0.117309135538987,0.117309135538987,0.117309135538987,0.447013069510170,9.739275853914450E-002,0.239053213196901,0.485614974947777,0.730365889496680 
 11/04  24:00:00,1.10657969100709,5.40886928107443,0.000000000000000E+000,4.81868792522401,0.000000000000000E+000,0.132674306907764,0.132674306907764,0.132674306907764,0.310965613572292,6.775148420114399E-002,0.156085895403710,0.421990377232579,0.561115623432776 
 11/05  01:00:00,0.808874236374249,5.78199881206404,0.000000000000000E+000,5.37520474143408,0.000000000000000E+000,0.147997042892945,0.147997042892945,0.147997042892945,0.161961257068902,3.528723135476250E-002,9.746637271672108E-002,0.349050318651320,0.382752282689817 
 11/05  02:00:00,0.697328999979115,6.13391761709278,0.000000000000000E+000,5.80663280158730,0.000000000000000E+000,0.159875674534924,0.159875674534924,0.159875674534924,9.717675424134119E-002,2.117233881285750E-002,8.060881882127541E-002,0.321383399879117,0.305148661677467 
 11/05  03:00:00,0.650588624485597,6.48731078727745,0.000000000000000E+000,6.18199196963512,0.000000000000000E+000,0.170210545403306,0.170210545403306,0.170210545403306,6.478450282756079E-002,1.411489072062854E-002,6.670945631181069E-002,0.317657215532691,0.283439314873198 
 11/05  04:00:00,0.648422936238673,6.88460733185476,0.000000000000000E+000,6.57379837534358,0.000000000000000E+000,0.180998262750030,0.180998262750030,0.180998262750030,6.478450282756079E-002,1.411489072062854E-002,5.822747193387166E-002,0.313185794316982,0.289237435012705 
 11/05  05:00:00,0.659062975582406,7.33672477501732,0.000000000000000E+000,6.96423254006541,0.000000000000000E+000,0.191748197794884,0.191748197794884,0.191748197794884,6.478450282756079E-002,1.411489072062854E-002,6.994821153264806E-002,0.301355159017084,0.351735580565370 
 11/05  06:00:00,0.725074732802619,7.93558084154282,0.000000000000000E+000,7.29083749431088,0.000000000000000E+000,0.200740705010455,0.200740705010455,0.200740705010455,7.126295311031687E-002,1.552637997481904E-002,8.414454375261503E-002,0.336288137264814,0.621580589168435 
 11/05  07:00:00,0.893954739088144,8.20118552408625,0.000000000000000E+000,7.04626283771745,0.000000000000000E+000,0.194006761340669,0.194006761340669,0.194006761340669,0.123090555372366,2.681829582961950E-002,0.144379240132471,0.388547872723419,1.12816039720457 
 11/05  08:00:00,1.15036848915023,7.87331628236668,0.000000000000000E+000,6.57268416504374,0.000000000000000E+000,0.180967584880541,0.180967584880541,0.180967584880541,0.239702660461975,5.222510240504850E-002,0.232499890129222,0.412861225583838,1.27219517999952 
 11/05  09:00:00,1.12112958484641,7.29016696539585,0.000000000000000E+000,6.02284074327568,0.000000000000000E+000,0.165828589364976,0.165828589364976,0.165828589364976,0.233224210179219,5.081361315085800E-002,0.305100839810440,0.349050318651320,1.24328443418003 
 11/05  10:00:00,0.984797051467464,6.01202486012251,0.000000000000000E+000,4.85767516913447,0.000000000000000E+000,0.133747753797111,0.133747753797111,0.133747753797111,0.129569005655122,2.822978508381000E-002,0.379068446223123,0.297070047018697,1.13388818531920 
 11/05  11:00:00,0.977480581229273,5.46958019376210,0.000000000000000E+000,4.44761210259261,0.000000000000000E+000,0.122457370608541,0.122457370608541,0.122457370608541,0.110133654806853,2.399531732123850E-002,0.399725582134799,0.304056642668242,1.00102536476526 
 11/05  12:00:00,0.946622041580855,3.58157749609234,0.000000000000000E+000,2.68068937347160,0.000000000000000E+000,7.380818392463517E-002,7.380818392463517E-002,7.380818392463517E-002,0.110133654806853,2.399531732123850E-002,0.417423074561626,0.304149797276904,0.879938979940026 
 11/05  13:00:00,0.902587104639850,2.57922080847037,0.000000000000000E+000,1.77006785694946,0.000000000000000E+000,4.873578238407360E-002,4.873578238407360E-002,4.873578238407360E-002,0.110133654806853,2.399531732123850E-002,0.403584042637515,0.299026293800569,0.788556704046150 
 11/05  14:00:00,0.861471176590273,2.03667975719800,0.000000000000000E+000,1.28292237609219,0.000000000000000E+000,3.532306713068193E-002,3.532306713068193E-002,3.532306713068193E-002,0.110133654806853,2.399531732123850E-002,0.365540668280003,0.309366455361897,0.732448926942673 
 11/05  15:00:00,0.857216278871788,1.70223886131060,0.000000000000000E+000,1.00120337477823,0.000000000000000E+000,2.756641763976453E-002,2.756641763976453E-002,2.756641763976453E-002,0.123090555372366,2.681829582961950E-002,0.335842629159005,0.326786367181432,0.678527188668994 
 11/05  16:00:00,0.946784214825185,1.72001047164587,0.000000000000000E+000,1.01122021705638,0.000000000000000E+000,2.784221421079799E-002,2.784221421079799E-002,2.784221421079799E-002,0.174918157634414,3.811020986314350E-002,0.343850103556979,0.344951515870253,0.685030782814102 
 11/05  17:00:00,1.23621093389139,1.91783443520357,0.000000000000000E+000,1.13438236397381,0.000000000000000E+000,3.123327267590593E-002,3.123327267590593E-002,3.123327267590593E-002,0.317444063855048,6.916297345533449E-002,0.393241424282010,0.408017185933488,0.755348780282902 
 11/05  18:00:00,1.73331807351000,2.76452772343495,0.000000000000000E+000,1.83606207745936,0.000000000000000E+000,5.055282005116063E-002,5.055282005116063E-002,5.055282005116063E-002,0.563625174599779,0.122799546901809,0.483552845584525,0.495675672683124,0.894324638868683 
 11/05  19:00:00,1.99871035904787,2.45141248285754,0.000000000000000E+000,1.38360797117179,0.000000000000000E+000,3.809527229318151E-002,3.809527229318151E-002,3.809527229318151E-002,0.770935583647974,0.167967203035905,0.436446088148850,0.538154174232364,1.03073768250767 
 11/05  20:00:00,1.90918061262430,2.67682016259431,0.000000000000000E+000,1.57854027089722,0.000000000000000E+000,4.346239881420568E-002,4.346239881420568E-002,4.346239881420568E-002,0.770935583647974,0.167967203035905,0.354222481993378,0.555480931443240,1.06001963509523 
 11/05  21:00:00,1.82878560092651,2.97180427487491,0.000000000000000E+000,1.94646756536570,0.000000000000000E+000,5.359264579088317E-002,5.359264579088317E-002,5.359264579088317E-002,0.712629531103169,0.155263817960955,0.315609966163240,0.574577626218664,0.985761116230609 
 11/05  22:00:00,1.67485243310333,3.24577130406333,0.000000000000000E+000,2.32108010964623,0.000000000000000E+000,6.390695965445682E-002,6.390695965445682E-002,6.390695965445682E-002,0.602495876296315,0.131268500639717,0.298905720251707,0.561163362571536,0.886039544950452 
 11/05  23:00:00,1.36293223071233,3.55438710471902,0.000000000000000E+000,2.78739719738933,0.000000000000000E+000,7.674620082874155E-002,7.674620082874155E-002,7.674620082874155E-002,0.447013069510170,9.739275853914450E-002,0.239053213196901,0.485614974947777,0.733541858081750 
 11/05  24:00:00,1.06433208530015,3.87708018443203,0.000000000000000E+000,3.28426854716637,0.000000000000000E+000,9.042670120082753E-002,9.042670120082753E-002,9.042670120082753E-002,0.310965613572292,6.775148420114399E-002,0.156085895403710,0.421990377232579,0.563745904848002 
 11/06  01:00:00,0.758206706472536,4.16872321072621,0.000000000000000E+000,3.77373067397674,0.000000000000000E+000,0.103903201326978,0.103903201326978,0.103903201326978,0.161961257068902,3.528723135476250E-002,9.089268438097377E-002,0.349050318651320,0.370950748809320 
 11/06  02:00:00,0.647411788662661,4.45845148947731,0.000000000000000E+000,4.13701058062890,0.000000000000000E+000,0.113905490451430,0.113905490451430,0.113905490451430,9.717675424134119E-002,2.117233881285750E-002,7.666179158831476E-002,0.321383399879117,0.299304755020382 
 11/06  03:00:00,0.599910115890456,4.73766615369831,0.000000000000000E+000,4.43620433607749,0.000000000000000E+000,0.122143277324385,0.122143277324385,0.122143277324385,6.478450282756079E-002,1.411489072062854E-002,6.409821579558966E-002,0.317657215532691,0.279582314851681 
 11/06  04:00:00,0.596889383409030,5.05828901996348,0.000000000000000E+000,4.75170747818103,0.000000000000000E+000,0.130830115184685,0.130830115184685,0.130830115184685,6.478450282756079E-002,1.411489072062854E-002,5.686206666957333E-002,0.313185794316982,0.285010020283964 
 11/06  05:00:00,0.604164983367047,5.42985465626403,0.000000000000000E+000,5.06737080048015,0.000000000000000E+000,0.139521363331926,0.139521363331926,0.139521363331926,6.478450282756079E-002,1.411489072062854E-002,6.727705378024802E-002,0.301355159017084,0.341727201397351 
 11/06  06:00:00,0.665884373145947,5.90342640456457,0.000000000000000E+000,5.28985344098178,0.000000000000000E+000,0.145647041231308,0.145647041231308,0.145647041231308,7.126295311031687E-002,1.552637997481904E-002,8.004784787508873E-002,0.336288137264814,0.590410205519298 
 11/06  07:00:00,0.830791967138931,6.21989068064787,0.000000000000000E+000,5.13812686148264,0.000000000000000E+000,0.141469510109369,0.141469510109369,0.141469510109369,0.123090555372366,2.681829582961950E-002,0.133753719414558,0.388547872723419,1.05500153000099 
 11/06  08:00:00,1.08092070340183,6.03041306444043,0.000000000000000E+000,4.81893748037501,0.000000000000000E+000,0.132681177980804,0.132681177980804,0.132681177980804,0.239702660461975,5.222510240504850E-002,0.211338511280563,0.412861225583838,1.18303864674201 
 11/06  09:00:00,1.04559428035684,5.63138489611287,0.000000000000000E+000,4.45753613131233,0.000000000000000E+000,0.122730611717439,0.122730611717439,0.122730611717439,0.233224210179219,5.081361315085800E-002,0.272663512968407,0.349050318651320,1.14980697686039 
 11/06  10:00:00,0.899542050140181,4.46491014696759,0.000000000000000E+000,3.39675587966433,0.000000000000000E+000,9.352384696055799E-002,9.352384696055799E-002,9.352384696055799E-002,0.129569005655122,2.822978508381000E-002,0.334037351732395,0.297070047018697,1.04769276163441 
 11/06  11:00:00,0.884601653871846,3.87164591692406,0.000000000000000E+000,2.92354195725736,0.000000000000000E+000,8.049471327339743E-002,8.049471327339743E-002,8.049471327339743E-002,0.110133654806853,2.399531732123850E-002,0.348809312112515,0.304056642668242,0.927161233262446 
 11/06  12:00:00,0.857910710059541,2.20511478213719,0.000000000000000E+000,1.36509879640656,0.000000000000000E+000,3.758565391334074E-002,3.758565391334074E-002,3.758565391334074E-002,0.110133654806853,2.399531732123850E-002,0.364934273051607,0.304149797276904,0.819066843049925 
 11/06  13:00:00,0.820659758178667,1.28744036648117,0.000000000000000E+000,0.530956635925116,0.000000000000000E+000,1.461898026238496E-002,1.461898026238496E-002,1.461898026238496E-002,0.110133654806853,2.399531732123850E-002,0.355773498298021,0.299026293800569,0.735887483081307 
 11/06  14:00:00,0.782560042074450,0.708118222044383,0.000000000000000E+000,0.000000000000000E+000,0.000000000000000E+000,0.000000000000000E+000,0.000000000000000E+000,0.000000000000000E+000,0.110133654806853,2.399531732123850E-002,0.321952600894858,0.309366455361897,0.686809767881253 
 11/06  15:00:00,0.790524257756359,0.659976576469980,0.000000000000000E+000,0.000000000000000E+000,0.000000000000000E+000,0.000000000000000E+000,0.000000000000000E+000,0.000000000000000E+000,0.123090555372366,2.681829582961950E-002,0.296717025683342,0.326786367181432,0.637468278606606 
 11/06  16:00:00,0.881882998111948,0.667878777940514,0.000000000000000E+000,0.000000000000000E+000,0.000000000000000E+000,0.000000000000000E+000,0.000000000000000E+000,0.000000000000000E+000,0.174918157634414,3.811020986314350E-002,0.306791101054537,0.344951515870253,0.644119306165121 
 11/06  17:00:00,1.16905971323342,0.732820043355660,0.000000000000000E+000,0.000000000000000E+000,0.000000000000000E+000,0.000000000000000E+000,0.000000000000000E+000,0.000000000000000E+000,0.317444063855048,6.916297345533449E-002,0.357323476299952,0.408017185933488,0.704716752408801 
 11/06  18:00:00,1.66508226702501,1.50960483682869,0.000000000000000E+000,0.641731351872040,0.000000000000000E+000,1.766897206289765E-002,1.766897206289765E-002,1.766897206289765E-002,0.563625174599779,0.122799546901809,0.448200887087803,0.495675672683124,0.833732477849743 
 11/06  19:00:00,1.93577991012829,1.33287317883418,0.000000000000000E+000,0.344134978348829,0.000000000000000E+000,9.475166361396304E-003,9.475166361396304E-003,9.475166361396304E-003,0.770935583647974,0.167967203035905,0.402135745161050,0.538154174232364,0.951671371307271 
 11/06  20:00:00,1.85127343368076,1.72869879508008,0.000000000000000E+000,0.719129650484082,0.000000000000000E+000,1.980000146001627E-002,1.980000146001627E-002,1.980000146001627E-002,0.770935583647974,0.167967203035905,0.319977700404031,0.555480931443240,0.971308887994139 
 11/06  21:00:00,1.77748198976413,2.28985788130344,0.000000000000000E+000,1.34907378971015,0.000000000000000E+000,3.714443284037806E-002,3.714443284037806E-002,3.714443284037806E-002,0.712629531103169,0.155263817960955,0.280754567951364,0.574577626218664,0.901208498314705 
 11/06  22:00:00,1.62905922601270,2.80499652582576,0.000000000000000E+000,1.95111621981257,0.000000000000000E+000,5.372063851760948E-002,5.372063851760948E-002,5.372063851760948E-002,0.602495876296315,0.131268500639717,0.263298834297921,0.561163362571536,0.815228656546562 
 11/06  23:00:00,1.32978163412689,3.32263638495329,0.000000000000000E+000,2.61097937926354,0.000000000000000E+000,7.188883880214142E-002,7.188883880214142E-002,7.188883880214142E-002,0.447013069510170,9.739275853914450E-002,0.210759978638061,0.485614974947777,0.678208956441820 
 11/06  24:00:00,1.04870588447429,3.83962458318693,0.000000000000000E+000,3.28095099668348,0.000000000000000E+000,9.033535813861202E-002,9.033535813861202E-002,9.033535813861202E-002,0.310965613572292,6.775148420114399E-002,0.140551037640066,0.421990377232579,0.529607854085817 
 11/07  01:00:00,0.763221060184465,4.35266541004013,0.000000000000000E+000,3.95585037934872,0.000000000000000E+000,0.108917555038907,0.108917555038907,0.108917555038907,0.161961257068902,3.528723135476250E-002,9.089268438097377E-002,0.349050318651320,0.372773242751272 
 11/07  02:00:00,0.657679177477018,4.83276675513539,0.000000000000000E+000,4.50991882229562,0.000000000000000E+000,0.124172879265787,0.124172879265787,0.124172879265787,9.717675424134119E-002,2.117233881285750E-002,7.666179158831476E-002,0.321383399879117,0.300711779011789 
 11/07  03:00:00,0.614204347367126,5.25792750457647,0.000000000000000E+000,4.95536620111648,0.000000000000000E+000,0.136437508801055,0.136437508801055,0.136437508801055,6.478450282756079E-002,1.411489072062854E-002,6.409821579558966E-002,0.317657215532691,0.280681800690869 
 11/07  04:00:00,0.612422680236977,5.62335889525527,0.000000000000000E+000,5.31587179611323,0.000000000000000E+000,0.146363412012631,0.146363412012631,0.146363412012631,6.478450282756079E-002,1.411489072062854E-002,5.686206666957333E-002,0.313185794316982,0.285915577643557 
 11/07  05:00:00,0.620163090606828,6.01191659223904,0.000000000000000E+000,5.64841688226867,0.000000000000000E+000,0.155519470571706,0.155519470571706,0.155519470571706,6.478450282756079E-002,1.411489072062854E-002,6.727705378024802E-002,0.301355159017084,0.342743055583817 
 11/07  06:00:00,0.680531402696417,6.43715727315717,0.000000000000000E+000,5.82182881798011,0.000000000000000E+000,0.160294070781778,0.160294070781778,0.160294070781778,7.126295311031687E-002,1.552637997481904E-002,8.004784787508873E-002,0.336288137264814,0.592165697113548 
 11/07  07:00:00,0.856033940098957,7.13966256864932,0.000000000000000E+000,6.05490715712693,0.000000000000000E+000,0.166711483069393,0.166711483069393,0.166711483069393,0.123090555372366,2.681829582961950E-002,0.133753719414558,0.388547872723419,1.05799312235817 
 11/07  08:00:00,1.09354493708071,6.49211095699739,0.000000000000000E+000,5.27744556540985,0.000000000000000E+000,0.145305411659680,0.145305411659680,0.145305411659680,0.239702660461975,5.222510240504850E-002,0.211338511280563,0.412861225583838,1.18622845426413 
 11/07  09:00:00,1.05443680227719,5.95575610079546,0.000000000000000E+000,4.77869366813463,0.000000000000000E+000,0.131573133637786,0.131573133637786,0.131573133637786,0.233224210179219,5.081361315085800E-002,0.272663512968407,0.349050318651320,1.15302064472065 
 11/07  10:00:00,0.911775177916775,4.91226045883083,0.000000000000000E+000,3.84105912479670,0.000000000000000E+000,0.105756974737154,0.105756974737154,0.105756974737154,0.129569005655122,2.822978508381000E-002,0.334037351732395,0.297070047018697,1.05073982836530 
 11/07  11:00:00,0.893858048111455,4.21035085076410,0.000000000000000E+000,3.25973120288518,0.000000000000000E+000,8.975110751300606E-002,8.975110751300606E-002,8.975110751300606E-002,0.110133654806853,2.399531732123850E-002,0.348809312112515,0.304056642668242,0.929676921474656 
 11/07  12:00:00,0.868615641135871,2.59609796627081,0.000000000000000E+000,1.75389843154409,0.000000000000000E+000,4.829058498966986E-002,4.829058498966986E-002,4.829058498966986E-002,0.110133654806853,2.399531732123850E-002,0.364934273051607,0.304149797276904,0.821250392046013 
 11/07  13:00:00,0.838320762346562,1.93110909389563,0.000000000000000E+000,1.17239859642722,0.000000000000000E+000,3.227998443028161E-002,3.227998443028161E-002,3.227998443028161E-002,0.110133654806853,2.399531732123850E-002,0.355773498298021,0.299026293800569,0.738114249993650 
 11/07  14:00:00,0.807435138582136,1.61295264600224,0.000000000000000E+000,0.903455461528891,0.000000000000000E+000,2.487509650768831E-002,2.487509650768831E-002,2.487509650768831E-002,0.110133654806853,2.399531732123850E-002,0.321952600894858,0.309366455361897,0.688188730310213 
 11/07  15:00:00,0.815266852651960,1.56059071971014,0.000000000000000E+000,0.898643045823714,0.000000000000000E+000,2.474259489560133E-002,2.474259489560133E-002,2.474259489560133E-002,0.123090555372366,2.681829582961950E-002,0.296717025683342,0.326786367181432,0.639439376023055 
 11/07  16:00:00,0.912707762946168,1.78980887493794,0.000000000000000E+000,1.11954549125925,0.000000000000000E+000,3.082476483422159E-002,3.082476483422159E-002,3.082476483422159E-002,0.174918157634414,3.811020986314350E-002,0.306791101054537,0.344951515870253,0.646503911903293 
 11/07  17:00:00,1.21328756664578,2.34140123822958,0.000000000000000E+000,1.60634133438404,0.000000000000000E+000,4.422785341235553E-002,4.422785341235553E-002,4.422785341235553E-002,0.317444063855048,6.916297345533449E-002,0.357323476299952,0.408017185933488,0.706956612898685 
 11/07  18:00:00,1.72466222308863,3.67533373745708,0.000000000000000E+000,2.80565609028227,0.000000000000000E+000,7.724892812651722E-002,7.724892812651722E-002,7.724892812651722E-002,0.563625174599779,0.122799546901809,0.448200887087803,0.495675672683124,0.835536640067902 
 11/07  19:00:00,1.99340516152433,3.42723076581175,0.000000000000000E+000,2.43706547530736,0.000000000000000E+000,6.710041775743598E-002,6.710041775743598E-002,6.710041775743598E-002,0.770935583647974,0.167967203035905,0.402135745161050,0.538154174232364,0.953098461326323 
 11/07  20:00:00,1.91056390687655,3.88337223324819,0.000000000000000E+000,2.87254046474187,0.000000000000000E+000,7.909047465579881E-002,7.909047465579881E-002,7.909047465579881E-002,0.770935583647974,0.167967203035905,0.319977700404031,0.555480931443240,0.972571511904470 
 11/07  21:00:00,1.83635041114899,4.42903250537286,0.000000000000000E+000,3.48715581867015,0.000000000000000E+000,9.601285422523582E-002,9.601285422523582E-002,9.601285422523582E-002,0.712629531103169,0.155263817960955,0.280754567951364,0.574577626218664,0.902301093424139 
 11/07  22:00:00,1.68859704035072,4.96825106440175,0.000000000000000E+000,4.11351038437609,0.000000000000000E+000,0.113258452855633,0.113258452855633,0.113258452855633,0.602495876296315,0.131268500639717,0.263298834297921,0.561163362571536,0.816089030559013 
 11/07  23:00:00,1.39083248964536,5.53994260142612,0.000000000000000E+000,4.82832671024247,0.000000000000000E+000,0.132939694320604,0.132939694320604,0.132939694320604,0.447013069510170,9.739275853914450E-002,0.210759978638061,0.485614974947777,0.678167841935692 
 11/07  24:00:00,1.11115869144939,6.10746552976463,0.000000000000000E+000,5.54921675123110,0.000000000000000E+000,0.152788165113704,0.152788165113704,0.152788165113704,0.310965613572292,6.775148420114399E-002,0.140551037640066,0.421990377232579,0.529183046115887 
 11/08  01:00:00,0.825131679345207,6.60049542618484,0.000000000000000E+000,6.20442404780135,0.000000000000000E+000,0.170828174199648,0.170828174199648,0.170828174199648,0.161961257068902,3.528723135476250E-002,9.089268438097377E-002,0.349050318651320,0.372029590443323 
 11/08  02:00:00,0.718660160764346,7.04657328134981,0.000000000000000E+000,6.72472841643371,0.000000000000000E+000,0.185153862553116,0.185153862553116,0.185153862553116,9.717675424134119E-002,2.117233881285750E-002,7.666179158831476E-002,0.321383399879117,0.299708711088116 
 11/08  03:00:00,0.674427939766873,7.44448429768690,0.000000000000000E+000,7.14266760312812,0.000000000000000E+000,0.196661101200802,0.196661101200802,0.196661101200802,6.478450282756079E-002,1.411489072062854E-002,6.409821579558966E-002,0.317657215532691,0.279937191789638 
 11/08  04:00:00,0.670963308580473,7.74893811405431,0.000000000000000E+000,7.44204848780642,0.000000000000000E+000,0.204904040356128,0.204904040356128,0.204904040356128,6.478450282756079E-002,1.411489072062854E-002,5.686206666957333E-002,0.313185794316982,0.285318104749396 
 11/08  05:00:00,0.675348289508624,8.01555758329849,0.000000000000000E+000,7.65272546165350,0.000000000000000E+000,0.210704669473501,0.210704669473501,0.210704669473501,6.478450282756079E-002,1.411489072062854E-002,6.727705378024802E-002,0.301355159017084,0.342075467258433 
 11/08  06:00:00,0.733333345925041,8.35527924032227,0.000000000000000E+000,7.73957832196670,0.000000000000000E+000,0.213096014010401,0.213096014010401,0.213096014010401,7.126295311031687E-002,1.552637997481904E-002,8.004784787508873E-002,0.336288137264814,0.592538160292043 
 11/08  07:00:00,0.898706130272715,8.69169445503675,0.000000000000000E+000,7.60474730572564,0.000000000000000E+000,0.209383673243153,0.209383673243153,0.209383673243153,0.123090555372366,2.681829582961950E-002,0.133753719414558,0.388547872723419,1.06018486014689 
 11/08  08:00:00,1.17149001409491,9.32607183168277,0.000000000000000E+000,8.10838555818565,0.000000000000000E+000,0.223250488673884,0.223250488673884,0.223250488673884,0.239702660461975,5.222510240504850E-002,0.211338511280563,0.412861225583838,1.18924933617374 
 11/08  09:00:00,1.13603376040660,8.92179089661906,0.000000000000000E+000,7.74226880213964,0.000000000000000E+000,0.213170091767195,0.213170091767195,0.213170091767195,0.233224210179219,5.081361315085800E-002,0.272663512968407,0.349050318651320,1.15548030653927 
 11/08  10:00:00,0.998612517091891,8.06811684647156,0.000000000000000E+000,6.99496320384806,0.000000000000000E+000,0.192594313912269,0.192594313912269,0.192594313912269,0.129569005655122,2.822978508381000E-002,0.334037351732395,0.297070047018697,1.05269213695467 
 11/08  11:00:00,1.02167573224716,8.85430003150702,0.000000000000000E+000,7.90202815946914,0.000000000000000E+000,0.217568791648707,0.217568791648707,0.217568791648707,0.110133654806853,2.399531732123850E-002,0.348809312112515,0.304056642668242,0.931329145633654 
 11/08  12:00:00,1.00551797741945,7.56886375195169,0.000000000000000E+000,6.72614701651878,0.000000000000000E+000,0.185192921273247,0.185192921273247,0.185192921273247,0.110133654806853,2.399531732123850E-002,0.364934273051607,0.304149797276904,0.821767592752193 
 11/08  13:00:00,0.980738343626453,7.10268232808443,0.000000000000000E+000,6.34495909625416,0.000000000000000E+000,0.174697565710172,0.174697565710172,0.174697565710172,0.110133654806853,2.399531732123850E-002,0.355773498298021,0.299026293800569,0.737126984355505 
 11/08  14:00:00,0.949835196507585,6.78404905932518,0.000000000000000E+000,6.07537951878884,0.000000000000000E+000,0.167275154433136,0.167275154433136,0.167275154433136,0.110133654806853,2.399531732123850E-002,0.321952600894858,0.309366455361897,0.687361086373199 
 11/08  15:00:00,0.953354318974814,6.57364966108249,0.000000000000000E+000,5.91393517060046,0.000000000000000E+000,0.162830061218457,0.162830061218457,0.162830061218457,0.123090555372366,2.681829582961950E-002,0.296717025683342,0.326786367181432,0.637206192618663 
 11/08  16:00:00,1.04496974144335,6.59078989942464,0.000000000000000E+000,5.92325778194188,0.000000000000000E+000,0.163086743331407,0.163086743331407,0.163086743331407,0.174918157634414,3.811020986314350E-002,0.306791101054537,0.344951515870253,0.643772645707371 
 11/08  17:00:00,1.32949783483156,6.55957706406148,0.000000000000000E+000,5.82706069704997,0.000000000000000E+000,0.160438121598139,0.160438121598139,0.160438121598139,0.317444063855048,6.916297345533449E-002,0.357323476299952,0.408017185933488,0.704413076064646 
 11/08  18:00:00,1.83358856227001,7.62967885026403,0.000000000000000E+000,6.76182550684491,0.000000000000000E+000,0.186175267307891,0.186175267307891,0.186175267307891,0.563625174599779,0.122799546901809,0.448200887087803,0.495675672683124,0.833712336312238 
 11/08  19:00:00,2.08421105950772,6.72423407857382,0.000000000000000E+000,5.73510632699920,0.000000000000000E+000,0.157906315740830,0.157906315740830,0.157906315740830,0.770935583647974,0.167967203035905,0.402135745161050,0.538154174232364,0.952060922396548 
 11/08  20:00:00,1.99012709530623,6.77238825091860,0.000000000000000E+000,5.76224974089402,0.000000000000000E+000,0.158653663085479,0.158653663085479,0.158653663085479,0.770935583647974,0.167967203035905,0.319977700404031,0.555480931443240,0.971878253422731 
 11/08  21:00:00,1.90747723248325,7.01146856403161,0.000000000000000E+000,6.07045896990693,0.000000000000000E+000,0.167139675559500,0.167139675559500,0.167139675559500,0.712629531103169,0.155263817960955,0.280754567951364,0.574577626218664,0.901434000846090 
 11/08  22:00:00,1.74974688659714,7.18853803685155,0.000000000000000E+000,6.33445302658453,0.000000000000000E+000,0.174408299102047,0.174408299102047,0.174408299102047,0.602495876296315,0.131268500639717,0.263298834297921,0.561163362571536,0.815433360800383 
 11/08  23:00:00,1.44236899159853,7.41137702535827,0.000000000000000E+000,6.70011579629882,0.000000000000000E+000,0.184476196273778,0.184476196273778,0.184476196273778,0.447013069510170,9.739275853914450E-002,0.210759978638061,0.485614974947777,0.677813179811488 
 11/08  24:00:00,1.15533324790168,7.71157769512419,0.000000000000000E+000,7.15362235725992,0.000000000000000E+000,0.196962721566000,0.196962721566000,0.196962721566000,0.310965613572292,6.775148420114399E-002,0.140551037640066,0.421990377232579,0.528889605446624 
 11/09  01:00:00,0.867086130037252,8.12366720431665,0.000000000000000E+000,7.72819613051299,0.000000000000000E+000,0.212782624891693,0.212782624891693,0.212782624891693,0.161961257068902,3.528723135476250E-002,9.089268438097377E-002,0.349050318651320,0.371429285863505 
 11/09  02:00:00,0.759438710948541,8.52699602639373,0.000000000000000E+000,8.20579217294029,0.000000000000000E+000,0.225932412737311,0.225932412737311,0.225932412737311,9.717675424134119E-002,2.117233881285750E-002,7.666179158831476E-002,0.321383399879117,0.299067699625427 
 11/09  03:00:00,0.715562412491791,8.93762038241992,0.000000000000000E+000,8.63665835122240,0.000000000000000E+000,0.237795573925720,0.237795573925720,0.237795573925720,6.478450282756079E-002,1.411489072062854E-002,6.409821579558966E-002,0.317657215532691,0.279082528428402 
 11/09  04:00:00,0.710533999898870,9.18543936140811,0.000000000000000E+000,8.87924320088135,0.000000000000000E+000,0.244474731674524,0.244474731674524,0.244474731674524,6.478450282756079E-002,1.411489072062854E-002,5.686206666957333E-002,0.313185794316982,0.284624639028265 
 11/09  05:00:00,0.713491997608330,9.40050981531045,0.000000000000000E+000,9.03809260565611,0.000000000000000E+000,0.248848377573209,0.248848377573209,0.248848377573209,6.478450282756079E-002,1.411489072062854E-002,6.727705378024802E-002,0.301355159017084,0.341660555267798 
 11/09  06:00:00,0.770543397435750,9.70718216342716,0.000000000000000E+000,9.09103536056478,0.000000000000000E+000,0.250306065521110,0.250306065521110,0.250306065521110,7.126295311031687E-002,1.552637997481904E-002,8.004784787508873E-002,0.336288137264814,0.592984044798884 
 11/09  07:00:00,0.935712107386895,10.0377808454204,0.000000000000000E+000,8.94879242823141,0.000000000000000E+000,0.246389650357333,0.246389650357333,0.246389650357333,0.123090555372366,2.681829582961950E-002,0.133753719414558,0.388547872723419,1.06222612802478 
 11/09  08:00:00,1.20570268646085,10.5712397428254,0.000000000000000E+000,9.35097875548049,0.000000000000000E+000,0.257463161039823,0.257463161039823,0.257463161039823,0.239702660461975,5.222510240504850E-002,0.211338511280563,0.412861225583838,1.19182405002148 
 11/09  09:00:00,1.16355662767023,9.92422090084334,0.000000000000000E+000,8.74189044133912,0.000000000000000E+000,0.240692959030825,0.240692959030825,0.240692959030825,0.233224210179219,5.081361315085800E-002,0.272663512968407,0.349050318651320,1.15828867156407 
 11/09  10:00:00,1.04471807636750,9.74507155669490,0.000000000000000E+000,8.66950220800897,0.000000000000000E+000,0.238699873187875,0.238699873187875,0.238699873187875,0.129569005655122,2.822978508381000E-002,0.334037351732395,0.297070047018697,1.05510784301710 
 11/09  11:00:00,1.07968442293232,10.9630618714284,0.000000000000000E+000,10.0088850474195,0.000000000000000E+000,0.275577482333873,0.275577482333873,0.275577482333873,0.110133654806853,2.399531732123850E-002,0.348809312112515,0.304056642668242,0.933234097604636 
 11/09  12:00:00,1.06485153482062,9.72529276765832,0.000000000000000E+000,8.88112263518467,0.000000000000000E+000,0.244526478674421,0.244526478674421,0.244526478674421,0.110133654806853,2.399531732123850E-002,0.364934273051607,0.304149797276904,0.823220989792951 
 11/09  13:00:00,1.02769167518929,8.80892400963810,0.000000000000000E+000,8.05028891575081,0.000000000000000E+000,0.221650897273004,0.221650897273004,0.221650897273004,0.110133654806853,2.399531732123850E-002,0.355773498298021,0.299026293800569,0.738038846412535 
 11/09  14:00:00,0.987055539391769,8.13637291937254,0.000000000000000E+000,7.42721033674377,0.000000000000000E+000,0.204495497317322,0.204495497317322,0.204495497317322,0.110133654806853,2.399531732123850E-002,0.321952600894858,0.309366455361897,0.687854128465643 
 11/09  15:00:00,0.983526387805975,7.67021060523907,0.000000000000000E+000,7.00977495408484,0.000000000000000E+000,0.193002130049618,0.193002130049618,0.193002130049618,0.123090555372366,2.681829582961950E-002,0.296717025683342,0.326786367181432,0.637927353290858 
 11/09  16:00:00,1.07500717288029,7.68255331764268,0.000000000000000E+000,7.01420757880446,0.000000000000000E+000,0.193124174768343,0.193124174768343,0.193124174768343,0.174918157634414,3.811020986314350E-002,0.306791101054537,0.344951515870253,0.644586267062823 
 11/09  17:00:00,1.35673648550243,7.55010497344034,0.000000000000000E+000,6.81635968150477,0.000000000000000E+000,0.187676772269005,0.187676772269005,0.187676772269005,0.317444063855048,6.916297345533449E-002,0.357323476299952,0.408017185933488,0.705642000988719 
 11/09  18:00:00,1.87470439669129,9.12480052209002,0.000000000000000E+000,8.25513931777795,0.000000000000000E+000,0.227291101729171,0.227291101729171,0.227291101729171,0.563625174599779,0.122799546901809,0.448200887087803,0.495675672683124,0.835520197205190 
 11/09  19:00:00,2.12188288974895,8.09434059323529,0.000000000000000E+000,7.10333501976858,0.000000000000000E+000,0.195578145982058,0.195578145982058,0.195578145982058,0.770935583647974,0.167967203035905,0.402135745161050,0.538154174232364,0.953938744288621 
 11/09  20:00:00,2.03062997275772,8.24576519489524,0.000000000000000E+000,7.23330115289065,0.000000000000000E+000,0.199156540536973,0.199156540536973,0.199156540536973,0.770935583647974,0.167967203035905,0.319977700404031,0.555480931443240,0.974203785402727 
 11/09  21:00:00,1.95175705994469,8.62192780290839,0.000000000000000E+000,7.67868798494742,0.000000000000000E+000,0.211419503020942,0.211419503020942,0.211419503020942,0.712629531103169,0.155263817960955,0.280754567951364,0.574577626218664,0.903664224682387 
 11/09  22:00:00,1.79669110727970,8.89518617115372,0.000000000000000E+000,8.03945194185588,0.000000000000000E+000,0.221352519784609,0.221352519784609,0.221352519784609,0.602495876296315,0.131268500639717,0.263298834297921,0.561163362571536,0.817082579831213 
 11/09  23:00:00,1.49113607048066,9.18356236997599,0.000000000000000E+000,8.47132033193754,0.000000000000000E+000,0.233243275155905,0.233243275155905,0.233243275155905,0.447013069510170,9.739275853914450E-002,0.210759978638061,0.485614974947777,0.678793988790509 
 11/09  24:00:00,1.20356407017666,9.46370049743881,0.000000000000000E+000,8.90535022633140,0.000000000000000E+000,0.245193543840980,0.245193543840980,0.245193543840980,0.310965613572292,6.775148420114399E-002,0.140551037640066,0.421990377232579,0.529284538689787 
 11/10  01:00:00,0.911421088055409,9.73334297492282,0.000000000000000E+000,9.33842746954639,0.000000000000000E+000,0.257117582909853,0.257117582909853,0.257117582909853,0.161961257068902,3.528723135476250E-002,9.089268438097377E-002,0.349050318651320,0.370873717436253 
 11/10  02:00:00,0.798568875048939,9.94782552113988,0.000000000000000E+000,9.62698707990678,0.000000000000000E+000,0.265062576837709,0.265062576837709,0.265062576837709,9.717675424134119E-002,2.117233881285750E-002,7.666179158831476E-002,0.321383399879117,0.298702287405100 
 11/10  03:00:00,0.748125571274631,10.1199225127925,0.000000000000000E+000,9.81934174856709,0.000000000000000E+000,0.270358732708561,0.270358732708561,0.270358732708561,6.478450282756079E-002,1.411489072062854E-002,6.409821579558966E-002,0.317657215532691,0.278701261456292 
 11/10  04:00:00,0.737547335672530,10.1660640324744,0.000000000000000E+000,9.86035882112763,0.000000000000000E+000,0.271488067448184,0.271488067448184,0.271488067448184,6.478450282756079E-002,1.411489072062854E-002,5.686206666957333E-002,0.313185794316982,0.284133689848245 
 11/10  05:00:00,0.734978242474246,10.1807862115700,0.000000000000000E+000,9.81846607137740,0.000000000000000E+000,0.270334622439123,0.270334622439123,0.270334622439123,6.478450282756079E-002,1.411489072062854E-002,6.727705378024802E-002,0.301355159017084,0.341563485806078 
 11/10  06:00:00,0.785962749922338,10.2678616209298,0.000000000000000E+000,9.65106125686397,0.000000000000000E+000,0.265725418007698,0.265725418007698,0.265725418007698,7.126295311031687E-002,1.552637997481904E-002,8.004784787508873E-002,0.336288137264814,0.593637606002349 
 11/10  07:00:00,0.959831442590612,10.9160619065717,0.000000000000000E+000,9.82479888358357,0.000000000000000E+000,0.270508985561049,0.270508985561049,0.270508985561049,0.123090555372366,2.681829582961950E-002,0.133753719414558,0.388547872723419,1.06450073382388 
 11/10  08:00:00,1.19068974761064,10.0284856895575,0.000000000000000E+000,8.80571367103625,0.000000000000000E+000,0.242450222189610,0.242450222189610,0.242450222189610,0.239702660461975,5.222510240504850E-002,0.211338511280563,0.412861225583838,1.19433508119791 
 11/10  09:00:00,1.14555620294024,9.27317597296657,0.000000000000000E+000,8.08812083577708,0.000000000000000E+000,0.222692534300835,0.222692534300835,0.222692534300835,0.233224210179219,5.081361315085800E-002,0.272663512968407,0.349050318651320,1.16101334924936 
 11/10  10:00:00,0.994361287633935,7.91889952700566,0.000000000000000E+000,6.84055992461587,0.000000000000000E+000,0.188343084454311,0.188343084454311,0.188343084454311,0.129569005655122,2.822978508381000E-002,0.334037351732395,0.297070047018697,1.05787809672094 
 11/10  11:00:00,0.986562766329271,7.58345729874682,0.000000000000000E+000,6.62673659148725,0.000000000000000E+000,0.182455825730822,0.182455825730822,0.182455825730822,0.110133654806853,2.399531732123850E-002,0.348809312112515,0.304056642668242,0.935777980855341 
 11/10  12:00:00,0.951232453599132,5.60133388669361,0.000000000000000E+000,4.75451434517368,0.000000000000000E+000,0.130907397452931,0.130907397452931,0.130907397452931,0.110133654806853,2.399531732123850E-002,0.364934273051607,0.304149797276904,0.825870398839232 
 11/10  13:00:00,0.914669549093265,4.70755440753729,0.000000000000000E+000,3.94536184286500,0.000000000000000E+000,0.108628771176984,0.108628771176984,0.108628771176984,0.110133654806853,2.399531732123850E-002,0.355773498298021,0.299026293800569,0.741596317197532 
 11/10  14:00:00,0.878386506430485,4.19321827432907,0.000000000000000E+000,3.48038619889198,0.000000000000000E+000,9.582646435603598E-002,9.582646435603598E-002,9.582646435603598E-002,0.110133654806853,2.399531732123850E-002,0.321952600894858,0.309366455361897,0.691523621273966 
 11/10  15:00:00,0.880324230123490,3.92526027111968,0.000000000000000E+000,3.26150595858604,0.000000000000000E+000,8.979997236713097E-002,8.979997236713097E-002,8.979997236713097E-002,0.123090555372366,2.681829582961950E-002,0.296717025683342,0.326786367181432,0.641246014670271 
 11/10  16:00:00,0.971365791277997,3.92163400432347,0.000000000000000E+000,3.24998611256609,0.000000000000000E+000,8.948279316605004E-002,8.948279316605004E-002,8.948279316605004E-002,0.174918157634414,3.811020986314350E-002,0.306791101054537,0.344951515870253,0.647888419981991 
 11/10  17:00:00,1.25699249399395,3.93101041584159,0.000000000000000E+000,3.19369016321084,0.000000000000000E+000,8.793278076053110E-002,8.793278076053110E-002,8.793278076053110E-002,0.317444063855048,6.916297345533449E-002,0.357323476299952,0.408017185933488,0.709216961683888 
 11/10  18:00:00,1.75595080671926,4.81574388763772,0.000000000000000E+000,3.94204733024626,0.000000000000000E+000,0.108537511757147,0.108537511757147,0.108537511757147,0.563625174599779,0.122799546901809,0.448200887087803,0.495675672683124,0.839555550284556 
 11/10  19:00:00,2.00965774100720,4.02322801477103,0.000000000000000E+000,3.02735390667860,0.000000000000000E+000,8.335299724030638E-002,8.335299724030638E-002,8.335299724030638E-002,0.770935583647974,0.167967203035905,0.402135745161050,0.538154174232364,0.958807278914359 
 11/10  20:00:00,1.91273511097178,3.96816166105112,0.000000000000000E+000,2.95139789539857,0.000000000000000E+000,8.126167875103348E-002,8.126167875103348E-002,8.126167875103348E-002,0.770935583647974,0.167967203035905,0.319977700404031,0.555480931443240,0.978503509050703 
 11/10  21:00:00,1.82560161046073,4.04469007736150,0.000000000000000E+000,3.09676285341325,0.000000000000000E+000,8.526405353698215E-002,8.526405353698215E-002,8.526405353698215E-002,0.712629531103169,0.155263817960955,0.280754567951364,0.574577626218664,0.908351630669690 
 11/10  22:00:00,1.66748466079184,4.20698742074113,0.000000000000000E+000,3.34671558571280,0.000000000000000E+000,9.214607329675049E-002,9.214607329675049E-002,9.214607329675049E-002,0.602495876296315,0.131268500639717,0.263298834297921,0.561163362571536,0.821620185561697 
 11/10  23:00:00,1.36016649489795,4.43082016285302,0.000000000000000E+000,3.71454769719631,0.000000000000000E+000,0.102273699573196,0.102273699573196,0.102273699573196,0.447013069510170,9.739275853914450E-002,0.210759978638061,0.485614974947777,0.682824416408766 
 11/10  24:00:00,1.07084443453179,4.64705301307749,0.000000000000000E+000,4.08501597603303,0.000000000000000E+000,0.112473908196105,0.112473908196105,0.112473908196105,0.310965613572292,6.775148420114399E-002,0.140551037640066,0.421990377232579,0.532971304626817 
 11/11  01:00:00,0.784381343538334,4.89797778216784,0.000000000000000E+000,4.48563079367429,0.000000000000000E+000,0.123504150057029,0.123504150057029,0.123504150057029,0.161961257068902,3.528723135476250E-002,9.746637271672108E-002,0.349050318651320,0.388305200553404 
 11/11  02:00:00,0.666784065784684,5.02839490290181,0.000000000000000E+000,4.69725066867895,0.000000000000000E+000,0.129330740340492,0.129330740340492,0.129330740340492,9.717675424134119E-002,2.117233881285750E-002,8.060881882127541E-002,0.321383399879117,0.309008080394872 
 11/11  03:00:00,0.612928388017671,5.12291726073011,0.000000000000000E+000,4.81418435896302,0.000000000000000E+000,0.132550308935378,0.132550308935378,0.132550308935378,6.478450282756079E-002,1.411489072062854E-002,6.670945631181069E-002,0.317657215532691,0.286853398997955 
 11/11  04:00:00,0.608691936403373,5.44518624844988,0.000000000000000E+000,5.13078130877218,0.000000000000000E+000,0.141267262914731,0.141267262914731,0.141267262914731,6.478450282756079E-002,1.411489072062854E-002,5.822747193387166E-002,0.313185794316982,0.292833418179205 
 11/11  05:00:00,0.619471147576669,5.90382549531514,0.000000000000000E+000,5.52627014934094,0.000000000000000E+000,0.152156369789146,0.152156369789146,0.152156369789146,6.478450282756079E-002,1.411489072062854E-002,6.994821153264806E-002,0.301355159017084,0.356798691587647 
 11/11  06:00:00,0.687493831063583,6.58120759866637,0.000000000000000E+000,5.92591129533835,0.000000000000000E+000,0.163159803271418,0.163159803271418,0.163159803271418,7.126295311031687E-002,1.552637997481904E-002,8.414454375261503E-002,0.336288137264814,0.632133545264507 
 11/11  07:00:00,0.880472050539260,7.73218460226384,0.000000000000000E+000,6.55657594939456,0.000000000000000E+000,0.180524072791785,0.180524072791785,0.180524072791785,0.123090555372366,2.681829582961950E-002,0.144379240132471,0.388547872723419,1.14884636370506 
 11/11  08:00:00,1.14528376404166,7.71270694725359,0.000000000000000E+000,6.38800859330123,0.000000000000000E+000,0.175882859771974,0.175882859771974,0.175882859771974,0.239702660461975,5.222510240504850E-002,0.232499890129222,0.412861225583838,1.29626141662896 
 11/11  09:00:00,1.14094947834906,8.03354424774534,0.000000000000000E+000,6.74269286631573,0.000000000000000E+000,0.185648482867621,0.185648482867621,0.185648482867621,0.233224210179219,5.081361315085800E-002,0.305100839810440,0.349050318651320,1.26680959348948 
 11/11  10:00:00,1.03258938888546,7.76916881633041,0.000000000000000E+000,6.59347740998929,0.000000000000000E+000,0.181540091215113,0.181540091215113,0.181540091215113,0.129569005655122,2.822978508381000E-002,0.379068446223123,0.297070047018697,1.15522990067226 
 11/11  11:00:00,1.03966067591095,7.74578567040719,0.000000000000000E+000,6.70597303482775,0.000000000000000E+000,0.184637465290214,0.184637465290214,0.184637465290214,0.110133654806853,2.399531732123850E-002,0.399725582134799,0.304056642668242,1.01886990917522 
 11/11  12:00:00,1.01759496327249,6.17425922474707,0.000000000000000E+000,5.25840293945301,0.000000000000000E+000,0.144781105616265,0.144781105616265,0.144781105616265,0.110133654806853,2.399531732123850E-002,0.417423074561626,0.304149797276904,0.894907142613347 
 11/11  13:00:00,0.978200967774187,5.33807213716479,0.000000000000000E+000,4.51633891543158,0.000000000000000E+000,0.124349645518410,0.124349645518410,0.124349645518410,0.110133654806853,2.399531732123850E-002,0.403584042637515,0.299026293800569,0.801136974258447 
 11/11  14:00:00,0.937933588404715,4.82445344950467,0.000000000000000E+000,4.06001244824836,0.000000000000000E+000,0.111785478945122,0.111785478945122,0.111785478945122,0.110133654806853,2.399531732123850E-002,0.365540668280003,0.309366455361897,0.743132547093184 
 11/11  15:00:00,0.933242519046884,4.47304795109436,0.000000000000000E+000,3.76245183403417,0.000000000000000E+000,0.103592657814860,0.103592657814860,0.103592657814860,0.123090555372366,2.681829582961950E-002,0.335842629159005,0.326786367181432,0.688087819196801 
 11/11  16:00:00,1.02711913191282,4.64773123648893,0.000000000000000E+000,3.92895842851864,0.000000000000000E+000,0.108177131298432,0.108177131298432,0.108177131298432,0.174918157634414,3.811020986314350E-002,0.343850103556979,0.344951515870253,0.695013336194919 
 11/11  17:00:00,1.32658935266922,5.21172040103471,0.000000000000000E+000,4.41689730914966,0.000000000000000E+000,0.121611691453739,0.121611691453739,0.121611691453739,0.317444063855048,6.916297345533449E-002,0.393241424282010,0.408017185933488,0.766719800938192 
 11/11  18:00:00,1.85328960259413,7.13573878206665,0.000000000000000E+000,6.19338921970922,0.000000000000000E+000,0.170524349135297,0.170524349135297,0.170524349135297,0.563625174599779,0.122799546901809,0.483552845584525,0.495675672683124,0.908208555250510 
 11/11  19:00:00,2.10707267075239,6.40223759885601,0.000000000000000E+000,5.31929209215919,0.000000000000000E+000,0.146457583997694,0.146457583997694,0.146457583997694,0.770935583647974,0.167967203035905,0.436446088148850,0.538154174232364,1.04587867751874 
 11/11  20:00:00,2.01913658966640,6.68632179217685,0.000000000000000E+000,5.57210580161671,0.000000000000000E+000,0.153418375856299,0.153418375856299,0.153418375856299,0.770935583647974,0.167967203035905,0.354222481993378,0.555480931443240,1.07595573395830 
 11/11  21:00:00,1.94207466221566,7.10109612010088,0.000000000000000E+000,6.06108963814966,0.000000000000000E+000,0.166881707080035,0.166881707080035,0.166881707080035,0.712629531103169,0.155263817960955,0.315609966163240,0.574577626218664,1.00043088867263 
 11/11  22:00:00,1.79321793024748,7.55746248869263,0.000000000000000E+000,6.62007669116345,0.000000000000000E+000,0.182272456798605,0.182272456798605,0.182272456798605,0.602495876296315,0.131268500639717,0.298905720251707,0.561163362571536,0.898734148062538 
 11/11  23:00:00,1.48652561222349,8.05280532776914,0.000000000000000E+000,7.27626884862362,0.000000000000000E+000,0.200339582339898,0.200339582339898,0.200339582339898,0.447013069510170,9.739275853914450E-002,0.239053213196901,0.485614974947777,0.743088429897574 
 11/11  24:00:00,1.19229980817013,8.53068989224557,0.000000000000000E+000,7.93201486206251,0.000000000000000E+000,0.218394424070802,0.218394424070802,0.218394424070802,0.310965613572292,6.775148420114399E-002,0.156085895403710,0.421990377232579,0.569609297765421 
 11/12  01:00:00,0.895019405944210,8.91518849753601,0.000000000000000E+000,8.50396944424672,0.000000000000000E+000,0.234142212462905,0.234142212462905,0.234142212462905,0.161961257068902,3.528723135476250E-002,9.746637271672108E-002,0.349050318651320,0.387177265349120 
 11/12  02:00:00,0.783244078705795,9.25686081172834,0.000000000000000E+000,8.92704067937430,0.000000000000000E+000,0.245790753261603,0.245790753261603,0.245790753261603,9.717675424134119E-002,2.117233881285750E-002,8.060881882127541E-002,0.321383399879117,0.307683978526030 
 11/12  03:00:00,0.734840105841901,9.54901814984416,0.000000000000000E+000,9.24197852887216,0.000000000000000E+000,0.254462026759608,0.254462026759608,0.254462026759608,6.478450282756079E-002,1.411489072062854E-002,6.670945631181069E-002,0.317657215532691,0.285160118202862 
 11/12  04:00:00,0.726137282828925,9.70912099763628,0.000000000000000E+000,9.39635831373061,0.000000000000000E+000,0.258712609340282,0.258712609340282,0.258712609340282,6.478450282756079E-002,1.411489072062854E-002,5.822747193387166E-002,0.313185794316982,0.291191162407174 
 11/12  05:00:00,0.727985285692932,9.84335939484302,0.000000000000000E+000,9.46746855650843,0.000000000000000E+000,0.260670507905409,0.260670507905409,0.260670507905409,6.478450282756079E-002,1.411489072062854E-002,6.994821153264806E-002,0.301355159017084,0.355134183948056 
 11/12  06:00:00,0.783489014564802,10.0669412963262,0.000000000000000E+000,9.41242531902620,0.000000000000000E+000,0.259154986772636,0.259154986772636,0.259154986772636,7.126295311031687E-002,1.552637997481904E-002,8.414454375261503E-002,0.336288137264814,0.631353219236527 
 11/12  07:00:00,0.969625161958470,10.9712361192941,0.000000000000000E+000,9.79458812752146,0.000000000000000E+000,0.269677184210993,0.269677184210993,0.269677184210993,0.123090555372366,2.681829582961950E-002,0.144379240132471,0.388547872723419,1.14988570260842 
 11/12  08:00:00,1.21584507881715,10.2770245068165,0.000000000000000E+000,8.95077272918584,0.000000000000000E+000,0.246444174547460,0.246444174547460,0.246444174547460,0.239702660461975,5.222510240504850E-002,0.232499890129222,0.412861225583838,1.29781484030728 
 11/12  09:00:00,1.18823427111496,9.75276991121155,0.000000000000000E+000,8.46006124952642,0.000000000000000E+000,0.232933275633526,0.232933275633526,0.232933275633526,0.233224210179219,5.081361315085800E-002,0.305100839810440,0.349050318651320,1.26866687374498 
 11/12  10:00:00,1.04852822118991,8.34969098661908,0.000000000000000E+000,7.17237064529381,0.000000000000000E+000,0.197478923519561,0.197478923519561,0.197478923519561,0.129569005655122,2.822978508381000E-002,0.379068446223123,0.297070047018697,1.15685883565643 
 11/12  11:00:00,1.04771860270189,8.04048005311426,0.000000000000000E+000,6.99863433025757,0.000000000000000E+000,0.192695392081163,0.192695392081163,0.192695392081163,0.110133654806853,2.399531732123850E-002,0.399725582134799,0.304056642668242,1.02090299645244 
 11/12  12:00:00,1.00844500526123,5.84369098843019,0.000000000000000E+000,4.92607942322180,0.000000000000000E+000,0.135631147605013,0.135631147605013,0.135631147605013,0.110133654806853,2.399531732123850E-002,0.417423074561626,0.304149797276904,0.896662422527681 
 11/12  13:00:00,0.961963407709294,4.75026847692257,0.000000000000000E+000,3.92659598446455,0.000000000000000E+000,0.108112085453516,0.108112085453516,0.108112085453516,0.110133654806853,2.399531732123850E-002,0.403584042637515,0.299026293800569,0.803076244983268 
 11/12  14:00:00,0.917641047785884,4.08948290372232,0.000000000000000E+000,3.32299393478394,0.000000000000000E+000,9.149293832629045E-002,9.149293832629045E-002,9.149293832629045E-002,0.110133654806853,2.399531732123850E-002,0.365540668280003,0.309366455361897,0.745180514775260 
 11/12  15:00:00,0.908231460529445,3.56651191008408,0.000000000000000E+000,2.85405827627591,0.000000000000000E+000,7.858159929742081E-002,7.858159929742081E-002,7.858159929742081E-002,0.123090555372366,2.681829582961950E-002,0.335842629159005,0.326786367181432,0.689945335944794 
 11/12  16:00:00,1.00046975680896,3.68130892335589,0.000000000000000E+000,2.96106174210880,0.000000000000000E+000,8.152775619456971E-002,8.152775619456971E-002,8.152775619456971E-002,0.174918157634414,3.811020986314350E-002,0.343850103556979,0.344951515870253,0.696487709471719 
 11/12  17:00:00,1.29072905776992,3.91119658982491,0.000000000000000E+000,3.11446299421974,0.000000000000000E+000,8.575139655444153E-002,8.575139655444153E-002,8.575139655444153E-002,0.317444063855048,6.916297345533449E-002,0.393241424282010,0.408017185933488,0.768630304658307 
 11/12  18:00:00,1.80138651957225,5.25314541700878,0.000000000000000E+000,4.30828602777523,0.000000000000000E+000,0.118621266113412,0.118621266113412,0.118621266113412,0.563625174599779,0.122799546901809,0.483552845584525,0.495675672683124,0.910718382126653 
 11/12  19:00:00,2.05932895613834,4.67192348381874,0.000000000000000E+000,3.58525581582139,0.000000000000000E+000,9.871386938364955E-002,9.871386938364955E-002,9.871386938364955E-002,0.770935583647974,0.167967203035905,0.436446088148850,0.538154174232364,1.04960083881927 
 11/12  20:00:00,1.96955885411958,4.88933181609380,0.000000000000000E+000,3.77145847805104,0.000000000000000E+000,0.103840640309482,0.103840640309482,0.103840640309482,0.770935583647974,0.167967203035905,0.354222481993378,0.555480931443240,1.07961308144093 
 11/12  21:00:00,1.89049328899569,5.23097483554655,0.000000000000000E+000,4.18767084219272,0.000000000000000E+000,0.115300333860060,0.115300333860060,0.115300333860060,0.712629531103169,0.155263817960955,0.315609966163240,0.574577626218664,1.00372840007526 
 11/12  22:00:00,1.73716266588913,5.52461638937555,0.000000000000000E+000,4.58416761574152,0.000000000000000E+000,0.126217192440253,0.126217192440253,0.126217192440253,0.602495876296315,0.131268500639717,0.298905720251707,0.561163362571536,0.901797124167406 
 11/12  23:00:00,1.42466949632260,5.80880427825387,0.000000000000000E+000,5.02967472094431,0.000000000000000E+000,0.138483466439003,0.138483466439003,0.138483466439003,0.447013069510170,9.739275853914450E-002,0.239053213196901,0.485614974947777,0.745681508061607 
 11/12  24:00:00,1.12507113137261,6.09093348135475,0.000000000000000E+000,5.49029105989325,0.000000000000000E+000,0.151165747273282,0.151165747273282,0.151165747273282,0.310965613572292,6.775148420114399E-002,0.156085895403710,0.421990377232579,0.571576689043852 
 11/13  01:00:00,0.817055101755289,6.30974020181526,0.000000000000000E+000,5.91108536138392,0.000000000000000E+000,0.162751596609731,0.162751596609731,0.162751596609731,0.161961257068902,3.528723135476250E-002,9.089268438097377E-002,0.349050318651320,0.374613052491172 
 11/13  02:00:00,0.702938998275521,6.47735686211926,0.000000000000000E+000,6.15374087844674,0.000000000000000E+000,0.169432700064290,0.169432700064290,0.169432700064290,9.717675424134119E-002,2.117233881285750E-002,7.666179158831476E-002,0.321383399879117,0.301479829844507 
 11/13  03:00:00,0.651028568169941,6.59587108966396,0.000000000000000E+000,6.29280999316633,0.000000000000000E+000,0.173261729603869,0.173261729603869,0.173261729603869,6.478450282756079E-002,1.411489072062854E-002,6.409821579558966E-002,0.317657215532691,0.281181593728487 
 11/13  04:00:00,0.641543181773790,6.68178888436303,0.000000000000000E+000,6.37351899550256,0.000000000000000E+000,0.175483913549446,0.175483913549446,0.175483913549446,6.478450282756079E-002,1.411489072062854E-002,5.686206666957333E-002,0.313185794316982,0.286698367362008 
 11/13  05:00:00,0.642063524948692,6.80945626103082,0.000000000000000E+000,6.44383357582393,0.000000000000000E+000,0.177419904913571,0.177419904913571,0.177419904913571,6.478450282756079E-002,1.411489072062854E-002,6.727705378024802E-002,0.301355159017084,0.344866030820354 
 11/13  06:00:00,0.696861381049514,7.03761870327532,0.000000000000000E+000,6.41492835129021,0.000000000000000E+000,0.176624049134875,0.176624049134875,0.176624049134875,7.126295311031687E-002,1.552637997481904E-002,8.004784787508873E-002,0.336288137264814,0.599527593921608 
 11/13  07:00:00,0.872676832490405,7.76122404567507,0.000000000000000E+000,6.65937162712582,0.000000000000000E+000,0.183354375460841,0.183354375460841,0.183354375460841,0.123090555372366,2.681829582961950E-002,0.133753719414558,0.388547872723419,1.07509012938504 
 11/13  08:00:00,1.11181776655987,7.17593765854187,0.000000000000000E+000,5.94110882337701,0.000000000000000E+000,0.163578241138847,0.163578241138847,0.163578241138847,0.239702660461975,5.222510240504850E-002,0.211338511280563,0.412861225583838,1.20639189784145 
 11/13  09:00:00,1.07153772632128,6.59647752257496,0.000000000000000E+000,5.39979369964803,0.000000000000000E+000,0.148674057681875,0.148674057681875,0.148674057681875,0.233224210179219,5.081361315085800E-002,0.272663512968407,0.349050318651320,1.17264203498679 
 11/13  10:00:00,0.921864944960971,5.29634863626544,0.000000000000000E+000,4.20751620120699,0.000000000000000E+000,0.115846741781348,0.115846741781348,0.115846741781348,0.129569005655122,2.822978508381000E-002,0.334037351732395,0.297070047018697,1.06837092938961 
 11/13  11:00:00,0.904174739004796,4.60041891722811,0.000000000000000E+000,3.63443008011824,0.000000000000000E+000,0.100067798406347,0.100067798406347,0.100067798406347,0.110133654806853,2.399531732123850E-002,0.348809312112515,0.304056642668242,0.945046110705648 
 11/13  12:00:00,0.871360134310289,2.70885593645443,0.000000000000000E+000,1.85357753617751,0.000000000000000E+000,5.103507816408737E-002,5.103507816408737E-002,5.103507816408737E-002,0.110133654806853,2.399531732123850E-002,0.364934273051607,0.304149797276904,0.834329257596217 
 11/13  13:00:00,0.831298177653438,1.68720951649404,0.000000000000000E+000,0.917340591201297,0.000000000000000E+000,2.525739973715615E-002,2.525739973715615E-002,2.525739973715615E-002,0.110133654806853,2.399531732123850E-002,0.355773498298021,0.299026293800569,0.749272677817993 
 11/13  14:00:00,0.790734456279484,1.01734934843378,0.000000000000000E+000,0.296892080642019,0.000000000000000E+000,8.174414205035438E-003,8.174414205035438E-003,8.174414205035438E-003,0.110133654806853,2.399531732123850E-002,0.321952600894858,0.309366455361897,0.699148813628631 
 11/13  15:00:00,0.790524257756359,0.671352058331692,0.000000000000000E+000,0.000000000000000E+000,0.000000000000000E+000,0.000000000000000E+000,0.000000000000000E+000,0.000000000000000E+000,0.123090555372366,2.681829582961950E-002,0.296717025683342,0.326786367181432,0.648843760468315 
 11/13  16:00:00,0.883172090476335,0.726546606387045,0.000000000000000E+000,4.681941783266235E-002,0.000000000000000E+000,1.289092364387697E-003,1.289092364387697E-003,1.289092364387697E-003,0.174918157634414,3.811020986314350E-002,0.306791101054537,0.344951515870253,0.655967716778990 
 11/13  17:00:00,1.18075112941045,1.17080198251141,0.000000000000000E+000,0.424628455004412,0.000000000000000E+000,1.169141617703035E-002,1.169141617703035E-002,1.169141617703035E-002,0.317444063855048,6.916297345533449E-002,0.357323476299952,0.408017185933488,0.718070236560138 
 11/13  18:00:00,1.69760050213583,2.70669987000548,0.000000000000000E+000,1.82278313597537,0.000000000000000E+000,5.018720717371417E-002,5.018720717371417E-002,5.018720717371417E-002,0.563625174599779,0.122799546901809,0.448200887087803,0.495675672683124,0.849775726923207 
 11/13  19:00:00,1.96751036445166,2.50330387004575,0.000000000000000E+000,1.49657481898948,0.000000000000000E+000,4.120562068476573E-002,4.120562068476573E-002,4.120562068476573E-002,0.770935583647974,0.167967203035905,0.402135745161050,0.538154174232364,0.969662221878185 
 11/13  20:00:00,1.88651128579977,3.02668301065567,0.000000000000000E+000,1.99895704490731,0.000000000000000E+000,5.503785357901958E-002,5.503785357901958E-002,5.503785357901958E-002,0.770935583647974,0.167967203035905,0.319977700404031,0.555480931443240,0.989465709146498 
 11/13  21:00:00,1.81615318224741,3.71099149994038,0.000000000000000E+000,2.75359899595640,0.000000000000000E+000,7.581562532366035E-002,7.581562532366035E-002,7.581562532366035E-002,0.712629531103169,0.155263817960955,0.280754567951364,0.574577626218664,0.917816910705394 
 11/13  22:00:00,1.66857936260009,4.25473179330707,0.000000000000000E+000,3.38647480140503,0.000000000000000E+000,9.324077510500596E-002,9.324077510500596E-002,9.324077510500596E-002,0.602495876296315,0.131268500639717,0.263298834297921,0.561163362571536,0.829605342435401 
 11/13  23:00:00,1.36911890570491,4.76223516369792,0.000000000000000E+000,4.03969636284664,0.000000000000000E+000,0.111226110380157,0.111226110380157,0.111226110380157,0.447013069510170,9.739275853914450E-002,0.210759978638061,0.485614974947777,0.689090751603319 
 11/13  24:00:00,1.08748871908666,5.25527444665911,0.000000000000000E+000,4.68953100895728,0.000000000000000E+000,0.129118192750976,0.129118192750976,0.129118192750976,0.310965613572292,6.775148420114399E-002,0.140551037640066,0.421990377232579,0.536677705284193 
 11/14  01:00:00,0.801778725332692,5.75630878276020,0.000000000000000E+000,5.35625230949603,0.000000000000000E+000,0.147475220187135,0.147475220187135,0.147475220187135,0.161961257068902,3.528723135476250E-002,9.089268438097377E-002,0.349050318651320,0.376014685324005 
 11/14  02:00:00,0.695284217463657,6.20056102598271,0.000000000000000E+000,5.87572171461569,0.000000000000000E+000,0.161777919252427,0.161777919252427,0.161777919252427,9.717675424134119E-002,2.117233881285750E-002,7.666179158831476E-002,0.321383399879117,0.302703157539032 
 11/14  03:00:00,0.651391791234499,6.60990320925709,0.000000000000000E+000,6.30600213741901,0.000000000000000E+000,0.173624952668428,0.173624952668428,0.173624952668428,6.478450282756079E-002,1.411489072062854E-002,6.409821579558966E-002,0.317657215532691,0.282021569068944 
 11/14  04:00:00,0.649162449922008,6.95949305837449,0.000000000000000E+000,6.65024835087337,0.000000000000000E+000,0.183103181697662,0.183103181697662,0.183103181697662,6.478450282756079E-002,1.411489072062854E-002,5.686206666957333E-002,0.313185794316982,0.287673186002656 
 11/14  05:00:00,0.656139209046208,7.32166002685750,0.000000000000000E+000,6.95505787072162,0.000000000000000E+000,0.191495589011086,0.191495589011086,0.191495589011086,6.478450282756079E-002,1.411489072062854E-002,6.727705378024802E-002,0.301355159017084,0.345845501749327 
 11/14  06:00:00,0.716919860803991,7.76771037137799,0.000000000000000E+000,7.14344584984736,0.000000000000000E+000,0.196682528889351,0.196682528889351,0.196682528889351,7.126295311031687E-002,1.552637997481904E-002,8.004784787508873E-002,0.336288137264814,0.601101763467146 
 11/14  07:00:00,0.880011855826205,8.03080432593674,0.000000000000000E+000,6.92577730282335,0.000000000000000E+000,0.190689398796643,0.190689398796643,0.190689398796643,0.123090555372366,2.681829582961950E-002,0.133753719414558,0.388547872723419,1.07826473394917 
 11/14  08:00:00,1.12936726827389,7.81690934561045,0.000000000000000E+000,6.57850105080994,0.000000000000000E+000,0.181127742852870,0.181127742852870,0.181127742852870,0.239702660461975,5.222510240504850E-002,0.211338511280563,0.412861225583838,1.20997135747712 
 11/14  09:00:00,1.09228356157392,7.35329669203667,0.000000000000000E+000,6.15327572763453,0.000000000000000E+000,0.169419892934512,0.169419892934512,0.169419892934512,0.233224210179219,5.081361315085800E-002,0.272663512968407,0.349050318651320,1.17597917646199 
 11/14  10:00:00,0.947956309033057,6.24684069063933,0.000000000000000E+000,5.15514610738161,0.000000000000000E+000,0.141938105853434,0.141938105853434,0.141938105853434,0.129569005655122,2.822978508381000E-002,0.334037351732395,0.297070047018697,1.07123307758888 
 11/14  11:00:00,0.937523797875966,5.81392593295500,0.000000000000000E+000,4.84565711454181,0.000000000000000E+000,0.133416857277518,0.133416857277518,0.133416857277518,0.110133654806853,2.399531732123850E-002,0.348809312112515,0.304056642668242,0.947326092008951 
 11/14  12:00:00,0.908468719899211,4.05827541512599,0.000000000000000E+000,3.20134936530636,0.000000000000000E+000,8.814366375300960E-002,8.814366375300960E-002,8.814366375300960E-002,0.110133654806853,2.399531732123850E-002,0.364934273051607,0.304149797276904,0.835976907138910 
 11/14  13:00:00,0.867728840394420,3.01139737328778,0.000000000000000E+000,2.24049048170659,0.000000000000000E+000,6.168806247813716E-002,6.168806247813716E-002,6.168806247813716E-002,0.110133654806853,2.399531732123850E-002,0.355773498298021,0.299026293800569,0.750310644106421 
 11/14  14:00:00,0.824310749532075,2.23733508131454,0.000000000000000E+000,1.51637219432014,0.000000000000000E+000,4.175070745762758E-002,4.175070745762758E-002,4.175070745762758E-002,0.110133654806853,2.399531732123850E-002,0.321952600894858,0.309366455361897,0.699654432831260 
 11/14  15:00:00,0.817099382530789,1.63684879465127,0.000000000000000E+000,0.965199938454486,0.000000000000000E+000,2.657512477442959E-002,2.657512477442959E-002,2.657512477442959E-002,0.123090555372366,2.681829582961950E-002,0.296717025683342,0.326786367181432,0.649140558333409 
 11/14  16:00:00,0.914255011475518,1.85530932593889,0.000000000000000E+000,1.17574105752577,0.000000000000000E+000,3.237201336357164E-002,3.237201336357164E-002,3.237201336357164E-002,0.174918157634414,3.811020986314350E-002,0.306791101054537,0.344951515870253,0.655808796637732 
 11/14  17:00:00,1.20541505538041,2.06703967689203,0.000000000000000E+000,1.32041427088704,0.000000000000000E+000,3.635534214698379E-002,3.635534214698379E-002,3.635534214698379E-002,0.317444063855048,6.916297345533449E-002,0.357323476299952,0.408017185933488,0.718522115058129 
 11/14  18:00:00,1.70670955593261,3.03833845445010,0.000000000000000E+000,2.15362102436368,0.000000000000000E+000,5.929626097049166E-002,5.929626097049166E-002,5.929626097049166E-002,0.563625174599779,0.122799546901809,0.448200887087803,0.495675672683124,0.850576422979511 
 11/14  19:00:00,1.96811372424944,2.52649033361039,0.000000000000000E+000,1.51848865174197,0.000000000000000E+000,4.180898048254596E-002,4.180898048254596E-002,4.180898048254596E-002,0.770935583647974,0.167967203035905,0.402135745161050,0.538154174232364,0.970934852690339 
 11/14  20:00:00,1.87496031205010,2.60854264880126,0.000000000000000E+000,1.57942941345126,0.000000000000000E+000,4.348687982935519E-002,4.348687982935519E-002,4.348687982935519E-002,0.770935583647974,0.167967203035905,0.319977700404031,0.555480931443240,0.990852978748143 
 11/14  21:00:00,1.79007432542102,2.76511371852933,0.000000000000000E+000,1.80642334890093,0.000000000000000E+000,4.973676849726491E-002,4.973676849726491E-002,4.973676849726491E-002,0.712629531103169,0.155263817960955,0.280754567951364,0.574577626218664,0.919114776349811 
 11/14  22:00:00,1.63348636945222,2.98177967873039,0.000000000000000E+000,2.11190863797147,0.000000000000000E+000,5.814778195713057E-002,5.814778195713057E-002,5.814778195713057E-002,0.602495876296315,0.131268500639717,0.263298834297921,0.561163362571536,0.831219391292289 
 11/14  23:00:00,1.32694389834069,3.23188760423057,0.000000000000000E+000,2.50791373312108,0.000000000000000E+000,6.905110301593850E-002,6.905110301593850E-002,6.905110301593850E-002,0.447013069510170,9.739275853914450E-002,0.210759978638061,0.485614974947777,0.690525821861549 
 11/14  24:00:00,1.03839918839877,3.47423561001976,0.000000000000000E+000,2.90661512800166,0.000000000000000E+000,8.002866206308953E-002,8.002866206308953E-002,8.002866206308953E-002,0.310965613572292,6.775148420114399E-002,0.140551037640066,0.421990377232579,0.538554749600466 
 11/15  01:00:00,0.746151698880709,3.73754924751303,0.000000000000000E+000,3.33589669635808,0.000000000000000E+000,9.184819373515120E-002,9.184819373515120E-002,9.184819373515120E-002,0.161961257068902,3.528723135476250E-002,9.089268438097377E-002,0.349050318651320,0.377610763214791 
 11/15  02:00:00,0.634434939108445,3.99172907845932,0.000000000000000E+000,3.66569560102388,0.000000000000000E+000,0.100928640897215,0.100928640897215,0.100928640897215,9.717675424134119E-002,2.117233881285750E-002,7.666179158831476E-002,0.321383399879117,0.303897323607437 
 11/15  03:00:00,0.585786365236976,4.22843380847131,0.000000000000000E+000,3.92323427940994,0.000000000000000E+000,0.108019526670903,0.108019526670903,0.108019526670903,6.478450282756079E-002,1.411489072062854E-002,6.409821579558966E-002,0.317657215532691,0.283320026292234 
 11/15  04:00:00,0.580065691952260,4.45114172166631,0.000000000000000E+000,4.14067644459298,0.000000000000000E+000,0.114006423727915,0.114006423727915,0.114006423727915,6.478450282756079E-002,1.411489072062854E-002,5.686206666957333E-002,0.313185794316982,0.288893755574833 
 11/15  05:00:00,0.583501504888369,4.68514321541160,0.000000000000000E+000,4.31687994389286,0.000000000000000E+000,0.118857884853248,0.118857884853248,0.118857884853248,6.478450282756079E-002,1.411489072062854E-002,6.727705378024802E-002,0.301355159017084,0.347506617132199 
 11/15  06:00:00,0.641679257011417,5.03756154733615,0.000000000000000E+000,4.41073144996061,0.000000000000000E+000,0.121441925096777,0.121441925096777,0.121441925096777,7.126295311031687E-002,1.552637997481904E-002,8.004784787508873E-002,0.336288137264814,0.603667339312029 
 11/15  07:00:00,0.804901969001296,5.30699681615683,0.000000000000000E+000,4.19781050093346,0.000000000000000E+000,0.115579511971734,0.115579511971734,0.115579511971734,0.123090555372366,2.681829582961950E-002,0.133753719414558,0.388547872723419,1.08242402605913 
 11/15  08:00:00,1.05610895461029,5.16097354141847,0.000000000000000E+000,3.91778278741244,0.000000000000000E+000,0.107869429189264,0.107869429189264,0.107869429189264,0.239702660461975,5.222510240504850E-002,0.211338511280563,0.412861225583838,1.21475381668263 
 11/15  09:00:00,1.02318522464566,4.84840740612260,0.000000000000000E+000,3.64364647409176,0.000000000000000E+000,0.100321556006258,0.100321556006258,0.100321556006258,0.233224210179219,5.081361315085800E-002,0.272663512968407,0.349050318651320,1.18071914409069 
 11/15  10:00:00,0.885500097128864,3.98284167481262,0.000000000000000E+000,2.88675668691000,0.000000000000000E+000,7.948189394924013E-002,7.948189394924013E-002,7.948189394924013E-002,0.129569005655122,2.822978508381000E-002,0.334037351732395,0.297070047018697,1.07562348223376 
 11/15  11:00:00,0.867013194863232,3.25684047183499,0.000000000000000E+000,2.28473481348206,0.000000000000000E+000,6.290625426478093E-002,6.290625426478093E-002,6.290625426478093E-002,0.110133654806853,2.399531732123850E-002,0.348809312112515,0.304056642668242,0.951162931948706 
 11/15  12:00:00,0.846225397573785,1.80140943235700,0.000000000000000E+000,0.940692025495552,0.000000000000000E+000,2.590034142758498E-002,2.590034142758498E-002,2.590034142758498E-002,0.110133654806853,2.399531732123850E-002,0.364934273051607,0.304149797276904,0.839768264180746 
 11/15  13:00:00,0.810001779705047,0.918455445000476,0.000000000000000E+000,0.143862304135335,0.000000000000000E+000,3.961001788764341E-003,3.961001788764341E-003,3.961001788764341E-003,0.110133654806853,2.399531732123850E-002,0.355773498298021,0.299026293800569,0.753996893390388 
 11/15  14:00:00,0.782560042074450,0.724487982857717,0.000000000000000E+000,0.000000000000000E+000,0.000000000000000E+000,0.000000000000000E+000,0.000000000000000E+000,0.000000000000000E+000,0.110133654806853,2.399531732123850E-002,0.321952600894858,0.309366455361897,0.703179528694584 
 11/15  15:00:00,0.790524257756359,0.674371509016695,0.000000000000000E+000,0.000000000000000E+000,0.000000000000000E+000,0.000000000000000E+000,0.000000000000000E+000,0.000000000000000E+000,0.123090555372366,2.681829582961950E-002,0.296717025683342,0.326786367181432,0.651863211153321 
 11/15  16:00:00,0.881882998111948,0.682335173107096,0.000000000000000E+000,0.000000000000000E+000,0.000000000000000E+000,0.000000000000000E+000,0.000000000000000E+000,0.000000000000000E+000,0.174918157634414,3.811020986314350E-002,0.306791101054537,0.344951515870253,0.658575701331706 
 11/15  17:00:00,1.16905971323342,0.749103440307451,0.000000000000000E+000,0.000000000000000E+000,0.000000000000000E+000,0.000000000000000E+000,0.000000000000000E+000,0.000000000000000E+000,0.317444063855048,6.916297345533449E-002,0.357323476299952,0.408017185933488,0.721000149360591 
 11/15  18:00:00,1.65700188992021,1.23624450680674,0.000000000000000E+000,0.348254668302626,0.000000000000000E+000,9.588594958096608E-003,9.588594958096608E-003,9.588594958096608E-003,0.563625174599779,0.122799546901809,0.448200887087803,0.495675672683124,0.853848831397207 
 11/15  19:00:00,1.92630474376689,1.01223577348742,0.000000000000000E+000,0.000000000000000E+000,0.000000000000000E+000,0.000000000000000E+000,0.000000000000000E+000,0.000000000000000E+000,0.770935583647974,0.167967203035905,0.402135745161050,0.538154174232364,0.975168944309334 
 11/15  20:00:00,1.83305032057417,1.09053800944798,0.000000000000000E+000,5.727207509252592E-002,0.000000000000000E+000,1.576888353423937E-003,1.576888353423937E-003,1.576888353423937E-003,0.770935583647974,0.167967203035905,0.319977700404031,0.555480931443240,0.995005677753602 
 11/15  21:00:00,1.74703144553688,1.20564391005690,0.000000000000000E+000,0.243119869887970,0.000000000000000E+000,6.693888613131689E-003,6.693888613131689E-003,6.693888613131689E-003,0.712629531103169,0.155263817960955,0.280754567951364,0.574577626218664,0.922948446890342 
 11/15  22:00:00,1.59986318969403,1.76446012544905,0.000000000000000E+000,0.890725621571122,0.000000000000000E+000,2.452460219893614E-002,2.452460219893614E-002,2.452460219893614E-002,0.602495876296315,0.131268500639717,0.263298834297921,0.561163362571536,0.835082854411291 
 11/15  23:00:00,1.30215063888993,2.33492583622459,0.000000000000000E+000,1.60743056703686,0.000000000000000E+000,4.425784356517652E-002,4.425784356517652E-002,4.425784356517652E-002,0.447013069510170,9.739275853914450E-002,0.210759978638061,0.485614974947777,0.694047219939793 
 11/15  24:00:00,1.02393551388623,2.95151839209952,0.000000000000000E+000,2.38129914669119,0.000000000000000E+000,6.556498755055114E-002,6.556498755055114E-002,6.556498755055114E-002,0.310965613572292,6.775148420114399E-002,0.140551037640066,0.421990377232579,0.541153512990681 
 11/16  01:00:00,0.735118106183076,3.33868956466485,0.000000000000000E+000,2.93516017741110,0.000000000000000E+000,8.081460103751827E-002,8.081460103751827E-002,8.081460103751827E-002,0.161961257068902,3.528723135476250E-002,9.089268438097377E-002,0.349050318651320,0.379487599313606 
 11/16  02:00:00,0.625053196966052,3.65236304073040,0.000000000000000E+000,3.32495376009952,0.000000000000000E+000,9.154689875482208E-002,9.154689875482208E-002,9.154689875482208E-002,9.717675424134119E-002,2.117233881285750E-002,7.666179158831476E-002,0.321383399879117,0.305273126802887 
 11/16  03:00:00,0.576929415555605,3.90807040491985,0.000000000000000E+000,3.60155273097263,0.000000000000000E+000,9.916257698953257E-002,9.916257698953257E-002,9.916257698953257E-002,6.478450282756079E-002,1.411489072062854E-002,6.409821579558966E-002,0.317657215532691,0.284638171178099 
 11/16  04:00:00,0.576065418476691,4.30686969392536,0.000000000000000E+000,3.99538780549177,0.000000000000000E+000,0.110006150252345,0.110006150252345,0.110006150252345,6.478450282756079E-002,1.411489072062854E-002,5.686206666957333E-002,0.313185794316982,0.289910366935108 
 11/16  05:00:00,0.585710497759523,4.76636874890314,0.000000000000000E+000,4.39710985067151,0.000000000000000E+000,0.121066877724401,0.121066877724401,0.121066877724401,6.478450282756079E-002,1.411489072062854E-002,6.727705378024802E-002,0.301355159017084,0.348502243845100 
 11/16  06:00:00,0.650417516344144,5.35677801316356,0.000000000000000E+000,4.72810220331499,0.000000000000000E+000,0.130180184429504,0.130180184429504,0.130180184429504,7.126295311031687E-002,1.552637997481904E-002,8.004784787508873E-002,0.336288137264814,0.605513051785082 
 11/16  07:00:00,0.826219222202263,6.08447816168514,0.000000000000000E+000,4.97204624402912,0.000000000000000E+000,0.136896765172699,0.136896765172699,0.136896765172699,0.123090555372366,2.681829582961950E-002,0.133753719414558,0.388547872723419,1.08566962849179 
 11/16  08:00:00,1.06754770834475,5.57949153789363,0.000000000000000E+000,4.33323462420390,0.000000000000000E+000,0.119308182923727,0.119308182923727,0.119308182923727,0.239702660461975,5.222510240504850E-002,0.211338511280563,0.412861225583838,1.21781997636631 
 11/16  09:00:00,1.02971996758271,5.08888565836277,0.000000000000000E+000,3.88098622448575,0.000000000000000E+000,0.106856298943304,0.106856298943304,0.106856298943304,0.233224210179219,5.081361315085800E-002,0.272663512968407,0.349050318651320,1.18385764593689 
 11/16  10:00:00,0.891862015494817,4.21684833415614,0.000000000000000E+000,3.11781950476661,0.000000000000000E+000,8.584381231519325E-002,8.584381231519325E-002,8.584381231519325E-002,0.129569005655122,2.822978508381000E-002,0.334037351732395,0.297070047018697,1.07856732372068 
 11/16  11:00:00,0.885335611707484,3.92487114768366,0.000000000000000E+000,2.95019906851448,0.000000000000000E+000,8.122867110903297E-002,8.122867110903297E-002,8.122867110903297E-002,0.110133654806853,2.399531732123850E-002,0.348809312112515,0.304056642668242,0.953729352764927 
 11/16  12:00:00,0.879124499353398,2.99808834662354,0.000000000000000E+000,2.13557676385219,0.000000000000000E+000,5.879944320719693E-002,5.879944320719693E-002,5.879944320719693E-002,0.110133654806853,2.399531732123850E-002,0.364934273051607,0.304149797276904,0.841562440090641 
 11/16  13:00:00,0.844388611788710,2.16816221584630,0.000000000000000E+000,1.39278092606149,0.000000000000000E+000,3.834783387242727E-002,3.834783387242727E-002,3.834783387242727E-002,0.110133654806853,2.399531732123850E-002,0.355773498298021,0.299026293800569,0.754785042310056 
 11/16  14:00:00,0.803091467137879,1.47053190678084,0.000000000000000E+000,0.745694719246409,0.000000000000000E+000,2.053142506343105E-002,2.053142506343105E-002,2.053142506343105E-002,0.110133654806853,2.399531732123850E-002,0.321952600894858,0.309366455361897,0.703528733371300 
 11/16  15:00:00,0.791469119631553,0.709524361593538,0.000000000000000E+000,3.431707777578358E-002,0.000000000000000E+000,9.448618751940177E-004,9.448618751940177E-004,9.448618751940177E-004,0.123090555372366,2.681829582961950E-002,0.296717025683342,0.326786367181432,0.652698985954379 
 11/16  16:00:00,0.881882998111948,0.683184937184204,0.000000000000000E+000,0.000000000000000E+000,0.000000000000000E+000,0.000000000000000E+000,0.000000000000000E+000,0.000000000000000E+000,0.174918157634414,3.811020986314350E-002,0.306791101054537,0.344951515870253,0.659425465408811 
 11/16  17:00:00,1.17023544387619,0.793751761822032,0.000000000000000E+000,4.270215675995669E-002,0.000000000000000E+000,1.175730642762167E-003,1.175730642762167E-003,1.175730642762167E-003,0.317444063855048,6.916297345533449E-002,0.357323476299952,0.408017185933488,0.722946314115216 
 11/16  18:00:00,1.66150017938541,1.40183374601322,0.000000000000000E+000,0.511631087108401,0.000000000000000E+000,1.408688442329808E-002,1.408688442329808E-002,1.408688442329808E-002,0.563625174599779,0.122799546901809,0.448200887087803,0.495675672683124,0.856061651797918 
 11/16  19:00:00,1.93161126048732,1.20766657574128,0.000000000000000E+000,0.192730971366452,0.000000000000000E+000,5.306516720423508E-003,5.306516720423508E-003,5.306516720423508E-003,0.770935583647974,0.167967203035905,0.402135745161050,0.538154174232364,0.977868775196747 
 11/16  20:00:00,1.84378594578530,1.48342973995397,0.000000000000000E+000,0.447186511280717,0.000000000000000E+000,1.231251356455336E-002,1.231251356455336E-002,1.231251356455336E-002,0.770935583647974,0.167967203035905,0.319977700404031,0.555480931443240,0.997982972071397 
 11/16  21:00:00,1.76488527063731,1.85687990136723,0.000000000000000E+000,0.891565024308835,0.000000000000000E+000,2.454771371355809E-002,2.454771371355809E-002,2.454771371355809E-002,0.712629531103169,0.155263817960955,0.280754567951364,0.574577626218664,0.925739283779810 
 11/16  22:00:00,1.61390925031557,2.27669760096503,0.000000000000000E+000,1.40087400140055,0.000000000000000E+000,3.857066282047780E-002,3.857066282047780E-002,3.857066282047780E-002,0.602495876296315,0.131268500639717,0.263298834297921,0.561163362571536,0.837171950097849 
 11/16  23:00:00,1.31378125265305,2.75883207135861,0.000000000000000E+000,2.02985069802930,0.000000000000000E+000,5.588845732830037E-002,5.588845732830037E-002,5.588845732830037E-002,0.447013069510170,9.739275853914450E-002,0.210759978638061,0.485614974947777,0.695533324081372 
 11/16  24:00:00,1.03280822354026,3.27445807847437,0.000000000000000E+000,2.70355309223913,0.000000000000000E+000,7.443769720457540E-002,7.443769720457540E-002,7.443769720457540E-002,0.310965613572292,6.775148420114399E-002,0.140551037640066,0.421990377232579,0.541839253817595 
 11/17  01:00:00,0.744870228954476,3.69320586899197,0.000000000000000E+000,3.28935412301439,0.000000000000000E+000,9.056672380891802E-002,9.056672380891802E-002,9.056672380891802E-002,0.161961257068902,3.528723135476250E-002,9.089268438097377E-002,0.349050318651320,0.379809958037426 
 11/17  02:00:00,0.636632402550612,4.07312757938623,0.000000000000000E+000,3.74550676266987,0.000000000000000E+000,0.103126104339381,0.103126104339381,0.103126104339381,9.717675424134119E-002,2.117233881285750E-002,7.666179158831476E-002,0.321383399879117,0.305484662888340 
 11/17  03:00:00,0.590616953892410,4.40487518615325,0.000000000000000E+000,4.09867969735255,0.000000000000000E+000,0.112850115326340,0.112850115326340,0.112850115326340,6.478450282756079E-002,1.411489072062854E-002,6.409821579558966E-002,0.317657215532691,0.284315986031557 
 11/17  04:00:00,0.580998606970758,4.48608635392313,0.000000000000000E+000,4.17455961639666,0.000000000000000E+000,0.114939338746412,0.114939338746412,0.114939338746412,6.478450282756079E-002,1.411489072062854E-002,5.686206666957333E-002,0.313185794316982,0.289955216028007 
 11/17  05:00:00,0.579895766364811,4.55501271555615,0.000000000000000E+000,4.18592068667159,0.000000000000000E+000,0.115252146329689,0.115252146329689,0.115252146329689,6.478450282756079E-002,1.411489072062854E-002,6.727705378024802E-002,0.301355159017084,0.348335374498016 
 11/17  06:00:00,0.631003213830901,4.65228271490803,0.000000000000000E+000,4.02298101385779,0.000000000000000E+000,0.110765881916261,0.110765881916261,0.110765881916261,7.126295311031687E-002,1.552637997481904E-002,8.004784787508873E-002,0.336288137264814,0.606138942986705 
 11/17  07:00:00,0.798590090273981,5.08342672213371,0.000000000000000E+000,3.96856510657132,0.000000000000000E+000,0.109267633244419,0.109267633244419,0.109267633244419,0.123090555372366,2.681829582961950E-002,0.133753719414558,0.388547872723419,1.08809932639816 
 11/17  08:00:00,1.04361899522681,4.71413811661198,0.000000000000000E+000,3.46415150136740,0.000000000000000E+000,9.537946980578647E-002,9.537946980578647E-002,9.537946980578647E-002,0.239702660461975,5.222510240504850E-002,0.211338511280563,0.412861225583838,1.22154967792117 
 11/17  09:00:00,1.01339670623034,4.49963522974458,0.000000000000000E+000,3.28813065047000,0.000000000000000E+000,9.053303759093351E-002,9.053303759093351E-002,9.053303759093351E-002,0.233224210179219,5.081361315085800E-002,0.272663512968407,0.349050318651320,1.18746279133441 
 11/17  10:00:00,0.887459613203359,4.06042641364720,0.000000000000000E+000,2.95792567710504,0.000000000000000E+000,8.144141002373478E-002,8.144141002373478E-002,8.144141002373478E-002,0.129569005655122,2.822978508381000E-002,0.334037351732395,0.297070047018697,1.08203923087331 
 11/17  11:00:00,0.875628418830052,3.57532547227153,0.000000000000000E+000,2.59763696213161,0.000000000000000E+000,7.152147823160375E-002,7.152147823160375E-002,7.152147823160375E-002,0.110133654806853,2.399531732123850E-002,0.348809312112515,0.304056642668242,0.956745783735690 
 11/17  12:00:00,0.859129044028569,2.27495713990332,0.000000000000000E+000,1.40934829220018,0.000000000000000E+000,3.880398788236686E-002,3.880398788236686E-002,3.880398788236686E-002,0.110133654806853,2.399531732123850E-002,0.364934273051607,0.304149797276904,0.844659705022432 
 11/17  13:00:00,0.834094417319400,1.79747004177242,0.000000000000000E+000,1.01889911167483,0.000000000000000E+000,2.805363940311801E-002,2.805363940311801E-002,2.805363940311801E-002,0.110133654806853,2.399531732123850E-002,0.355773498298021,0.299026293800569,0.757974682622847 
 11/17  14:00:00,0.803468910883859,1.48708358601687,0.000000000000000E+000,0.759403354049933,0.000000000000000E+000,2.090886880941192E-002,2.090886880941192E-002,2.090886880941192E-002,0.110133654806853,2.399531732123850E-002,0.321952600894858,0.309366455361897,0.706371777803809 
 11/17  15:00:00,0.815956412955486,1.60150774168021,0.000000000000000E+000,0.923687653071037,0.000000000000000E+000,2.543215519912749E-002,2.543215519912749E-002,2.543215519912749E-002,0.123090555372366,2.681829582961950E-002,0.296717025683342,0.326786367181432,0.655311790745799 
 11/17  16:00:00,0.916730191227730,1.95169519655994,0.000000000000000E+000,1.26563878575011,0.000000000000000E+000,3.484719311578441E-002,3.484719311578441E-002,3.484719311578441E-002,0.174918157634414,3.811020986314350E-002,0.306791101054537,0.344951515870253,0.662296939034444 
 11/17  17:00:00,1.21218196256957,2.31889888396995,0.000000000000000E+000,1.56618615184504,0.000000000000000E+000,4.312224933614465E-002,4.312224933614465E-002,4.312224933614465E-002,0.317444063855048,6.916297345533449E-002,0.357323476299952,0.408017185933488,0.724609441178050 
 11/17  18:00:00,1.71817993535379,3.46188013616842,0.000000000000000E+000,2.57022149587035,0.000000000000000E+000,7.076664039167535E-002,7.076664039167535E-002,7.076664039167535E-002,0.563625174599779,0.122799546901809,0.448200887087803,0.495675672683124,0.857517633191177 
 11/17  19:00:00,1.98192642794669,3.03609625530112,0.000000000000000E+000,2.02016158353973,0.000000000000000E+000,5.562168417979980E-002,5.562168417979980E-002,5.562168417979980E-002,0.770935583647974,0.167967203035905,0.402135745161050,0.538154174232364,0.978867842583314 
 11/17  20:00:00,1.89257935831552,3.25663075946863,0.000000000000000E+000,2.21934747650285,0.000000000000000E+000,6.110592609477232E-002,6.110592609477232E-002,6.110592609477232E-002,0.770935583647974,0.167967203035905,0.319977700404031,0.555480931443240,0.999023026363943 
 11/17  21:00:00,1.81142965102252,3.54812555899451,0.000000000000000E+000,2.58204186927301,0.000000000000000E+000,7.109209409876811E-002,7.109209409876811E-002,7.109209409876811E-002,0.712629531103169,0.155263817960955,0.280754567951364,0.574577626218664,0.926508096442906 
 11/17  22:00:00,1.65591750913618,3.80305907817780,0.000000000000000E+000,2.92660037794212,0.000000000000000E+000,8.057892164108574E-002,8.057892164108574E-002,8.057892164108574E-002,0.602495876296315,0.131268500639717,0.263298834297921,0.561163362571536,0.837807050769032 
 11/17  23:00:00,1.34996165035547,4.07311368231012,0.000000000000000E+000,3.34391104326000,0.000000000000000E+000,9.206885503072149E-002,9.206885503072149E-002,9.206885503072149E-002,0.447013069510170,9.739275853914450E-002,0.210759978638061,0.485614974947777,0.695754589802171 
 11/17  24:00:00,1.06227008444547,4.34426958810167,0.000000000000000E+000,3.77359835350630,0.000000000000000E+000,0.103899558109784,0.103899558109784,0.103899558109784,0.310965613572292,6.775148420114399E-002,0.140551037640066,0.421990377232579,0.541605502177722 
 11/18  01:00:00,0.777037021300425,4.63622607952509,0.000000000000000E+000,4.21888738485915,0.000000000000000E+000,0.116159827819121,0.116159827819121,0.116159827819121,0.161961257068902,3.528723135476250E-002,9.746637271672108E-002,0.349050318651320,0.393296906725776 
 11/18  02:00:00,0.662476082560142,4.87507703379406,0.000000000000000E+000,4.54078611099634,0.000000000000000E+000,0.125022757115950,0.125022757115950,0.125022757115950,9.717675424134119E-002,2.117233881285750E-002,8.060881882127541E-002,0.321383399879117,0.312154768969690 
 11/18  03:00:00,0.611665467348924,5.07992000447736,0.000000000000000E+000,4.76831548865314,0.000000000000000E+000,0.131287388266631,0.131287388266631,0.131287388266631,6.478450282756079E-002,1.411489072062854E-002,6.670945631181069E-002,0.317657215532691,0.289725013055089 
 11/18  04:00:00,0.605868662062356,5.34553578588335,0.000000000000000E+000,5.02824089764253,0.000000000000000E+000,0.138443988573712,0.138443988573712,0.138443988573712,6.478450282756079E-002,1.411489072062854E-002,5.822747193387166E-002,0.313185794316982,0.295723366742326 
 11/18  05:00:00,0.613101297047223,5.67665781855351,0.000000000000000E+000,5.29491923787133,0.000000000000000E+000,0.145786519259702,0.145786519259702,0.145786519259702,6.478450282756079E-002,1.411489072062854E-002,6.994821153264806E-002,0.301355159017084,0.360981926295646 
 11/18  06:00:00,0.675521084310855,6.15688180645364,0.000000000000000E+000,5.49106500479582,0.000000000000000E+000,0.151187056518688,0.151187056518688,0.151187056518688,7.126295311031687E-002,1.552637997481904E-002,8.414454375261503E-002,0.336288137264814,0.642654043594310 
 11/18  07:00:00,0.860827218727063,7.04135089235840,0.000000000000000E+000,5.84308201034342,0.000000000000000E+000,0.160879240979586,0.160879240979586,0.160879240979586,0.123090555372366,2.681829582961950E-002,0.144379240132471,0.388547872723419,1.17150659285075 
 11/18  08:00:00,1.13077436831462,7.21245367321729,0.000000000000000E+000,5.86103203226435,0.000000000000000E+000,0.161373464044930,0.161373464044930,0.161373464044930,0.239702660461975,5.222510240504850E-002,0.232499890129222,0.412861225583838,1.32298470362956 
 11/18  09:00:00,1.10549137704564,6.77178158813558,0.000000000000000E+000,5.45486609273458,0.000000000000000E+000,0.150190381564205,0.150190381564205,0.150190381564205,0.233224210179219,5.081361315085800E-002,0.305100839810440,0.349050318651320,1.29287370746085 
 11/18  10:00:00,0.998879730210095,6.56866544622615,0.000000000000000E+000,5.36915350728104,0.000000000000000E+000,0.147830432539743,0.147830432539743,0.147830432539743,0.129569005655122,2.822978508381000E-002,0.379068446223123,0.297070047018697,1.17905043327628 
 11/18  11:00:00,1.02771987676199,7.33336275186290,0.000000000000000E+000,6.27228707092350,0.000000000000000E+000,0.172696666141255,0.172696666141255,0.172696666141255,0.110133654806853,2.399531732123850E-002,0.399725582134799,0.304056642668242,1.04013295453516 
 11/18  12:00:00,1.01413449878765,6.06667801993525,0.000000000000000E+000,5.13271998834223,0.000000000000000E+000,0.141320641131429,0.141320641131429,0.141320641131429,0.110133654806853,2.399531732123850E-002,0.417423074561626,0.304149797276904,0.913008888912321 
 11/18  13:00:00,0.985223127719152,5.60858510879958,0.000000000000000E+000,4.77138149394170,0.000000000000000E+000,0.131371805463375,0.131371805463375,0.131371805463375,0.110133654806853,2.399531732123850E-002,0.403584042637515,0.299026293800569,0.816607367383130 
 11/18  14:00:00,0.949162185718061,5.24599703337013,0.000000000000000E+000,4.46783147178118,0.000000000000000E+000,0.123014076258468,0.123014076258468,0.123014076258468,0.110133654806853,2.399531732123850E-002,0.365540668280003,0.309366455361897,0.756857107425827 
 11/18  15:00:00,0.946256115659415,4.95797182411901,0.000000000000000E+000,4.23510145491473,0.000000000000000E+000,0.116606254427392,0.116606254427392,0.116606254427392,0.123090555372366,2.681829582961950E-002,0.335842629159005,0.326786367181432,0.700362071340917 
 11/18  16:00:00,1.03438064119213,4.92326012084278,0.000000000000000E+000,4.19269409745573,0.000000000000000E+000,0.115438640577736,0.115438640577736,0.115438640577736,0.174918157634414,3.811020986314350E-002,0.343850103556979,0.344951515870253,0.706806551611656 
 11/18  17:00:00,1.32311940910334,5.09903151702059,0.000000000000000E+000,4.29087008088051,0.000000000000000E+000,0.118141747887858,0.118141747887858,0.118141747887858,0.317444063855048,6.916297345533449E-002,0.393241424282010,0.408017185933488,0.780058145193234 
 11/18  18:00:00,1.83019895272416,6.31360803391133,0.000000000000000E+000,5.35474428304211,0.000000000000000E+000,0.147433699265324,0.147433699265324,0.147433699265324,0.563625174599779,0.122799546901809,0.483552845584525,0.495675672683124,0.924722743762317 
 11/18  19:00:00,2.08236395052995,5.52533621314952,0.000000000000000E+000,4.42187936351108,0.000000000000000E+000,0.121748863775258,0.121748863775258,0.121748863775258,0.770935583647974,0.167967203035905,0.436446088148850,0.538154174232364,1.06639002046036 
 11/18  20:00:00,1.98981390854072,5.64250885811864,0.000000000000000E+000,4.50711550493682,0.000000000000000E+000,0.124095694730621,0.124095694730621,0.124095694730621,0.770935583647974,0.167967203035905,0.354222481993378,0.555480931443240,1.09713309657995 
 11/18  21:00:00,1.90817528131071,5.88934177421748,0.000000000000000E+000,4.82987508541162,0.000000000000000E+000,0.132982326175081,0.132982326175081,0.132982326175081,0.712629531103169,0.155263817960955,0.315609966163240,0.574577626218664,1.01989109552726 
 11/18  22:00:00,1.75568678180220,6.21173917137594,0.000000000000000E+000,5.25695751573204,0.000000000000000E+000,0.144741308353328,0.144741308353328,0.144741308353328,0.602495876296315,0.131268500639717,0.298905720251707,0.561163362571536,0.916130006177277 
 11/18  23:00:00,1.44660119712569,6.61658554341873,0.000000000000000E+000,5.82622700226093,0.000000000000000E+000,0.160415167242094,0.160415167242094,0.160415167242094,0.447013069510170,9.739275853914450E-002,0.239053213196901,0.485614974947777,0.756910491909837 
 11/18  24:00:00,1.15107644679582,7.04319634672585,0.000000000000000E+000,6.43479570696539,0.000000000000000E+000,0.177171062696491,0.177171062696491,0.177171062696491,0.310965613572292,6.775148420114399E-002,0.156085895403710,0.421990377232579,0.579334907342816 
 11/19  01:00:00,0.852748178879117,7.38536921421067,0.000000000000000E+000,6.96869214609909,0.000000000000000E+000,0.191870985397813,0.191870985397813,0.191870985397813,0.161961257068902,3.528723135476250E-002,9.746637271672108E-002,0.349050318651320,0.392635280171420 
 11/19  02:00:00,0.739959939526884,7.68843251297412,0.000000000000000E+000,7.35497474078881,0.000000000000000E+000,0.202506614082692,0.202506614082692,0.202506614082692,9.717675424134119E-002,2.117233881285750E-002,8.060881882127541E-002,0.321383399879117,0.311321618357298 
 11/19  03:00:00,0.690911664032261,7.95663302917578,0.000000000000000E+000,7.64651172708085,0.000000000000000E+000,0.210533584949969,0.210533584949969,0.210533584949969,6.478450282756079E-002,1.411489072062854E-002,6.670945631181069E-002,0.317657215532691,0.288241799325794 
 11/19  04:00:00,0.682622426796299,8.13190575378462,0.000000000000000E+000,7.81591281362294,0.000000000000000E+000,0.215197753307655,0.215197753307655,0.215197753307655,6.478450282756079E-002,1.411489072062854E-002,5.822747193387166E-002,0.313185794316982,0.294421418663196 
 11/19  05:00:00,0.685388588567949,8.30105611327722,0.000000000000000E+000,7.92037029102983,0.000000000000000E+000,0.218073810780426,0.218073810780426,0.218073810780426,6.478450282756079E-002,1.411489072062854E-002,6.994821153264806E-002,0.301355159017084,0.359929167860851 
 11/19  06:00:00,0.742146811073118,8.57661941528682,0.000000000000000E+000,7.91088985665496,0.000000000000000E+000,0.217812783280952,0.217812783280952,0.217812783280952,7.126295311031687E-002,1.552637997481904E-002,8.414454375261503E-002,0.336288137264814,0.642566800568349 
 11/19  07:00:00,0.922768902168309,9.29263982715855,0.000000000000000E+000,8.09278392341913,0.000000000000000E+000,0.222820924420834,0.222820924420834,0.222820924420834,0.123090555372366,2.681829582961950E-002,0.144379240132471,0.388547872723419,1.17309361457519 
 11/19  08:00:00,1.16863248645909,8.58923854147120,0.000000000000000E+000,7.23602664144140,0.000000000000000E+000,0.199231582189404,0.199231582189404,0.199231582189404,0.239702660461975,5.222510240504850E-002,0.232499890129222,0.412861225583838,1.32477496270639 
 11/19  09:00:00,1.13443893954840,7.82542369637634,0.000000000000000E+000,6.50623220232854,0.000000000000000E+000,0.179137944066960,0.179137944066960,0.179137944066960,0.233224210179219,5.081361315085800E-002,0.305100839810440,0.349050318651320,1.29514970610762 
 11/19  10:00:00,0.994059405146393,6.39563310106439,0.000000000000000E+000,5.19408085967139,0.000000000000000E+000,0.143010107476040,0.143010107476040,0.143010107476040,0.129569005655122,2.822978508381000E-002,0.379068446223123,0.297070047018697,1.18109073572417 
 11/19  11:00:00,0.983373397211286,5.72463947361847,0.000000000000000E+000,4.66163727355381,0.000000000000000E+000,0.128350186590553,0.128350186590553,0.128350186590553,0.110133654806853,2.399531732123850E-002,0.399725582134799,0.304056642668242,1.04205947366045 
 11/19  12:00:00,0.951621233846467,3.79837798241862,0.000000000000000E+000,2.86225842001593,0.000000000000000E+000,7.880737619024578E-002,7.880737619024578E-002,7.880737619024578E-002,0.110133654806853,2.399531732123850E-002,0.417423074561626,0.304149797276904,0.915170419721992 
 11/19  13:00:00,0.905805869132157,2.72682492593033,0.000000000000000E+000,1.88697234248789,0.000000000000000E+000,5.195454687638064E-002,5.195454687638064E-002,5.195454687638064E-002,0.110133654806853,2.399531732123850E-002,0.403584042637515,0.299026293800569,0.819256335967683 
 11/19  14:00:00,0.860810270812432,2.04037165962272,0.000000000000000E+000,1.25891849195196,0.000000000000000E+000,3.466216135283939E-002,3.466216135283939E-002,3.466216135283939E-002,0.110133654806853,2.399531732123850E-002,0.365540668280003,0.309366455361897,0.760144713507634 
 11/19  15:00:00,0.851838833755927,1.53202177857664,0.000000000000000E+000,0.805896307024977,0.000000000000000E+000,2.218897252390434E-002,2.218897252390434E-002,2.218897252390434E-002,0.123090555372366,2.681829582961950E-002,0.335842629159005,0.326786367181432,0.703617173688286 
 11/19  16:00:00,0.944943933712623,1.67843082285835,0.000000000000000E+000,0.944381802122729,0.000000000000000E+000,2.600193309823303E-002,2.600193309823303E-002,2.600193309823303E-002,0.174918157634414,3.811020986314350E-002,0.343850103556979,0.344951515870253,0.710289548960226 
 11/19  17:00:00,1.23530472326961,1.91380430040524,0.000000000000000E+000,1.10146908722376,0.000000000000000E+000,3.032706205412690E-002,3.032706205412690E-002,3.032706205412690E-002,0.317444063855048,6.916297345533449E-002,0.393241424282010,0.408017185933488,0.784231922234614 
 11/19  18:00:00,1.74489781974383,3.22043351851239,0.000000000000000E+000,2.25663471623624,0.000000000000000E+000,6.213256628498576E-002,6.213256628498576E-002,6.213256628498576E-002,0.563625174599779,0.122799546901809,0.483552845584525,0.495675672683124,0.929657795169252 
 11/19  19:00:00,2.00900995567614,2.86648559129556,0.000000000000000E+000,1.75768599022483,0.000000000000000E+000,4.839486892144500E-002,4.839486892144500E-002,4.839486892144500E-002,0.770935583647974,0.167967203035905,0.436446088148850,0.538154174232364,1.07173277189265 
 11/19  20:00:00,1.92149161195940,3.16607586044263,0.000000000000000E+000,2.02567178585391,0.000000000000000E+000,5.577339814930754E-002,5.577339814930754E-002,5.577339814930754E-002,0.770935583647974,0.167967203035905,0.354222481993378,0.555480931443240,1.10214381798688 
 11/19  21:00:00,1.84397055556296,3.56198543866565,0.000000000000000E+000,2.49798020754270,0.000000000000000E+000,6.877760042732660E-002,6.877760042732660E-002,6.877760042732660E-002,0.712629531103169,0.155263817960955,0.315609966163240,0.574577626218664,1.02442963784435 
 11/19  22:00:00,1.69164693700322,3.88985477180855,0.000000000000000E+000,2.93105106060658,0.000000000000000E+000,8.070146355434890E-002,8.070146355434890E-002,8.070146355434890E-002,0.602495876296315,0.131268500639717,0.298905720251707,0.561163362571536,0.920152061735330 
 11/19  23:00:00,1.38016954545939,4.20680933022185,0.000000000000000E+000,3.41345089513095,0.000000000000000E+000,9.398351557579480E-002,9.398351557579480E-002,9.398351557579480E-002,0.447013069510170,9.739275853914450E-002,0.239053213196901,0.485614974947777,0.759910385842956 
 11/19  24:00:00,1.08147746579306,4.51813600590247,0.000000000000000E+000,3.90698322252549,0.000000000000000E+000,0.107572081693739,0.107572081693739,0.107572081693739,0.310965613572292,6.775148420114399E-002,0.156085895403710,0.421990377232579,0.582087050959329 
 11/20  01:00:00,0.779853845866811,4.96408384157120,0.000000000000000E+000,4.55994777694116,0.000000000000000E+000,0.125550340721254,0.125550340721254,0.125550340721254,0.161961257068902,3.528723135476250E-002,9.089268438097377E-002,0.349050318651320,0.380094276689900 
 11/20  02:00:00,0.674659195348499,5.45393881546137,0.000000000000000E+000,5.12662758071617,0.000000000000000E+000,0.141152897137269,0.141152897137269,0.141152897137269,9.717675424134119E-002,2.117233881285750E-002,7.666179158831476E-002,0.321383399879117,0.305175080917180 
 11/20  03:00:00,0.633654853330183,5.96795102408783,0.000000000000000E+000,5.66180228816412,0.000000000000000E+000,0.155888014764111,0.155888014764111,0.155888014764111,6.478450282756079E-002,1.411489072062854E-002,6.409821579558966E-002,0.317657215532691,0.284269233154602 
 11/20  04:00:00,0.632802958723973,6.36738506260131,0.000000000000000E+000,6.05607692057844,0.000000000000000E+000,0.166743690499629,0.166743690499629,0.166743690499629,6.478450282756079E-002,1.411489072062854E-002,5.686206666957333E-002,0.313185794316982,0.289736620524378 
 11/20  05:00:00,0.641358379957935,6.78820091499786,0.000000000000000E+000,6.41822293777583,0.000000000000000E+000,0.176714759922813,0.176714759922813,0.176714759922813,6.478450282756079E-002,1.411489072062854E-002,6.727705378024802E-002,0.301355159017084,0.349221322835496 
 11/20  06:00:00,0.703980293920240,7.30625867021020,0.000000000000000E+000,6.67348496477781,0.000000000000000E+000,0.183742962005600,0.183742962005600,0.183742962005600,7.126295311031687E-002,1.552637997481904E-002,8.004784787508873E-002,0.336288137264814,0.609610947368887 
 11/20  07:00:00,0.868720581436462,7.63853389829992,0.000000000000000E+000,6.51568186814302,0.000000000000000E+000,0.179398124406899,0.179398124406899,0.179398124406899,0.123090555372366,2.681829582961950E-002,0.133753719414558,0.388547872723419,1.09608974099269 
 11/20  08:00:00,1.13643008277752,8.09406997362591,0.000000000000000E+000,6.83502018974447,0.000000000000000E+000,0.188190557356495,0.188190557356495,0.188190557356495,0.239702660461975,5.222510240504850E-002,0.211338511280563,0.412861225583838,1.23061284655803 
 11/20  09:00:00,1.08527355191639,7.11833592195276,0.000000000000000E+000,5.89867444363545,0.000000000000000E+000,0.162409883276990,0.162409883276990,0.162409883276990,0.233224210179219,5.081361315085800E-002,0.272663512968407,0.349050318651320,1.19561969037716 
 11/20  10:00:00,0.932006479098292,5.68541777064399,0.000000000000000E+000,4.57585344170019,0.000000000000000E+000,0.125988275918668,0.125988275918668,0.125988275918668,0.129569005655122,2.822978508381000E-002,0.334037351732395,0.297070047018697,1.08910282327498 
 11/20  11:00:00,0.913818010808454,4.96863091278674,0.000000000000000E+000,3.98467059377131,0.000000000000000E+000,0.109711070210006,0.109711070210006,0.109711070210006,0.110133654806853,2.399531732123850E-002,0.348809312112515,0.304056642668242,0.963017592611188 
 11/20  12:00:00,0.877374069753733,2.94253578667100,0.000000000000000E+000,2.07200172681264,0.000000000000000E+000,5.704901360753243E-002,5.704901360753243E-002,5.704901360753243E-002,0.110133654806853,2.399531732123850E-002,0.364934273051607,0.304149797276904,0.849584917177665 
 11/20  13:00:00,0.835848860093700,1.86580848376822,0.000000000000000E+000,1.08261990591948,0.000000000000000E+000,2.980808217741944E-002,2.980808217741944E-002,2.980808217741944E-002,0.110133654806853,2.399531732123850E-002,0.355773498298021,0.299026293800569,0.762592330373982 
 11/20  14:00:00,0.796146390359708,1.22604623971002,0.000000000000000E+000,0.493451776428653,0.000000000000000E+000,1.358634828526121E-002,1.358634828526121E-002,1.358634828526121E-002,0.110133654806853,2.399531732123850E-002,0.321952600894858,0.309366455361897,0.711286009118238 
 11/20  15:00:00,0.793855873643282,0.803311381233452,0.000000000000000E+000,0.121003211699257,0.000000000000000E+000,3.331615886925494E-003,3.331615886925494E-003,3.331615886925494E-003,0.123090555372366,2.681829582961950E-002,0.296717025683342,0.326786367181432,0.659799871670820 
 11/20  16:00:00,0.890894734009670,1.01806568663366,0.000000000000000E+000,0.327303333763457,0.000000000000000E+000,9.011735897723311E-003,9.011735897723311E-003,9.011735897723311E-003,0.174918157634414,3.811020986314350E-002,0.306791101054537,0.344951515870253,0.667002881094814 
 11/20  17:00:00,1.19087734029648,1.55101586603206,0.000000000000000E+000,0.792409159965596,0.000000000000000E+000,2.181762706305816E-002,2.181762706305816E-002,2.181762706305816E-002,0.317444063855048,6.916297345533449E-002,0.357323476299952,0.408017185933488,0.730503415119603 
 11/20  18:00:00,1.70760575896188,3.08524132069730,0.000000000000000E+000,2.18617082858986,0.000000000000000E+000,6.019246399976156E-002,6.019246399976156E-002,6.019246399976156E-002,0.563625174599779,0.122799546901809,0.448200887087803,0.495675672683124,0.864929485000529 
 11/20  19:00:00,1.97368854300144,2.74520798725085,0.000000000000000E+000,1.72096426613693,0.000000000000000E+000,4.738379923454600E-002,4.738379923454600E-002,4.738379923454600E-002,0.770935583647974,0.167967203035905,0.402135745161050,0.538154174232364,0.987176891935837 
 11/20  20:00:00,1.88754999917087,3.08202988671874,0.000000000000000E+000,2.03668277866672,0.000000000000000E+000,5.607656695012545E-002,5.607656695012545E-002,5.607656695012545E-002,0.770935583647974,0.167967203035905,0.319977700404031,0.555480931443240,1.00708685145017 
 11/20  21:00:00,1.81046874362309,3.52051431486631,0.000000000000000E+000,2.54714202324541,0.000000000000000E+000,7.013118669933670E-002,7.013118669933670E-002,7.013118669933670E-002,0.712629531103169,0.155263817960955,0.280754567951364,0.574577626218664,0.933796698342300 
 11/20  22:00:00,1.66240286143894,4.04487983943034,0.000000000000000E+000,3.16214627647022,0.000000000000000E+000,8.706427394385566E-002,8.706427394385566E-002,8.706427394385566E-002,0.602495876296315,0.131268500639717,0.263298834297921,0.561163362571536,0.844081913493471 
 11/20  23:00:00,1.36415458859779,4.59312202723210,0.000000000000000E+000,3.85939397078135,0.000000000000000E+000,0.106261793273034,0.106261793273034,0.106261793273034,0.447013069510170,9.739275853914450E-002,0.210759978638061,0.485614974947777,0.700280007202808 
 11/20  24:00:00,1.08411162816015,5.14085023318379,0.000000000000000E+000,4.56687615852539,0.000000000000000E+000,0.125741101824472,0.125741101824472,0.125741101824472,0.310965613572292,6.775148420114399E-002,0.140551037640066,0.421990377232579,0.544908342240758 
 11/21  01:00:00,0.795812317243828,5.54418788370551,0.000000000000000E+000,5.13955429701076,0.000000000000000E+000,0.141508812098269,0.141508812098269,0.141508812098269,0.161961257068902,3.528723135476250E-002,9.089268438097377E-002,0.349050318651320,0.380591798754598 
 11/21  02:00:00,0.686311787687283,5.87732355393253,0.000000000000000E+000,5.54984596646958,0.000000000000000E+000,0.152805489476053,0.152805489476053,0.152805489476053,9.717675424134119E-002,2.117233881285750E-002,7.666179158831476E-002,0.321383399879117,0.305341433634924 
 11/21  03:00:00,0.638277587187456,6.13582026731859,0.000000000000000E+000,5.82969848704945,0.000000000000000E+000,0.160510748621383,0.160510748621383,0.160510748621383,6.478450282756079E-002,1.411489072062854E-002,6.409821579558966E-002,0.317657215532691,0.284242277500018 
 11/21  04:00:00,0.633038379524590,6.37604116328196,0.000000000000000E+000,6.06462732793095,0.000000000000000E+000,0.166979111300245,0.166979111300245,0.166979111300245,6.478450282756079E-002,1.411489072062854E-002,5.686206666957333E-002,0.313185794316982,0.289842313852527 
 11/21  05:00:00,0.635889321609750,6.58971776448294,0.000000000000000E+000,6.21958850704866,0.000000000000000E+000,0.171245701574628,0.171245701574628,0.171245701574628,6.478450282756079E-002,1.411489072062854E-002,6.727705378024802E-002,0.301355159017084,0.349372603047742 
 11/21  06:00:00,0.693275558912767,6.91847099636879,0.000000000000000E+000,6.28469245079780,0.000000000000000E+000,0.173038226998129,0.173038226998129,0.173038226998129,7.126295311031687E-002,1.552637997481904E-002,8.004784787508873E-002,0.336288137264814,0.610615787507461 
 11/21  07:00:00,0.854588028193831,7.12799972390250,0.000000000000000E+000,6.00239210428401,0.000000000000000E+000,0.165265571164269,0.165265571164269,0.165265571164269,0.123090555372366,2.681829582961950E-002,0.133753719414558,0.388547872723419,1.09884533045425 
 11/21  08:00:00,1.10447187183195,6.93671423064181,0.000000000000000E+000,5.67430830223290,0.000000000000000E+000,0.156232346410921,0.156232346410921,0.156232346410921,0.239702660461975,5.222510240504850E-002,0.211338511280563,0.412861225583838,1.23396899108552 
 11/21  09:00:00,1.07351533065879,6.69505179888432,0.000000000000000E+000,5.47161964970691,0.000000000000000E+000,0.150651662019391,0.150651662019391,0.150651662019391,0.233224210179219,5.081361315085800E-002,0.272663512968407,0.349050318651320,1.19939036123725 
 11/21  10:00:00,0.943526497594003,6.10714505436883,0.000000000000000E+000,4.99425678834240,0.000000000000000E+000,0.137508294414381,0.137508294414381,0.137508294414381,0.129569005655122,2.822978508381000E-002,0.334037351732395,0.297070047018697,1.09242676035759 
 11/21  11:00:00,0.942110623833260,5.99870188880659,0.000000000000000E+000,5.01224915011108,0.000000000000000E+000,0.138003683234809,0.138003683234809,0.138003683234809,0.110133654806853,2.399531732123850E-002,0.348809312112515,0.304056642668242,0.965510012291275 
 11/21  12:00:00,0.913283264119499,4.24857211060975,0.000000000000000E+000,3.37621205455257,0.000000000000000E+000,9.295820797329937E-002,9.295820797329937E-002,9.295820797329937E-002,0.110133654806853,2.399531732123850E-002,0.364934273051607,0.304149797276904,0.851410913376469 
 11/21  13:00:00,0.874857731383142,3.28370590462009,0.000000000000000E+000,2.49940949721337,0.000000000000000E+000,6.881695346686123E-002,6.881695346686123E-002,6.881695346686123E-002,0.110133654806853,2.399531732123850E-002,0.355773498298021,0.299026293800569,0.763700159931984 
 11/21  14:00:00,0.840763394678966,2.84688871469721,0.000000000000000E+000,2.11392694591522,0.000000000000000E+000,5.820335260451816E-002,5.820335260451816E-002,5.820335260451816E-002,0.110133654806853,2.399531732123850E-002,0.321952600894858,0.309366455361897,0.711653314618852 
 11/21  15:00:00,0.843658195526655,2.61189677707666,0.000000000000000E+000,1.92980743838619,0.000000000000000E+000,5.313393777029705E-002,5.313393777029705E-002,5.313393777029705E-002,0.123090555372366,2.681829582961950E-002,0.296717025683342,0.326786367181432,0.659581040827097 
 11/21  16:00:00,0.937116254177959,2.69609980038808,0.000000000000000E+000,2.00605400004940,0.000000000000000E+000,5.523325606601284E-002,5.523325606601284E-002,5.523325606601284E-002,0.174918157634414,3.811020986314350E-002,0.306791101054537,0.344951515870253,0.666286328563295 
 11/21  17:00:00,1.22534964761549,2.80240140658847,0.000000000000000E+000,2.04443221480006,0.000000000000000E+000,5.628993438206370E-002,5.628993438206370E-002,5.628993438206370E-002,0.317444063855048,6.916297345533449E-002,0.357323476299952,0.408017185933488,0.729865900841559 
 11/21  18:00:00,1.72214253626129,3.61304286920546,0.000000000000000E+000,2.71414187948110,0.000000000000000E+000,7.472924129917576E-002,7.472924129917576E-002,7.472924129917576E-002,0.563625174599779,0.122799546901809,0.448200887087803,0.495675672683124,0.864759982617452 
 11/21  19:00:00,1.98258097465216,3.06917667153468,0.000000000000000E+000,2.04393450822744,0.000000000000000E+000,5.627623088526341E-002,5.627623088526341E-002,5.627623088526341E-002,0.770935583647974,0.167967203035905,0.402135745161050,0.538154174232364,0.988175334129165 
 11/21  20:00:00,1.88899764227661,3.13617555441760,0.000000000000000E+000,2.08926070815599,0.000000000000000E+000,5.752421005585956E-002,5.752421005585956E-002,5.752421005585956E-002,0.770935583647974,0.167967203035905,0.319977700404031,0.555480931443240,1.00865458965976 
 11/21  21:00:00,1.80500530076482,3.32373824657719,0.000000000000000E+000,2.34871154529619,0.000000000000000E+000,6.466774384106812E-002,6.466774384106812E-002,6.466774384106812E-002,0.712629531103169,0.155263817960955,0.280754567951364,0.574577626218664,0.935451108002421 
 11/21  22:00:00,1.65115701902451,3.63824156876745,0.000000000000000E+000,2.75370091644220,0.000000000000000E+000,7.581843152942058E-002,7.581843152942058E-002,7.581843152942058E-002,0.602495876296315,0.131268500639717,0.263298834297921,0.561163362571536,0.845889002858608 
 11/21  23:00:00,1.34902964724172,4.04548594734681,0.000000000000000E+000,3.31006099154151,0.000000000000000E+000,9.113685191696237E-002,9.113685191696237E-002,9.113685191696237E-002,0.447013069510170,9.739275853914450E-002,0.210759978638061,0.485614974947777,0.701976906557357 
 11/21  24:00:00,1.06646665866163,4.50110718207017,0.000000000000000E+000,3.92601657202999,0.000000000000000E+000,0.108096132325951,0.108096132325951,0.108096132325951,0.310965613572292,6.775148420114399E-002,0.140551037640066,0.421990377232579,0.546024877622528 
 11/22  01:00:00,0.778793297941887,4.92663557949248,0.000000000000000E+000,4.52142901924743,0.000000000000000E+000,0.124489792796328,0.124489792796328,0.124489792796328,0.161961257068902,3.528723135476250E-002,9.089268438097377E-002,0.349050318651320,0.381164772304891 
 11/22  02:00:00,0.671461548980370,5.33851909883906,0.000000000000000E+000,5.01049009861909,0.000000000000000E+000,0.137955250769140,0.137955250769140,0.137955250769140,9.717675424134119E-002,2.117233881285750E-002,7.666179158831476E-002,0.321383399879117,0.305892846391956 
 11/22  03:00:00,0.626806448340791,5.71966888342911,0.000000000000000E+000,5.41307043345494,0.000000000000000E+000,0.149039609774720,0.149039609774720,0.149039609774720,6.478450282756079E-002,1.411489072062854E-002,6.409821579558966E-002,0.317657215532691,0.284718947205051 
 11/22  04:00:00,0.623115366955028,6.01624361884807,0.000000000000000E+000,5.70422672011750,0.000000000000000E+000,0.157056098730684,0.157056098730684,0.157056098730684,6.478450282756079E-002,1.411489072062854E-002,5.686206666957333E-002,0.313185794316982,0.290445377232108 
 11/22  05:00:00,0.627689020986132,6.29280094577306,0.000000000000000E+000,5.92175624005437,0.000000000000000E+000,0.163045400951010,0.163045400951010,0.163045400951010,6.478450282756079E-002,1.411489072062854E-002,6.727705378024802E-002,0.301355159017084,0.350288051332150 
 11/22  06:00:00,0.686582639119847,6.67697216427540,0.000000000000000E+000,6.04160776814660,0.000000000000000E+000,0.166345307205208,0.166345307205208,0.166345307205208,7.126295311031687E-002,1.552637997481904E-002,8.004784787508873E-002,0.336288137264814,0.612201638065296 
 11/22  07:00:00,0.860834353793613,7.35774512590497,0.000000000000000E+000,6.22925663025140,0.000000000000000E+000,0.171511896764050,0.171511896764050,0.171511896764050,0.123090555372366,2.681829582961950E-002,0.133753719414558,0.388547872723419,1.10172620648935 
 11/22  08:00:00,1.09951656557114,6.75996936980634,0.000000000000000E+000,5.49433318119195,0.000000000000000E+000,0.151277040150111,0.151277040150111,0.151277040150111,0.239702660461975,5.222510240504850E-002,0.211338511280563,0.412861225583838,1.23719925129101 
 11/22  09:00:00,1.06631541090607,6.43678354473441,0.000000000000000E+000,5.21012089245971,0.000000000000000E+000,0.143451742266671,0.143451742266671,0.143451742266671,0.233224210179219,5.081361315085800E-002,0.272663512968407,0.349050318651320,1.20262086433453 
 11/22  10:00:00,0.935106406343838,5.80427613665317,0.000000000000000E+000,4.68844179686360,0.000000000000000E+000,0.129088203164215,0.129088203164215,0.129088203164215,0.129569005655122,2.822978508381000E-002,0.334037351732395,0.297070047018697,1.09537283412072 
 11/22  11:00:00,0.934192911381351,5.71365572100878,0.000000000000000E+000,4.72468039413532,0.000000000000000E+000,0.130085970782900,0.130085970782900,0.130085970782900,0.110133654806853,2.399531732123850E-002,0.348809312112515,0.304056642668242,0.968032600469241 
 11/22  12:00:00,0.910604686906770,4.15340246415762,0.000000000000000E+000,3.27892699633303,0.000000000000000E+000,9.027963076056988E-002,9.027963076056988E-002,9.027963076056988E-002,0.110133654806853,2.399531732123850E-002,0.364934273051607,0.304149797276904,0.853526325143897 
 11/22  13:00:00,0.870613022473763,3.13123153365136,0.000000000000000E+000,2.34524304219707,0.000000000000000E+000,6.457224455748238E-002,6.457224455748238E-002,6.457224455748238E-002,0.110133654806853,2.399531732123850E-002,0.355773498298021,0.299026293800569,0.765392243979539 
 11/22  14:00:00,0.823324951146245,2.21501660907399,0.000000000000000E+000,1.48056831571527,0.000000000000000E+000,4.076490907179616E-002,4.076490907179616E-002,4.076490907179616E-002,0.110133654806853,2.399531732123850E-002,0.321952600894858,0.309366455361897,0.713139839195587 
 11/22  15:00:00,0.815515769348702,1.59158798321583,0.000000000000000E+000,0.907683619759556,0.000000000000000E+000,2.499151159234514E-002,2.499151159234514E-002,2.499151159234514E-002,0.123090555372366,2.681829582961950E-002,0.296717025683342,0.326786367181432,0.661396065592896 
 11/22  16:00:00,0.910875091690446,1.74507294851150,0.000000000000000E+000,1.05298346386543,0.000000000000000E+000,2.899209357850020E-002,2.899209357850020E-002,2.899209357850020E-002,0.174918157634414,3.811020986314350E-002,0.306791101054537,0.344951515870253,0.668330012870674 
 11/22  17:00:00,1.20539808364203,2.08057743598003,0.000000000000000E+000,1.31979786283723,0.000000000000000E+000,3.633837040860835E-002,3.633837040860835E-002,3.633837040860835E-002,0.317444063855048,6.916297345533449E-002,0.357323476299952,0.408017185933488,0.732676282195932 
 11/22  18:00:00,1.71121194865181,3.21947804755560,0.000000000000000E+000,2.31714647202784,0.000000000000000E+000,6.379865368969129E-002,6.379865368969129E-002,6.379865368969129E-002,0.563625174599779,0.122799546901809,0.448200887087803,0.495675672683124,0.868190568420846 
 11/22  19:00:00,1.97552220848951,2.81607540331335,0.000000000000000E+000,1.78756240372801,0.000000000000000E+000,4.921746472261222E-002,4.921746472261222E-002,4.921746472261222E-002,0.770935583647974,0.167967203035905,0.402135745161050,0.538154174232364,0.991446170407268 
 11/22  20:00:00,1.88680976258451,3.05981762485247,0.000000000000000E+000,2.00979762521338,0.000000000000000E+000,5.533633036375943E-002,5.533633036375943E-002,5.533633036375943E-002,0.770935583647974,0.167967203035905,0.319977700404031,0.555480931443240,1.01175974303725 
 11/22  21:00:00,1.80703997127132,3.40031850443329,0.000000000000000E+000,2.42261012015969,0.000000000000000E+000,6.670241434756934E-002,6.670241434756934E-002,6.670241434756934E-002,0.712629531103169,0.155263817960955,0.280754567951364,0.574577626218664,0.938132790995016 
 11/22  22:00:00,1.65349042869056,3.72517737291163,0.000000000000000E+000,2.83844960098011,0.000000000000000E+000,7.815184119547461E-002,7.815184119547461E-002,7.815184119547461E-002,0.602495876296315,0.131268500639717,0.263298834297921,0.561163362571536,0.848076122464852 
 11/22  23:00:00,1.34951160356020,4.06461905256031,0.000000000000000E+000,3.32756548918307,0.000000000000000E+000,9.161880823544628E-002,9.161880823544628E-002,9.161880823544628E-002,0.447013069510170,9.739275853914450E-002,0.210759978638061,0.485614974947777,0.703605514129303 
 11/22  24:00:00,1.06362211523471,4.39866041376702,0.000000000000000E+000,3.82270367457805,0.000000000000000E+000,0.105251588899031,0.105251588899031,0.105251588899031,0.310965613572292,6.775148420114399E-002,0.140551037640066,0.421990377232579,0.546891006771325 
 11/23  01:00:00,0.772752074471637,4.70803006853368,0.000000000000000E+000,4.30201373630271,0.000000000000000E+000,0.118448569326080,0.118448569326080,0.118448569326080,0.161961257068902,3.528723135476250E-002,9.089268438097377E-002,0.349050318651320,0.381974544290833 
 11/23  02:00:00,0.661039084271894,4.95995464387851,0.000000000000000E+000,4.63194955062348,0.000000000000000E+000,0.127532786060664,0.127532786060664,0.127532786060664,9.717675424134119E-002,2.117233881285750E-002,7.666179158831476E-002,0.321383399879117,0.305868939427034 
 11/23  03:00:00,0.611841765643360,5.17651394957957,0.000000000000000E+000,4.86955799687556,0.000000000000000E+000,0.134074927077289,0.134074927077289,0.134074927077289,6.478450282756079E-002,1.411489072062854E-002,6.409821579558966E-002,0.317657215532691,0.285076449934858 
 11/23  04:00:00,0.602251275498493,5.25878278267222,0.000000000000000E+000,4.94644966504476,0.000000000000000E+000,0.136192007274147,0.136192007274147,0.136192007274147,6.478450282756079E-002,1.411489072062854E-002,5.686206666957333E-002,0.313185794316982,0.290761596129002 
 11/23  05:00:00,0.599576189355529,5.27215335308242,0.000000000000000E+000,4.90070728581775,0.000000000000000E+000,0.134932569320407,0.134932569320407,0.134932569320407,6.478450282756079E-002,1.411489072062854E-002,6.727705378024802E-002,0.301355159017084,0.350689412878131 
 11/23  06:00:00,0.650941827595373,5.38390473266709,0.000000000000000E+000,4.74714501841792,0.000000000000000E+000,0.130704495680733,0.130704495680733,0.130704495680733,7.126295311031687E-002,1.552637997481904E-002,8.004784787508873E-002,0.336288137264814,0.613596956185669 
 11/23  07:00:00,0.823436924702949,6.00282084976231,0.000000000000000E+000,4.87099409853994,0.000000000000000E+000,0.134114467673387,0.134114467673387,0.134114467673387,0.123090555372366,2.681829582961950E-002,0.133753719414558,0.388547872723419,1.10506446205813 
 11/23  08:00:00,1.06692927280973,5.58041400433616,0.000000000000000E+000,4.31077324554975,0.000000000000000E+000,0.118689747388706,0.118689747388706,0.118689747388706,0.239702660461975,5.222510240504850E-002,0.211338511280563,0.412861225583838,1.24120382146302 
 11/23  09:00:00,1.03814923174794,5.41774037625656,0.000000000000000E+000,4.18713437327371,0.000000000000000E+000,0.115285563108538,0.115285563108538,0.115285563108538,0.233224210179219,5.081361315085800E-002,0.272663512968407,0.349050318651320,1.20656421504268 
 11/23  10:00:00,0.917919321647931,5.18388103644215,0.000000000000000E+000,4.06421243833713,0.000000000000000E+000,0.111901118468307,0.111901118468307,0.111901118468307,0.129569005655122,2.822978508381000E-002,0.334037351732395,0.297070047018697,1.09920709243616 
 11/23  11:00:00,0.935781897999325,5.77480120284729,0.000000000000000E+000,4.78239187428427,0.000000000000000E+000,0.131674957400876,0.131674957400876,0.131674957400876,0.110133654806853,2.399531732123850E-002,0.348809312112515,0.304056642668242,0.971466602158813 
 11/23  12:00:00,0.956790400574650,5.83429947005112,0.000000000000000E+000,4.95637718210249,0.000000000000000E+000,0.136465344428449,0.136465344428449,0.136465344428449,0.110133654806853,2.399531732123850E-002,0.364934273051607,0.304149797276904,0.856973145267920 
 11/23  13:00:00,0.912678198654028,4.66047658597834,0.000000000000000E+000,3.87303663883650,0.000000000000000E+000,0.106637420737746,0.106637420737746,0.106637420737746,0.110133654806853,2.399531732123850E-002,0.355773498298021,0.299026293800569,0.766843699667077 
 11/23  14:00:00,0.881646554915746,4.33395659192742,0.000000000000000E+000,3.59879010570492,0.000000000000000E+000,9.908651284129852E-002,9.908651284129852E-002,9.908651284129852E-002,0.110133654806853,2.399531732123850E-002,0.321952600894858,0.309366455361897,0.713858032059349 
 11/23  15:00:00,0.886097800208445,4.15556208630468,0.000000000000000E+000,3.47120015712557,0.000000000000000E+000,9.557354245208696E-002,9.557354245208696E-002,9.557354245208696E-002,0.123090555372366,2.681829582961950E-002,0.296717025683342,0.326786367181432,0.661853631315729 
 11/23  16:00:00,0.975085186143419,4.07722458287578,0.000000000000000E+000,3.38507333137178,0.000000000000000E+000,9.320218803147104E-002,9.320218803147104E-002,9.320218803147104E-002,0.174918157634414,3.811020986314350E-002,0.306791101054537,0.344951515870253,0.668391779728607 
 11/23  17:00:00,1.25820889994679,3.99809396557111,0.000000000000000E+000,3.23786963407980,0.000000000000000E+000,8.914918671336480E-002,8.914918671336480E-002,8.914918671336480E-002,0.317444063855048,6.916297345533449E-002,0.357323476299952,0.408017185933488,0.732121040544458 
 11/23  18:00:00,1.75403854057569,4.77448342280713,0.000000000000000E+000,3.87259444226358,0.000000000000000E+000,0.106625245613575,0.106625245613575,0.106625245613575,0.563625174599779,0.122799546901809,0.448200887087803,0.495675672683124,0.867747973436665 
 11/23  19:00:00,2.00770789417204,3.98564953070874,0.000000000000000E+000,2.95653610012957,0.000000000000000E+000,8.140315040514656E-002,8.140315040514656E-002,8.140315040514656E-002,0.770935583647974,0.167967203035905,0.402135745161050,0.538154174232364,0.992046601401099 
 11/23  20:00:00,1.91086407885632,3.93407083990207,0.000000000000000E+000,2.88344261398336,0.000000000000000E+000,7.939064663557149E-002,7.939064663557149E-002,7.939064663557149E-002,0.770935583647974,0.167967203035905,0.319977700404031,0.555480931443240,1.01236796931686 
 11/23  21:00:00,1.82373136057462,4.00777027038590,0.000000000000000E+000,3.02883598231501,0.000000000000000E+000,8.339380365086789E-002,8.339380365086789E-002,8.339380365086789E-002,0.712629531103169,0.155263817960955,0.280754567951364,0.574577626218664,0.939358694792321 
 11/23  22:00:00,1.66348851650342,4.08928255783323,0.000000000000000E+000,3.20157691735365,0.000000000000000E+000,8.814992900832956E-002,8.814992900832956E-002,8.814992900832956E-002,0.602495876296315,0.131268500639717,0.263298834297921,0.561163362571536,0.849053991012933 
 11/23  23:00:00,1.35378129245042,4.22021733113447,0.000000000000000E+000,3.48263920902605,0.000000000000000E+000,9.588849712566855E-002,9.588849712566855E-002,9.588849712566855E-002,0.447013069510170,9.739275853914450E-002,0.210759978638061,0.485614974947777,0.704130072860455 
 11/23  24:00:00,1.06303572209819,4.37809275408179,0.000000000000000E+000,3.80140606547600,0.000000000000000E+000,0.104665195762507,0.104665195762507,0.104665195762507,0.310965613572292,6.775148420114399E-002,0.140551037640066,0.421990377232579,0.547620956188151 
 11/24  01:00:00,0.771959545161775,4.67931576703226,0.000000000000000E+000,4.27322932804139,0.000000000000000E+000,0.117656040016218,0.117656040016218,0.117656040016218,0.161961257068902,3.528723135476250E-002,9.089268438097377E-002,0.349050318651320,0.382044651050693 
 11/24  02:00:00,0.662918090009631,5.02866172096941,0.000000000000000E+000,4.70019443142134,0.000000000000000E+000,0.129411791798401,0.129411791798401,0.129411791798401,9.717675424134119E-002,2.117233881285750E-002,7.666179158831476E-002,0.321383399879117,0.306331135720060 
 11/24  03:00:00,0.617938891040406,5.39803665535326,0.000000000000000E+000,5.09100361972514,0.000000000000000E+000,0.140172052474336,0.140172052474336,0.140172052474336,6.478450282756079E-002,1.411489072062854E-002,6.409821579558966E-002,0.317657215532691,0.285153532859013 
 11/24  04:00:00,0.613792360729460,5.67802815387317,0.000000000000000E+000,5.36561814869931,0.000000000000000E+000,0.147733092505115,0.147733092505115,0.147733092505115,6.478450282756079E-002,1.411489072062854E-002,5.686206666957333E-002,0.313185794316982,0.290838483675370 
 11/24  05:00:00,0.619049605573033,5.97985718607617,0.000000000000000E+000,5.60797546589864,0.000000000000000E+000,0.154405985537911,0.154405985537911,0.154405985537911,6.478450282756079E-002,1.411489072062854E-002,6.727705378024802E-002,0.301355159017084,0.351125065790981 
 11/24  06:00:00,0.683250769110675,6.55872453199193,0.000000000000000E+000,5.92059532680953,0.000000000000000E+000,0.163013437196036,0.163013437196036,0.163013437196036,7.126295311031687E-002,1.552637997481904E-002,8.004784787508873E-002,0.336288137264814,0.614966447118886 
 11/24  07:00:00,0.861493846176037,7.38779534998427,0.000000000000000E+000,6.25320918032709,0.000000000000000E+000,0.172171389146475,0.172171389146475,0.172171389146475,0.123090555372366,2.681829582961950E-002,0.133753719414558,0.388547872723419,1.10782388049295 
 11/24  08:00:00,1.12085124104871,7.54187696471858,0.000000000000000E+000,6.26920169574032,0.000000000000000E+000,0.172611715627685,0.172611715627685,0.172611715627685,0.239702660461975,5.222510240504850E-002,0.211338511280563,0.412861225583838,1.24423833165487 
 11/24  09:00:00,1.08246461499149,7.02971281053947,0.000000000000000E+000,5.79665476282293,0.000000000000000E+000,0.159600946352086,0.159600946352086,0.159600946352086,0.233224210179219,5.081361315085800E-002,0.272663512968407,0.349050318651320,1.20901625977639 
 11/24  10:00:00,0.961281207257103,6.76074705811124,0.000000000000000E+000,5.63910210212960,0.000000000000000E+000,0.155263004077480,0.155263004077480,0.155263004077480,0.129569005655122,2.822978508381000E-002,0.334037351732395,0.297070047018697,1.10118345031278 
 11/24  11:00:00,0.979772195342335,7.37406882548159,0.000000000000000E+000,6.38010524904598,0.000000000000000E+000,0.175665254743886,0.175665254743886,0.175665254743886,0.110133654806853,2.399531732123850E-002,0.348809312112515,0.304056642668242,0.973020850031377 
 11/24  12:00:00,0.964406362357011,6.11139411621560,0.000000000000000E+000,5.23298645133456,0.000000000000000E+000,0.144081306210810,0.144081306210810,0.144081306210810,0.110133654806853,2.399531732123850E-002,0.364934273051607,0.304149797276904,0.857458522200336 
 11/24  13:00:00,0.932079591118029,5.36669136932147,0.000000000000000E+000,4.57768893947983,0.000000000000000E+000,0.126038813201747,0.126038813201747,0.126038813201747,0.110133654806853,2.399531732123850E-002,0.355773498298021,0.299026293800569,0.768406182366882 
 11/24  14:00:00,0.894118499827611,4.78835121851722,0.000000000000000E+000,4.05176711196615,0.000000000000000E+000,0.111558457753163,0.111558457753163,0.111558457753163,0.110133654806853,2.399531732123850E-002,0.321952600894858,0.309366455361897,0.715275652387947 
 11/24  15:00:00,0.887698945578430,4.21458516559413,0.000000000000000E+000,3.52935323921586,0.000000000000000E+000,9.717468782207306E-002,9.717468782207306E-002,9.717468782207306E-002,0.123090555372366,2.681829582961950E-002,0.296717025683342,0.326786367181432,0.662723628514881 
 11/24  16:00:00,0.979236116168983,4.22922914250333,0.000000000000000E+000,3.53583376765245,0.000000000000000E+000,9.735311805703742E-002,9.735311805703742E-002,9.735311805703742E-002,0.174918157634414,3.811020986314350E-002,0.306791101054537,0.344951515870253,0.669635903075519 
 11/24  17:00:00,1.26651874984883,4.30179010160794,0.000000000000000E+000,3.53968069544265,0.000000000000000E+000,9.745903661541108E-002,9.745903661541108E-002,9.745903661541108E-002,0.317444063855048,6.916297345533449E-002,0.357323476299952,0.408017185933488,0.734006115218428 
 11/24  18:00:00,1.77181109537810,5.42232382606109,0.000000000000000E+000,4.51808788574003,0.000000000000000E+000,0.124397800415983,0.124397800415983,0.124397800415983,0.563625174599779,0.122799546901809,0.448200887087803,0.495675672683124,0.870094933214154 
 11/24  19:00:00,2.02513107760037,4.62067534779374,0.000000000000000E+000,3.58934048827248,0.000000000000000E+000,9.882633383347575E-002,9.882633383347575E-002,9.882633383347575E-002,0.770935583647974,0.167967203035905,0.402135745161050,0.538154174232364,0.994268030343180 
 11/24  20:00:00,1.92974810066903,4.62223946923517,0.000000000000000E+000,3.56930417986923,0.000000000000000E+000,9.827466844828270E-002,9.827466844828270E-002,9.827466844828270E-002,0.770935583647974,0.167967203035905,0.319977700404031,0.555480931443240,1.01467503276410 
 11/24  21:00:00,1.84431274542364,4.75674850725251,0.000000000000000E+000,3.77634522481893,0.000000000000000E+000,0.103975188499887,0.103975188499887,0.103975188499887,0.712629531103169,0.155263817960955,0.280754567951364,0.574577626218664,0.940827689154994 
 11/24  22:00:00,1.69044186476588,5.06967099464436,0.000000000000000E+000,4.18051381059079,0.000000000000000E+000,0.115103277270790,0.115103277270790,0.115103277270790,0.602495876296315,0.131268500639717,0.263298834297921,0.561163362571536,0.850505534586939 
 11/24  23:00:00,1.38813268233884,5.46901565417452,0.000000000000000E+000,4.73027058188166,0.000000000000000E+000,0.130239887014090,0.130239887014090,0.130239887014090,0.447013069510170,9.739275853914450E-002,0.210759978638061,0.485614974947777,0.705297023044909 
 11/24  24:00:00,1.10539689917123,5.91690841006094,0.000000000000000E+000,5.33995031882617,0.000000000000000E+000,0.147026372835552,0.147026372835552,0.147026372835552,0.310965613572292,6.775148420114399E-002,0.140551037640066,0.421990377232579,0.547892358817106 
 11/25  01:00:00,0.824941350343675,6.37916826542467,0.000000000000000E+000,5.95875712532925,0.000000000000000E+000,0.164064156862369,0.164064156862369,0.164064156862369,0.161961257068902,3.528723135476250E-002,9.746637271672108E-002,0.349050318651320,0.396369352155267 
 11/25  02:00:00,0.715816013620300,6.81363276363357,0.000000000000000E+000,6.47807515906015,0.000000000000000E+000,0.178362688176108,0.178362688176108,0.178362688176108,9.717675424134119E-002,2.117233881285750E-002,8.060881882127541E-002,0.321383399879117,0.313421450745441 
 11/25  03:00:00,0.671486633806005,7.25309397877285,0.000000000000000E+000,6.94100091055598,0.000000000000000E+000,0.191108554723714,0.191108554723714,0.191108554723714,6.478450282756079E-002,1.411489072062854E-002,6.670945631181069E-002,0.317657215532691,0.290213565447719 
 11/25  04:00:00,0.667364035972549,7.57971557935636,0.000000000000000E+000,7.26173299286933,0.000000000000000E+000,0.199939362483905,0.199939362483905,0.199939362483905,6.478450282756079E-002,1.411489072062854E-002,5.822747193387166E-002,0.313185794316982,0.296411064988551 
 11/25  05:00:00,0.674037230298481,7.89187897361443,0.000000000000000E+000,7.50809262926671,0.000000000000000E+000,0.206722452510959,0.206722452510959,0.206722452510959,6.478450282756079E-002,1.411489072062854E-002,6.994821153264806E-002,0.301355159017084,0.363029689961170 
 11/25  06:00:00,0.735088533661134,8.32880106219691,0.000000000000000E+000,7.65453550342178,0.000000000000000E+000,0.210754505868969,0.210754505868969,0.210754505868969,7.126295311031687E-002,1.552637997481904E-002,8.414454375261503E-002,0.336288137264814,0.651102800711632 
 11/25  07:00:00,0.903244556020825,8.60255281528177,0.000000000000000E+000,7.38366598475009,0.000000000000000E+000,0.203296578273350,0.203296578273350,0.203296578273350,0.123090555372366,2.681829582961950E-002,0.144379240132471,0.388547872723419,1.19212454136746 
 11/25  08:00:00,1.16246429825191,8.38757383370370,0.000000000000000E+000,7.01200004030685,0.000000000000000E+000,0.193063393982227,0.193063393982227,0.193063393982227,0.239702660461975,5.222510240504850E-002,0.232499890129222,0.412861225583838,1.34713685607346 
 11/25  09:00:00,1.13317789863339,7.80139333542776,0.000000000000000E+000,6.46043160406681,0.000000000000000E+000,0.177876903151958,0.177876903151958,0.177876903151958,0.233224210179219,5.081361315085800E-002,0.305100839810440,0.349050318651320,1.31691994342077 
 11/25  10:00:00,0.995203751317570,6.45660141266000,0.000000000000000E+000,5.23564314257191,0.000000000000000E+000,0.144154453647218,0.144154453647218,0.144154453647218,0.129569005655122,2.822978508381000E-002,0.379068446223123,0.297070047018697,1.20049676441924 
 11/25  11:00:00,0.981143225304505,5.66016760692952,0.000000000000000E+000,4.58063815104962,0.000000000000000E+000,0.126120014683772,0.126120014683772,0.126120014683772,0.110133654806853,2.399531732123850E-002,0.399725582134799,0.304056642668242,1.05858672947566 
 11/25  12:00:00,0.945437486400528,3.58771629079060,0.000000000000000E+000,2.63766671236075,0.000000000000000E+000,7.262362874430679E-002,7.262362874430679E-002,7.262362874430679E-002,0.110133654806853,2.399531732123850E-002,0.417423074561626,0.304149797276904,0.929100435749148 
 11/25  13:00:00,0.899176954580969,2.49819909102050,0.000000000000000E+000,1.64621230951963,0.000000000000000E+000,4.532563232519212E-002,4.532563232519212E-002,4.532563232519212E-002,0.110133654806853,2.399531732123850E-002,0.403584042637515,0.299026293800569,0.831390534026112 
 11/25  14:00:00,0.854010251633960,1.80432599663694,0.000000000000000E+000,1.01194399424931,0.000000000000000E+000,2.786214217436785E-002,2.786214217436785E-002,2.786214217436785E-002,0.110133654806853,2.399531732123850E-002,0.365540668280003,0.309366455361897,0.771073548224501 
 11/25  15:00:00,0.846269652561372,1.33958208279531,0.000000000000000E+000,0.603625446893399,0.000000000000000E+000,1.661979132934781E-002,1.661979132934781E-002,1.661979132934781E-002,0.123090555372366,2.681829582961950E-002,0.335842629159005,0.326786367181432,0.713448338038539 
 11/25  16:00:00,0.938346843497008,1.44873530253843,0.000000000000000E+000,0.704777618731847,0.000000000000000E+000,1.940484288262042E-002,1.940484288262042E-002,1.940484288262042E-002,0.174918157634414,3.811020986314350E-002,0.343850103556979,0.344951515870253,0.720198212031192 
 11/25  17:00:00,1.23122913546317,1.77700773745158,0.000000000000000E+000,0.953445055979043,0.000000000000000E+000,2.625147424768601E-002,2.625147424768601E-002,2.625147424768601E-002,0.317444063855048,6.916297345533449E-002,0.393241424282010,0.408017185933488,0.795459390525675 
 11/25  18:00:00,1.73441471072833,2.85355997319457,0.000000000000000E+000,1.87589158661967,0.000000000000000E+000,5.164945726949109E-002,5.164945726949109E-002,5.164945726949109E-002,0.563625174599779,0.122799546901809,0.483552845584525,0.495675672683124,0.943527379467991 
 11/25  19:00:00,2.00157631476810,2.61314966715317,0.000000000000000E+000,1.48769855619280,0.000000000000000E+000,4.096122801340897E-002,4.096122801340897E-002,4.096122801340897E-002,0.770935583647974,0.167967203035905,0.436446088148850,0.538154174232364,1.08838428178228 
 11/25  20:00:00,1.91440221311950,2.92571581660911,0.000000000000000E+000,1.76818711242183,0.000000000000000E+000,4.868399930939745E-002,4.868399930939745E-002,4.868399930939745E-002,0.770935583647974,0.167967203035905,0.354222481993378,0.555480931443240,1.11926844758543 
 11/25  21:00:00,1.83642490041441,3.30368281641067,0.000000000000000E+000,2.22392445251646,0.000000000000000E+000,6.123194527878314E-002,6.123194527878314E-002,6.123194527878314E-002,0.712629531103169,0.155263817960955,0.315609966163240,0.574577626218664,1.04018277061561 
 11/25  22:00:00,1.68399189344880,3.62567143550661,0.000000000000000E+000,2.65302235405069,0.000000000000000E+000,7.304641999992480E-002,7.304641999992480E-002,7.304641999992480E-002,0.602495876296315,0.131268500639717,0.298905720251707,0.561163362571536,0.933997431989264 
 11/25  23:00:00,1.37277106349996,3.94908604876089,0.000000000000000E+000,3.14474042274327,0.000000000000000E+000,8.658503361636452E-002,8.658503361636452E-002,8.658503361636452E-002,0.447013069510170,9.739275853914450E-002,0.239053213196901,0.485614974947777,0.770897576769699 
 11/25  24:00:00,1.07425335956878,4.26299088165392,0.000000000000000E+000,3.64460602045187,0.000000000000000E+000,0.100347975469450,0.100347975469450,0.100347975469450,0.310965613572292,6.775148420114399E-002,0.156085895403710,0.421990377232579,0.589319128784420 
 11/26  01:00:00,0.776028175579033,4.60431411673137,0.000000000000000E+000,4.18224643447930,0.000000000000000E+000,0.115150982097728,0.115150982097728,0.115150982097728,0.161961257068902,3.528723135476250E-002,9.746637271672108E-002,0.349050318651320,0.398025894311930 
 11/26  02:00:00,0.664661854499667,4.95681917343506,0.000000000000000E+000,4.62017264104699,0.000000000000000E+000,0.127208529055474,0.127208529055474,0.127208529055474,9.717675424134119E-002,2.117233881285750E-002,8.060881882127541E-002,0.321383399879117,0.314510378560063 
 11/26  03:00:00,0.617790336258654,5.30401874629346,0.000000000000000E+000,4.99076874691222,0.000000000000000E+000,0.137412257176361,0.137412257176361,0.137412257176361,6.478450282756079E-002,1.411489072062854E-002,6.670945631181069E-002,0.317657215532691,0.291370496612119 
 11/26  04:00:00,0.610842697255272,5.52797583996225,0.000000000000000E+000,5.20889624744144,0.000000000000000E+000,0.143418023766629,0.143418023766629,0.143418023766629,6.478450282756079E-002,1.411489072062854E-002,5.822747193387166E-002,0.313185794316982,0.297508071022316 
 11/26  05:00:00,0.614851845446586,5.74380384726698,0.000000000000000E+000,5.35849858967747,0.000000000000000E+000,0.147537067659064,0.147537067659064,0.147537067659064,6.478450282756079E-002,1.411489072062854E-002,6.994821153264806E-002,0.301355159017084,0.364548603202960 
 11/26  06:00:00,0.672615011660184,6.06216516825837,0.000000000000000E+000,5.38551738583343,0.000000000000000E+000,0.148280983868019,0.148280983868019,0.148280983868019,7.126295311031687E-002,1.552637997481904E-002,8.414454375261503E-002,0.336288137264814,0.653485024361437 
 11/26  07:00:00,0.841967201487886,6.38101131232999,0.000000000000000E+000,5.15809228280628,0.000000000000000E+000,0.142019223740412,0.142019223740412,0.142019223740412,0.123090555372366,2.681829582961950E-002,0.144379240132471,0.388547872723419,1.19615674035947 
 11/26  08:00:00,1.10423848968992,6.27752123361361,0.000000000000000E+000,4.89725750127739,0.000000000000000E+000,0.134837585420231,0.134837585420231,0.134837585420231,0.239702660461975,5.222510240504850E-002,0.232499890129222,0.412861225583838,1.35182679501280 
 11/26  09:00:00,1.08296922312795,5.98250550840019,0.000000000000000E+000,4.63686874522503,0.000000000000000E+000,0.127668227646513,0.127668227646513,0.127668227646513,0.233224210179219,5.081361315085800E-002,0.305100839810440,0.349050318651320,1.32159497523501 
 11/26  10:00:00,0.952082089559168,4.89475001752983,0.000000000000000E+000,3.66947833136043,0.000000000000000E+000,0.101032791888815,0.101032791888815,0.101032791888815,0.129569005655122,2.822978508381000E-002,0.379068446223123,0.297070047018697,1.20481018050056 
 11/26  11:00:00,0.939847564758334,4.16413095484140,0.000000000000000E+000,3.08079311340927,0.000000000000000E+000,8.482435413760124E-002,8.482435413760124E-002,8.482435413760124E-002,0.110133654806853,2.399531732123850E-002,0.399725582134799,0.304056642668242,1.06239511502791 
 11/26  12:00:00,0.912941592544259,2.41101358883296,0.000000000000000E+000,1.45742635539835,0.000000000000000E+000,4.012773488803918E-002,4.012773488803918E-002,4.012773488803918E-002,0.110133654806853,2.399531732123850E-002,0.417423074561626,0.304149797276904,0.932638090753898 
 11/26  13:00:00,0.879564178589149,1.78921263660947,0.000000000000000E+000,0.933882627499096,0.000000000000000E+000,2.571285633337294E-002,2.571285633337294E-002,2.571285633337294E-002,0.110133654806853,2.399531732123850E-002,0.403584042637515,0.299026293800569,0.834733761635622 
 11/26  14:00:00,0.853963545999901,1.80475412017639,0.000000000000000E+000,1.01024766072301,0.000000000000000E+000,2.781543654030754E-002,2.781543654030754E-002,2.781543654030754E-002,0.110133654806853,2.399531732123850E-002,0.365540668280003,0.309366455361897,0.773198005290245 
 11/26  15:00:00,0.864001154286584,1.98611444971876,0.000000000000000E+000,1.24762785588109,0.000000000000000E+000,3.435129305456051E-002,3.435129305456051E-002,3.435129305456051E-002,0.123090555372366,2.681829582961950E-002,0.335842629159005,0.326786367181432,0.715978295974301 
 11/26  16:00:00,0.963724848542315,2.37263828959987,0.000000000000000E+000,1.62649855572611,0.000000000000000E+000,4.478284792792607E-002,4.478284792792607E-002,4.478284792792607E-002,0.174918157634414,3.811020986314350E-002,0.343850103556979,0.344951515870253,0.722380262098370 
 11/26  17:00:00,1.26314877443021,2.93785906777540,0.000000000000000E+000,2.11275602170295,0.000000000000000E+000,5.817111321472667E-002,5.817111321472667E-002,5.817111321472667E-002,0.317444063855048,6.916297345533449E-002,0.393241424282010,0.408017185933488,0.796999755125611 
 11/26  18:00:00,1.77113557917661,4.18878314014105,0.000000000000000E+000,3.20958165457294,0.000000000000000E+000,8.837032571777123E-002,8.837032571777123E-002,8.837032571777123E-002,0.563625174599779,0.122799546901809,0.483552845584525,0.495675672683124,0.945060478461211 
 11/26  19:00:00,2.04269717867393,4.10822612635802,0.000000000000000E+000,2.98119503637829,0.000000000000000E+000,8.208209191923684E-002,8.208209191923684E-002,8.208209191923684E-002,0.770935583647974,0.167967203035905,0.436446088148850,0.538154174232364,1.08996426080167 
 11/26  20:00:00,1.95992833707998,4.58073489465390,0.000000000000000E+000,3.42168121330420,0.000000000000000E+000,9.421012326988276E-002,9.421012326988276E-002,9.421012326988276E-002,0.770935583647974,0.167967203035905,0.354222481993378,0.555480931443240,1.12079342474786 
 11/26  21:00:00,1.88623601213482,5.11383284325728,0.000000000000000E+000,4.03304792324220,0.000000000000000E+000,0.111043056999189,0.111043056999189,0.111043056999189,0.712629531103169,0.155263817960955,0.315609966163240,0.574577626218664,1.04120932673650 
 11/26  22:00:00,1.73186842689209,5.36500810924844,0.000000000000000E+000,4.39188256731846,0.000000000000000E+000,0.120922953443220,0.120922953443220,0.120922953443220,0.602495876296315,0.131268500639717,0.298905720251707,0.561163362571536,0.934473892463357 
 11/26  23:00:00,1.41728487906614,5.56574296519031,0.000000000000000E+000,4.76146781008526,0.000000000000000E+000,0.131098849182544,0.131098849182544,0.131098849182544,0.447013069510170,9.739275853914450E-002,0.239053213196901,0.485614974947777,0.770827105857119 
 11/26  24:00:00,1.11570197056189,5.76749077571462,0.000000000000000E+000,5.15000616886706,0.000000000000000E+000,0.141796586462565,0.141796586462565,0.141796586462565,0.310965613572292,6.775148420114399E-002,0.156085895403710,0.421990377232579,0.588418874429934 
 11/27  01:00:00,0.806740700953692,5.94252959387787,0.000000000000000E+000,5.53646965954249,0.000000000000000E+000,0.152437195808134,0.152437195808134,0.152437195808134,0.161961257068902,3.528723135476250E-002,9.089268438097377E-002,0.349050318651320,0.382018146395250 
 11/27  02:00:00,0.694426924051367,6.17256148097296,0.000000000000000E+000,5.84458509509634,0.000000000000000E+000,0.160920625840136,0.160920625840136,0.160920625840136,9.717675424134119E-002,2.117233881285750E-002,7.666179158831476E-002,0.321383399879117,0.305840232048604 
 11/27  03:00:00,0.643385932974993,6.32176386571460,0.000000000000000E+000,6.01523195421418,0.000000000000000E+000,0.165619094408921,0.165619094408921,0.165619094408921,6.478450282756079E-002,1.411489072062854E-002,6.409821579558966E-002,0.317657215532691,0.284652408731286 
 11/27  04:00:00,0.636887437358742,6.51639993848947,0.000000000000000E+000,6.20442386383304,0.000000000000000E+000,0.170828169134396,0.170828169134396,0.170828169134396,6.478450282756079E-002,1.411489072062854E-002,5.686206666957333E-002,0.313185794316982,0.290404553157968 
 11/27  05:00:00,0.642133307264790,6.81856629851290,0.000000000000000E+000,6.44636804697967,0.000000000000000E+000,0.177489687229667,0.177489687229667,0.177489687229667,6.478450282756079E-002,1.411489072062854E-002,6.727705378024802E-002,0.301355159017084,0.351441597146686 
 11/27  06:00:00,0.703184054493430,7.28557205749923,0.000000000000000E+000,6.64456580626870,0.000000000000000E+000,0.182946722578791,0.182946722578791,0.182946722578791,7.126295311031687E-002,1.552637997481904E-002,8.004784787508873E-002,0.336288137264814,0.617843493167019 
 11/27  07:00:00,0.881085126047498,8.10691856074202,0.000000000000000E+000,6.96475813020719,0.000000000000000E+000,0.191762669017935,0.191762669017935,0.191762669017935,0.123090555372366,2.681829582961950E-002,0.133753719414558,0.388547872723419,1.11539814137060 
 11/27  08:00:00,1.14009889205295,8.25000243053833,0.000000000000000E+000,6.96827015627891,0.000000000000000E+000,0.191859366631920,0.191859366631920,0.191859366631920,0.239702660461975,5.222510240504850E-002,0.211338511280563,0.412861225583838,1.25329533693601 
 11/27  09:00:00,1.08965057372843,7.29948077568131,0.000000000000000E+000,6.05764646049151,0.000000000000000E+000,0.166786905089028,0.166786905089028,0.166786905089028,0.233224210179219,5.081361315085800E-002,0.272663512968407,0.349050318651320,1.21779252724964 
 11/27  10:00:00,0.942662305413566,6.09249612820272,0.000000000000000E+000,4.96286960779479,0.000000000000000E+000,0.136644102233944,0.136644102233944,0.136644102233944,0.129569005655122,2.822978508381000E-002,0.334037351732395,0.297070047018697,1.10916501473909 
 11/27  11:00:00,0.936030984248422,5.79269241366250,0.000000000000000E+000,4.79143860630668,0.000000000000000E+000,0.131924043649971,0.131924043649971,0.131924043649971,0.110133654806853,2.399531732123850E-002,0.348809312112515,0.304056642668242,0.980311080951582 
 11/27  12:00:00,0.903311103661980,3.89905372408396,0.000000000000000E+000,3.01402641134089,0.000000000000000E+000,8.298604751577877E-002,8.298604751577877E-002,8.298604751577877E-002,0.110133654806853,2.399531732123850E-002,0.364934273051607,0.304149797276904,0.864078170062344 
 11/27  13:00:00,0.865866841140541,2.96837247477852,0.000000000000000E+000,2.17286327090325,0.000000000000000E+000,5.982606322425923E-002,5.982606322425923E-002,5.982606322425923E-002,0.110133654806853,2.399531732123850E-002,0.355773498298021,0.299026293800569,0.774912956400514 
 11/27  14:00:00,0.828861799804715,2.42510810144480,0.000000000000000E+000,1.68166486859132,0.000000000000000E+000,4.630175773026794E-002,4.630175773026794E-002,4.630175773026794E-002,0.110133654806853,2.399531732123850E-002,0.321952600894858,0.309366455361897,0.722134778690347 
 11/27  15:00:00,0.828143297992681,2.05779736634392,0.000000000000000E+000,1.36631137686142,0.000000000000000E+000,3.761904023632200E-002,3.761904023632200E-002,3.761904023632200E-002,0.123090555372366,2.681829582961950E-002,0.296717025683342,0.326786367181432,0.668977691619131 
 11/27  16:00:00,0.924665299536984,2.25379290163250,0.000000000000000E+000,1.55383935363940,0.000000000000000E+000,4.278230142503626E-002,4.278230142503626E-002,4.278230142503626E-002,0.174918157634414,3.811020986314350E-002,0.306791101054537,0.344951515870253,0.676194076217706 
 11/27  17:00:00,1.22220548251442,2.69935681718726,0.000000000000000E+000,1.93023715502883,0.000000000000000E+000,5.314576928099336E-002,5.314576928099336E-002,5.314576928099336E-002,0.317444063855048,6.916297345533449E-002,0.357323476299952,0.408017185933488,0.741016371211570 
 11/27  18:00:00,1.74121089832069,4.31909175419008,0.000000000000000E+000,3.40669862351813,0.000000000000000E+000,9.379760335857237E-002,9.379760335857237E-002,9.379760335857237E-002,0.563625174599779,0.122799546901809,0.448200887087803,0.495675672683124,0.878252123565037 
 11/27  19:00:00,2.00786919324384,4.00235773570288,0.000000000000000E+000,2.96239443025973,0.000000000000000E+000,8.156444947695154E-002,8.156444947695154E-002,8.156444947695154E-002,0.770935583647974,0.167967203035905,0.402135745161050,0.538154174232364,1.00289647626506 
 11/27  20:00:00,1.92540851628934,4.47334093573261,0.000000000000000E+000,3.41169187845037,0.000000000000000E+000,9.393508406859685E-002,9.393508406859685E-002,9.393508406859685E-002,0.770935583647974,0.167967203035905,0.319977700404031,0.555480931443240,1.02338880068037 
 11/27  21:00:00,1.85276809448916,5.07179878255720,0.000000000000000E+000,4.08344076875042,0.000000000000000E+000,0.112430537565406,0.112430537565406,0.112430537565406,0.712629531103169,0.155263817960955,0.280754567951364,0.574577626218664,0.948782420528204 
 11/27  22:00:00,1.70709652694433,5.68096779872880,0.000000000000000E+000,4.78540575544793,0.000000000000000E+000,0.131757939449246,0.131757939449246,0.131757939449246,0.602495876296315,0.131268500639717,0.263298834297921,0.561163362571536,0.856910393814239 
 11/27  23:00:00,1.41103779327288,6.30534350024382,0.000000000000000E+000,5.56217680439161,0.000000000000000E+000,0.153144997948128,0.153144997948128,0.153144997948128,0.447013069510170,9.739275853914450E-002,0.210759978638061,0.485614974947777,0.709718646604263 
 11/27  24:00:00,1.13360277163278,6.94421154382785,0.000000000000000E+000,6.36437848595694,0.000000000000000E+000,0.175232245297099,0.175232245297099,0.175232245297099,0.310965613572292,6.775148420114399E-002,0.140551037640066,0.421990377232579,0.550767325453261 
 11/28  01:00:00,0.849597105797758,7.49989293097580,0.000000000000000E+000,7.09300042539891,0.000000000000000E+000,0.195293600652199,0.195293600652199,0.195293600652199,0.161961257068902,3.528723135476250E-002,9.089268438097377E-002,0.349050318651320,0.382850717636735 
 11/28  02:00:00,0.744552303348047,7.99295125714700,0.000000000000000E+000,7.66512266257056,0.000000000000000E+000,0.211046005136817,0.211046005136817,0.211046005136817,9.717675424134119E-002,2.117233881285750E-002,7.666179158831476E-002,0.321383399879117,0.305692440748435 
 11/28  03:00:00,0.701903526835742,8.44674197612579,0.000000000000000E+000,8.14057204094248,0.000000000000000E+000,0.224136688269672,0.224136688269672,0.224136688269672,6.478450282756079E-002,1.411489072062854E-002,6.409821579558966E-002,0.317657215532691,0.284290432414156 
 11/28  04:00:00,0.700048499284543,8.81011751369109,0.000000000000000E+000,8.49841320916852,0.000000000000000E+000,0.233989231060196,0.233989231060196,0.233989231060196,6.478450282756079E-002,1.411489072062854E-002,5.686206666957333E-002,0.313185794316982,0.290132783024080 
 11/28  05:00:00,0.707284631062438,9.18435233225446,0.000000000000000E+000,8.81264305992811,0.000000000000000E+000,0.242641011027317,0.242641011027317,0.242641011027317,6.478450282756079E-002,1.411489072062854E-002,6.727705378024802E-002,0.301355159017084,0.350952617939809 
 11/28  06:00:00,0.768048008134743,9.64155753639166,0.000000000000000E+000,9.00040362806325,0.000000000000000E+000,0.247810676220105,0.247810676220105,0.247810676220105,7.126295311031687E-002,1.552637997481904E-002,8.004784787508873E-002,0.336288137264814,0.617991150264911 
 11/28  07:00:00,0.930992332598540,9.92124693567456,0.000000000000000E+000,8.77737173410835,0.000000000000000E+000,0.241669875568978,0.241669875568978,0.241669875568978,0.123090555372366,2.681829582961950E-002,0.133753719414558,0.388547872723419,1.11711291240196 
 11/28  08:00:00,1.18010488222716,9.70514742011384,0.000000000000000E+000,8.42127478303860,0.000000000000000E+000,0.231865356806135,0.231865356806135,0.231865356806135,0.239702660461975,5.222510240504850E-002,0.211338511280563,0.412861225583838,1.25543569975181 
 11/28  09:00:00,1.13955876592212,9.11455408646741,0.000000000000000E+000,7.87029586261471,0.000000000000000E+000,0.216695097282712,0.216695097282712,0.216695097282712,0.233224210179219,5.081361315085800E-002,0.272663512968407,0.349050318651320,1.22021643591257 
 11/28  10:00:00,0.990466499348449,7.83056340068368,0.000000000000000E+000,6.69910247350877,0.000000000000000E+000,0.184448296168826,0.184448296168826,0.184448296168826,0.129569005655122,2.822978508381000E-002,0.334037351732395,0.297070047018697,1.11099942150606 
 11/28  11:00:00,0.987977113203497,7.68057387593752,0.000000000000000E+000,6.67810521261487,0.000000000000000E+000,0.183870172605049,0.183870172605049,0.183870172605049,0.110133654806853,2.399531732123850E-002,0.348809312112515,0.304056642668242,0.981525936918421 
 11/28  12:00:00,0.943906159632090,5.37404128541056,0.000000000000000E+000,4.48842571732684,0.000000000000000E+000,0.123581103485891,0.123581103485891,0.123581103485891,0.110133654806853,2.399531732123850E-002,0.364934273051607,0.304149797276904,0.864666425403023 
 11/28  13:00:00,0.897465516854700,4.11641387682619,0.000000000000000E+000,3.32051695506938,0.000000000000000E+000,9.142473893841764E-002,9.142473893841764E-002,9.142473893841764E-002,0.110133654806853,2.399531732123850E-002,0.355773498298021,0.299026293800569,0.775300674282027 
 11/28  14:00:00,0.861409974267200,3.60739131371691,0.000000000000000E+000,2.86380404026598,0.000000000000000E+000,7.884993219275169E-002,7.884993219275169E-002,7.884993219275169E-002,0.110133654806853,2.399531732123850E-002,0.321952600894858,0.309366455361897,0.722278819287788 
 11/28  15:00:00,0.849722416027259,2.84169741855592,0.000000000000000E+000,2.15005796603709,0.000000000000000E+000,5.919815827090039E-002,5.919815827090039E-002,5.919815827090039E-002,0.123090555372366,2.681829582961950E-002,0.296717025683342,0.326786367181432,0.669131154655459 
 11/28  16:00:00,0.943923398857290,2.95322227531846,0.000000000000000E+000,2.25328729363918,0.000000000000000E+000,6.204040074534422E-002,6.204040074534422E-002,6.204040074534422E-002,0.174918157634414,3.811020986314350E-002,0.306791101054537,0.344951515870253,0.676175509903883 
 11/28  17:00:00,1.24144164788088,3.39878796713634,0.000000000000000E+000,2.62888846091739,0.000000000000000E+000,7.238193464745250E-002,7.238193464745250E-002,7.238193464745250E-002,0.317444063855048,6.916297345533449E-002,0.357323476299952,0.408017185933488,0.741796215272081 
 11/28  18:00:00,1.76382135538440,5.14172148572237,0.000000000000000E+000,4.22790311273751,0.000000000000000E+000,0.116408060422288,0.116408060422288,0.116408060422288,0.563625174599779,0.122799546901809,0.448200887087803,0.495675672683124,0.879677365877957 
 11/28  19:00:00,2.02572447312022,4.65251916055757,0.000000000000000E+000,3.61089242167251,0.000000000000000E+000,9.941972935332345E-002,9.941972935332345E-002,9.941972935332345E-002,0.770935583647974,0.167967203035905,0.402135745161050,0.538154174232364,1.00455990970697 
 11/28  20:00:00,1.94099252544516,5.04101808134224,0.000000000000000E+000,3.97769805173256,0.000000000000000E+000,0.109519093224416,0.109519093224416,0.109519093224416,0.770935583647974,0.167967203035905,0.319977700404031,0.555480931443240,1.02505977300785 
 11/28  21:00:00,1.86627313091191,5.56383176969697,0.000000000000000E+000,4.57393932462587,0.000000000000000E+000,0.125935573988160,0.125935573988160,0.125935573988160,0.712629531103169,0.155263817960955,0.280754567951364,0.574577626218664,0.950316851792518 
 11/28  22:00:00,1.71556546258321,5.98998437863220,0.000000000000000E+000,5.09299475933016,0.000000000000000E+000,0.140226875088116,0.140226875088116,0.140226875088116,0.602495876296315,0.131268500639717,0.263298834297921,0.561163362571536,0.858337969835410 
 11/28  23:00:00,1.41310445507095,6.38156318811005,0.000000000000000E+000,5.63723729262017,0.000000000000000E+000,0.155211659746197,0.155211659746197,0.155211659746197,0.447013069510170,9.739275853914450E-002,0.210759978638061,0.485614974947777,0.710877846241950 
 11/28  24:00:00,1.12839636517619,6.75540371683379,0.000000000000000E+000,6.17528348700106,0.000000000000000E+000,0.170025838840505,0.170025838840505,0.170025838840505,0.310965613572292,6.775148420114399E-002,0.140551037640066,0.421990377232579,0.551054497415076 
 11/29  01:00:00,0.835539823074696,6.98951511713276,0.000000000000000E+000,6.58244446247105,0.000000000000000E+000,0.181236317929138,0.181236317929138,0.181236317929138,0.161961257068902,3.528723135476250E-002,9.089268438097377E-002,0.349050318651320,0.383028866721534 
 11/29  02:00:00,0.721968243252344,7.17286798818055,0.000000000000000E+000,6.84487690269370,0.000000000000000E+000,0.188461945041114,0.188461945041114,0.188461945041114,9.717675424134119E-002,2.117233881285750E-002,7.666179158831476E-002,0.321383399879117,0.305854931658841 
 11/29  03:00:00,0.670187164470264,7.29486364740397,0.000000000000000E+000,6.98864401565566,0.000000000000000E+000,0.192420325904193,0.192420325904193,0.192420325904193,6.478450282756079E-002,1.411489072062854E-002,6.409821579558966E-002,0.317657215532691,0.284340128979193 
 11/29  04:00:00,0.661000170556280,7.39187023091190,0.000000000000000E+000,7.08019053645573,0.000000000000000E+000,0.194940902331936,0.194940902331936,0.194940902331936,6.478450282756079E-002,1.411489072062854E-002,5.686206666957333E-002,0.313185794316982,0.290108172957686 
 11/29  05:00:00,0.660294732573083,7.47822028717197,0.000000000000000E+000,7.10598514148443,0.000000000000000E+000,0.195651112537961,0.195651112537961,0.195651112537961,6.478450282756079E-002,1.411489072062854E-002,6.727705378024802E-002,0.301355159017084,0.351478491301004 
 11/29  06:00:00,0.713714406531330,7.66966404168177,0.000000000000000E+000,7.02702478718247,0.000000000000000E+000,0.193477074616690,0.193477074616690,0.193477074616690,7.126295311031687E-002,1.552637997481904E-002,8.004784787508873E-002,0.336288137264814,0.619476496435790 
 11/29  07:00:00,0.875540889837740,7.91035072530718,0.000000000000000E+000,6.76339326385728,0.000000000000000E+000,0.186218432808177,0.186218432808177,0.186218432808177,0.123090555372366,2.681829582961950E-002,0.133753719414558,0.388547872723419,1.12019517228569 
 11/29  08:00:00,1.14325006733540,8.37040470288521,0.000000000000000E+000,7.08271982357130,0.000000000000000E+000,0.195010541914377,0.195010541914377,0.195010541914377,0.239702660461975,5.222510240504850E-002,0.211338511280563,0.412861225583838,1.25924794199054 
 11/29  09:00:00,1.09596330009521,7.53489033715342,0.000000000000000E+000,6.28692264084481,0.000000000000000E+000,0.173099631455805,0.173099631455805,0.173099631455805,0.233224210179219,5.081361315085800E-002,0.272663512968407,0.349050318651320,1.22392590836845 
 11/29  10:00:00,0.954650110763214,6.53319694090395,0.000000000000000E+000,5.39826282170797,0.000000000000000E+000,0.148631907583590,0.148631907583590,0.148631907583590,0.129569005655122,2.822978508381000E-002,0.334037351732395,0.297070047018697,1.11447261352716 
 11/29  11:00:00,0.965449618213954,6.86551242634219,0.000000000000000E+000,5.85991387910277,0.000000000000000E+000,0.161342677615505,0.161342677615505,0.161342677615505,0.110133654806853,2.399531732123850E-002,0.348809312112515,0.304056642668242,0.984655820835190 
 11/29  12:00:00,0.948128258958800,5.52991646382741,0.000000000000000E+000,4.64177099961163,0.000000000000000E+000,0.127803202812600,0.127803202812600,0.127803202812600,0.110133654806853,2.399531732123850E-002,0.364934273051607,0.304149797276904,0.867196321535088 
 11/29  13:00:00,0.922549103746157,5.02914489402056,0.000000000000000E+000,4.23154471991918,0.000000000000000E+000,0.116508325829876,0.116508325829876,0.116508325829876,0.110133654806853,2.399531732123850E-002,0.355773498298021,0.299026293800569,0.777003926626608 
 11/29  14:00:00,0.892930475093359,4.75284238659998,0.000000000000000E+000,4.00861843777866,0.000000000000000E+000,0.110370433018910,0.110370433018910,0.110370433018910,0.110133654806853,2.399531732123850E-002,0.321952600894858,0.309366455361897,0.722915494658186 
 11/29  15:00:00,0.898116761542709,4.59956534000727,0.000000000000000E+000,3.90772494632543,0.000000000000000E+000,0.107592503786351,0.107592503786351,0.107592503786351,0.123090555372366,2.681829582961950E-002,0.296717025683342,0.326786367181432,0.669332095818465 
 11/29  16:00:00,0.988816237549974,4.58388744759914,0.000000000000000E+000,3.88378067837456,0.000000000000000E+000,0.106933239438027,0.106933239438027,0.106933239438027,0.174918157634414,3.811020986314350E-002,0.306791101054537,0.344951515870253,0.676347297449186 
 11/29  17:00:00,1.27396855679770,4.57970589538342,0.000000000000000E+000,3.81025527484998,0.000000000000000E+000,0.104908843564272,0.104908843564272,0.104908843564272,0.317444063855048,6.916297345533449E-002,0.357323476299952,0.408017185933488,0.741347329586578 
 11/29  18:00:00,1.77333535527128,5.48708578076097,0.000000000000000E+000,4.57344851217455,0.000000000000000E+000,0.125922060309165,0.125922060309165,0.125922060309165,0.563625174599779,0.122799546901809,0.448200887087803,0.495675672683124,0.879496261479524 
 11/29  19:00:00,2.03519150159001,4.99775504881462,0.000000000000000E+000,3.95473183442980,0.000000000000000E+000,0.108886757823116,0.108886757823116,0.108886757823116,0.770935583647974,0.167967203035905,0.402135745161050,0.538154174232364,1.00595638520675 
 11/29  20:00:00,1.95431080150534,5.52649622160483,0.000000000000000E+000,4.46141353163028,0.000000000000000E+000,0.122837369284596,0.122837369284596,0.122837369284596,0.770935583647974,0.167967203035905,0.319977700404031,0.555480931443240,1.02682243337271 
 11/29  21:00:00,1.89047099578774,6.44392239345254,0.000000000000000E+000,5.45279795227559,0.000000000000000E+000,0.150133438863984,0.150133438863984,0.150133438863984,0.712629531103169,0.155263817960955,0.280754567951364,0.574577626218664,0.951548847898366 
 11/29  22:00:00,1.75031293867341,7.25260204672461,0.000000000000000E+000,6.35501185495569,0.000000000000000E+000,0.174974351178319,0.174974351178319,0.174974351178319,0.602495876296315,0.131268500639717,0.263298834297921,0.561163362571536,0.858938542302262 
 11/29  23:00:00,1.46098882289747,8.12063280422243,0.000000000000000E+000,7.37638204815328,0.000000000000000E+000,0.203096027572716,0.203096027572716,0.203096027572716,0.447013069510170,9.739275853914450E-002,0.210759978638061,0.485614974947777,0.710802706821213 
 11/29  24:00:00,1.19296486706911,9.10000078578658,0.000000000000000E+000,8.52039059683175,0.000000000000000E+000,0.234594340733433,0.234594340733433,0.234594340733433,0.310965613572292,6.775148420114399E-002,0.140551037640066,0.421990377232579,0.550544456537213 
 11/30  01:00:00,0.904781886482222,9.50288206593971,0.000000000000000E+000,9.09729381526551,0.000000000000000E+000,0.250478381336664,0.250478381336664,0.250478381336664,0.161961257068902,3.528723135476250E-002,9.089268438097377E-002,0.349050318651320,0.381546462734062 
 11/30  02:00:00,0.792657625534993,9.73866802567716,0.000000000000000E+000,9.41229240902646,0.000000000000000E+000,0.259151327323764,0.259151327323764,0.259151327323764,9.717675424134119E-002,2.117233881285750E-002,7.666179158831476E-002,0.321383399879117,0.304239462822687 
 11/30  03:00:00,0.743277271052561,9.94777003486099,0.000000000000000E+000,9.64325305225149,0.000000000000000E+000,0.265510432486488,0.265510432486488,0.265510432486488,6.478450282756079E-002,1.411489072062854E-002,6.409821579558966E-002,0.317657215532691,0.282637479840392 
 11/30  04:00:00,0.732457780472611,9.98572498660490,0.000000000000000E+000,9.67550782202906,0.000000000000000E+000,0.266398512248265,0.266398512248265,0.266398512248265,6.478450282756079E-002,1.411489072062854E-002,5.686206666957333E-002,0.313185794316982,0.288645643077358 
 11/30  05:00:00,0.729433966216731,9.98795857830950,0.000000000000000E+000,9.61709975050595,0.000000000000000E+000,0.264790346181609,0.264790346181609,0.264790346181609,6.478450282756079E-002,1.411489072062854E-002,6.727705378024802E-002,0.301355159017084,0.350102173417004 
 11/30  06:00:00,0.781211569358703,10.1207335456312,0.000000000000000E+000,9.47849991513814,0.000000000000000E+000,0.260974237444064,0.260974237444064,0.260974237444064,7.126295311031687E-002,1.552637997481904E-002,8.004784787508873E-002,0.336288137264814,0.619070872429521 
 11/30  07:00:00,0.964356374706691,11.1374301334277,0.000000000000000E+000,9.98914295485408,0.000000000000000E+000,0.275033917677129,0.275033917677129,0.275033917677129,0.123090555372366,2.681829582961950E-002,0.133753719414558,0.388547872723419,1.12152488940940 
 11/30  08:00:00,1.21141110376224,10.8475726300570,0.000000000000000E+000,9.55830662598888,0.000000000000000E+000,0.263171578341216,0.263171578341216,0.263171578341216,0.239702660461975,5.222510240504850E-002,0.211338511280563,0.412861225583838,1.26082906674472 
 11/30  09:00:00,1.17694574221029,10.4776073961275,0.000000000000000E+000,9.22817875191971,0.000000000000000E+000,0.254082073570884,0.254082073570884,0.254082073570884,0.233224210179219,5.081361315085800E-002,0.272663512968407,0.349050318651320,1.22538685626771 
 11/30  10:00:00,1.03632053468578,9.50076055855020,0.000000000000000E+000,8.36450620956439,0.000000000000000E+000,0.230302331506154,0.230302331506154,0.230302331506154,0.129569005655122,2.822978508381000E-002,0.334037351732395,0.297070047018697,1.11579284331696 
 11/30  11:00:00,1.04579232579915,9.78435393098313,0.000000000000000E+000,8.77793503891744,0.000000000000000E+000,0.241685385200704,0.241685385200704,0.241685385200704,0.110133654806853,2.399531732123850E-002,0.348809312112515,0.304056642668242,0.985476165661466 
 11/30  12:00:00,1.00593299935407,7.62995429579205,0.000000000000000E+000,6.74122047898260,0.000000000000000E+000,0.185607943207873,0.185607943207873,0.185607943207873,0.110133654806853,2.399531732123850E-002,0.364934273051607,0.304149797276904,0.867784674128750 
 11/30  13:00:00,0.966707024209226,6.63367150080340,0.000000000000000E+000,5.83534611219871,0.000000000000000E+000,0.160666246292944,0.160666246292944,0.160666246292944,0.110133654806853,2.399531732123850E-002,0.355773498298021,0.299026293800569,0.777729141129937 
 11/30  14:00:00,0.929219715091975,6.07165396118973,0.000000000000000E+000,5.32663190001186,0.000000000000000E+000,0.146659673017527,0.146659673017527,0.146659673017527,0.110133654806853,2.399531732123850E-002,0.321952600894858,0.309366455361897,0.723713607014722 
 11/30  15:00:00,0.928277216259493,5.69588418605898,0.000000000000000E+000,5.00314290893118,0.000000000000000E+000,0.137752958503134,0.137752958503134,0.137752958503134,0.123090555372366,2.681829582961950E-002,0.296717025683342,0.326786367181432,0.670232979264443 
 11/30  16:00:00,1.03063671508785,6.10371524027656,0.000000000000000E+000,5.40268689944842,0.000000000000000E+000,0.148753716975903,0.148753716975903,0.148753716975903,0.174918157634414,3.811020986314350E-002,0.306791101054537,0.344951515870253,0.677268869052770 
 11/30  17:00:00,1.33401666542719,6.76168494352866,0.000000000000000E+000,5.99118316307064,0.000000000000000E+000,0.164956952193768,0.164956952193768,0.164956952193768,0.317444063855048,6.916297345533449E-002,0.357323476299952,0.408017185933488,0.742398489511144 
 11/30  18:00:00,1.85794642326095,8.56103029330984,0.000000000000000E+000,7.64649514165925,0.000000000000000E+000,0.210533128298833,0.210533128298833,0.210533128298833,0.563625174599779,0.122799546901809,0.448200887087803,0.495675672683124,0.880394144543672 
 11/30  19:00:00,2.10775322370780,7.63376528132748,0.000000000000000E+000,6.59015011813385,0.000000000000000E+000,0.181448479940912,0.181448479940912,0.181448479940912,0.770935583647974,0.167967203035905,0.402135745161050,0.538154174232364,1.00654833401556 
 11/30  20:00:00,2.01249468236635,7.63983798302216,0.000000000000000E+000,6.57463327011757,0.000000000000000E+000,0.181021250145604,0.181021250145604,0.181021250145604,0.770935583647974,0.167967203035905,0.319977700404031,0.555480931443240,1.02694445630272 
 11/30  21:00:00,1.92725558847326,7.78024036528859,0.000000000000000E+000,6.78880246391971,0.000000000000000E+000,0.186918031549511,0.186918031549511,0.186918031549511,0.712629531103169,0.155263817960955,0.280754567951364,0.574577626218664,0.951862308090279 
 11/30  22:00:00,1.77122830599863,8.01300233552363,0.000000000000000E+000,7.11465123299854,0.000000000000000E+000,0.195889718503542,0.195889718503542,0.195889718503542,0.602495876296315,0.131268500639717,0.263298834297921,0.561163362571536,0.859699453058457 
 11/30  23:00:00,1.46330575009508,8.20576803519598,0.000000000000000E+000,7.46053209476707,0.000000000000000E+000,0.205412954770325,0.205412954770325,0.205412954770325,0.447013069510170,9.739275853914450E-002,0.210759978638061,0.485614974947777,0.711787891180966 
 11/30  24:00:00,1.17315524676111,8.38152545437708,0.000000000000000E+000,7.80091159289925,0.000000000000000E+000,0.214784720425432,0.214784720425432,0.214784720425432,0.310965613572292,6.775148420114399E-002,0.140551037640066,0.421990377232579,0.551548129060206 
 12/01  01:00:00,0.932649302261212,8.40571909957487,0.000000000000000E+000,7.99488769041734,0.000000000000000E+000,0.220125519558775,0.220125519558775,0.220125519558775,0.160219766039990,3.490778661770695E-002,8.636931076758889E-002,0.413914905587548,0.382321896764434 
 12/01  02:00:00,0.811264405326852,8.39531427391091,0.000000000000000E+000,8.06419083060636,0.000000000000000E+000,0.222033662653700,0.222033662653700,0.222033662653700,9.752508588428629E-002,2.124823140282152E-002,7.223881327716383E-002,0.381106598419282,0.304873692101942 
 12/01  03:00:00,0.749962720218860,8.30287512797490,0.000000000000000E+000,7.99371308942838,0.000000000000000E+000,0.220093178935245,0.220093178935245,0.220093178935245,6.269468015570399E-002,1.365957342765000E-002,5.971530281942931E-002,0.376687971191233,0.283216632285380 
 12/01  04:00:00,0.730465684802766,8.05096711474915,0.000000000000000E+000,7.73619029725737,0.000000000000000E+000,0.213002730561240,0.213002730561240,0.213002730561240,6.269468015570399E-002,1.365957342765000E-002,5.261106845099969E-002,0.371385618517571,0.289196625160409 
 12/01  05:00:00,0.713621964191201,7.62665086016520,0.000000000000000E+000,7.25113121212988,0.000000000000000E+000,0.199647460635638,0.199647460635638,0.199647460635638,6.269468015570399E-002,1.365957342765000E-002,6.315175921409334E-002,0.357356477068514,0.350905750893143 
 12/01  06:00:00,0.773733359720837,7.80376688437382,0.000000000000000E+000,7.15572571062557,0.000000000000000E+000,0.197020633793208,0.197020633793208,0.197020633793208,6.966075294212971E-002,1.517730320140785E-002,7.598154876300982E-002,0.398781107331481,0.620574042779707 
 12/01  07:00:00,0.987541828250286,8.48451684380718,0.000000000000000E+000,7.32783619666430,0.000000000000000E+000,0.201759400818816,0.201759400818816,0.201759400818816,0.146287587029976,3.187233799785000E-002,0.129758134509170,0.460752354204875,1.12494507837010 
 12/01  08:00:00,1.29285965176536,8.52466426750179,0.000000000000000E+000,7.22594538809880,0.000000000000000E+000,0.198954012170189,0.198954012170189,0.198954012170189,0.299541221768505,6.526240030562848E-002,0.207406094963531,0.489583896867899,1.26499745988704 
 12/01  09:00:00,1.23715077470578,7.83577919418203,0.000000000000000E+000,6.57797072286448,0.000000000000000E+000,0.181113141182521,0.181113141182521,0.181113141182521,0.292575174059952,6.374467599570000E-002,0.268690864190452,0.413914905587548,1.22929895892447 
 12/01  10:00:00,1.05946208173008,7.13334588769867,0.000000000000000E+000,5.98961225450739,0.000000000000000E+000,0.164913699920933,0.164913699920933,0.164913699920933,0.160219766039990,3.490778661770695E-002,0.330033759705594,0.352275055756258,1.11946973273183 
 12/01  11:00:00,1.03349556651183,6.45261497866085,0.000000000000000E+000,5.43903123921098,0.000000000000000E+000,0.149754396032702,0.149754396032702,0.149754396032702,0.132355408019962,2.883687116522848E-002,0.344876895795482,0.360559981808849,0.988749192225138 
 12/01  12:00:00,1.01130895074512,4.93561048634426,0.000000000000000E+000,4.03926362232453,0.000000000000000E+000,0.111214195612126,0.111214195612126,0.111214195612126,0.132355408019962,2.883687116522848E-002,0.361120014768658,0.360670447489552,0.871504708171434 
 12/01  13:00:00,0.982810065171670,4.36688766508192,0.000000000000000E+000,3.56167753522286,0.000000000000000E+000,9.806468186932411E-002,9.806468186932411E-002,9.806468186932411E-002,0.132355408019962,2.883687116522848E-002,0.351846255376571,0.354594835050983,0.780786448305331 
 12/01  14:00:00,0.960941563049860,4.30874871169918,0.000000000000000E+000,3.55688425816016,0.000000000000000E+000,9.793270720693031E-002,9.793270720693031E-002,9.793270720693031E-002,0.132355408019962,2.883687116522848E-002,0.317848037359318,0.366856525608822,0.726596214772685 
 12/01  15:00:00,0.978275912576015,4.43514636179772,0.000000000000000E+000,3.73540468010624,0.000000000000000E+000,0.102847960823293,0.102847960823293,0.102847960823293,0.146287587029976,3.187233799785000E-002,0.292642405135342,0.387513607899952,0.673050630323715 
 12/01  16:00:00,1.07857330960339,4.46764484436157,0.000000000000000E+000,3.75954538638626,0.000000000000000E+000,0.103512633764074,0.103512633764074,0.103512633764074,0.202016219477126,4.401416890280695E-002,0.302863858133087,0.409054415636696,0.679924725017828 
 12/01  17:00:00,1.39508055324741,4.38340642303850,0.000000000000000E+000,3.60472630996405,0.000000000000000E+000,9.924995604367325E-002,9.924995604367325E-002,9.924995604367325E-002,0.362235901924209,7.892197373327849E-002,0.353721026385214,0.483839681471435,0.745354341982444 
 12/01  18:00:00,1.95892397890041,5.89846889656504,0.000000000000000E+000,4.97316168242350,0.000000000000000E+000,0.136927476855666,0.136927476855666,0.136927476855666,0.633912849265593,0.138113458586428,0.445070293491817,0.587787887011303,0.884821728301230 
 12/01  19:00:00,2.22220108619141,5.43546039476839,0.000000000000000E+000,4.37972353511158,0.000000000000000E+000,0.120588175346827,0.120588175346827,0.120588175346827,0.835928985149814,0.182127627489235,0.398284023104866,0.638160237411070,1.01178184148362 
 12/01  20:00:00,2.06882127242342,5.70758047073436,0.000000000000000E+000,4.62967001734538,0.000000000000000E+000,0.127470023021755,0.127470023021755,0.127470023021755,0.780200436295569,0.169985796584278,0.315346148810717,0.658706854021501,1.03254023123789 
 12/01  21:00:00,1.97630333944593,5.96566183731810,0.000000000000000E+000,4.96183627725293,0.000000000000000E+000,0.136615651249863,0.136615651249863,0.136615651249863,0.710539708431312,0.154808498846700,0.275875148663200,0.681352318565255,0.956895570089030 
 12/01  22:00:00,1.81811036530670,6.27121602791795,0.000000000000000E+000,5.36090620533714,0.000000000000000E+000,0.147603357226661,0.147603357226661,0.147603357226661,0.599082443537010,0.130524800611257,0.258342489697899,0.665445260544277,0.864475474393982 
 12/01  23:00:00,1.50128957010694,6.54771161690024,0.000000000000000E+000,5.79209477710903,0.000000000000000E+000,0.159475394966835,0.159475394966835,0.159475394966835,0.445828808798481,9.713473830347846E-002,0.205881020852975,0.575857593495570,0.715953085292896 
 12/01  24:00:00,1.21775080269948,7.21938705138627,0.000000000000000E+000,6.62968833854437,0.000000000000000E+000,0.182537097023142,0.182537097023142,0.182537097023142,0.313473400778520,6.829786713824999E-002,0.135920890493347,0.500409533576620,0.555231648219330 
 12/02  01:00:00,0.921110021326553,7.76585092216768,0.000000000000000E+000,7.33703050353987,0.000000000000000E+000,0.202012550288370,0.202012550288370,0.202012550288370,0.160219766039990,3.490778661770695E-002,9.294299910333617E-002,0.413914905587548,0.400310906234708 
 12/02  02:00:00,0.807175950662194,8.11427789214229,0.000000000000000E+000,7.77234472644447,0.000000000000000E+000,0.213998180756081,0.213998180756081,0.213998180756081,9.752508588428629E-002,2.124823140282152E-002,7.618584051012475E-002,0.381106598419282,0.315683414495207 
 12/02  03:00:00,0.754671790384905,8.38780788218644,0.000000000000000E+000,8.06990558395422,0.000000000000000E+000,0.222191008585070,0.222191008585070,0.222191008585070,6.269468015570399E-002,1.365957342765000E-002,6.232654333565033E-002,0.376687971191233,0.291956891971093 
 12/02  04:00:00,0.747381403462861,8.62482004936852,0.000000000000000E+000,8.30097265143145,0.000000000000000E+000,0.228553043957038,0.228553043957038,0.228553043957038,6.269468015570399E-002,1.365957342765000E-002,5.397647371529803E-002,0.371385618517571,0.298267205605707 
 12/02  05:00:00,0.741560866124482,8.56018465984516,0.000000000000000E+000,8.16884751018236,0.000000000000000E+000,0.224915204816521,0.224915204816521,0.224915204816521,6.269468015570399E-002,1.365957342765000E-002,6.582291696649339E-002,0.357356477068514,0.366723252520659 
 12/02  06:00:00,0.798896507610475,8.60919354266013,0.000000000000000E+000,7.92085243564135,0.000000000000000E+000,0.218087085805320,0.218087085805320,0.218087085805320,6.966075294212971E-002,1.517730320140785E-002,8.007824464053613E-002,0.398781107331481,0.660873976050225 
 12/02  07:00:00,1.02033398581260,9.37859349605449,0.000000000000000E+000,8.13292127903215,0.000000000000000E+000,0.223926037663216,0.223926037663216,0.223926037663216,0.146287587029976,3.187233799785000E-002,0.140383655227083,0.460752354204875,1.21393664824956 
 12/02  08:00:00,1.31965477384145,8.83708572448278,0.000000000000000E+000,7.43056112038761,0.000000000000000E+000,0.204587755397622,0.204587755397622,0.204587755397622,0.299541221768505,6.526240030562848E-002,0.228567473812190,0.489583896867899,1.37280318457923 
 12/02  09:00:00,1.28618818836069,8.55185655191610,0.000000000000000E+000,7.18088050809162,0.000000000000000E+000,0.197713227995407,0.197713227995407,0.197713227995407,0.292575174059952,6.374467599570000E-002,0.301128191032485,0.413914905587548,1.34246653143139 
 12/02  10:00:00,1.13363989124245,8.29643141443596,0.000000000000000E+000,7.04821151918915,0.000000000000000E+000,0.194060414942573,0.194060414942573,0.194060414942573,0.160219766039990,3.490778661770695E-002,0.375064854196324,0.352275055756258,1.22395599478736 
 12/02  11:00:00,1.14745770281869,8.83232375382763,0.000000000000000E+000,7.72883671610704,0.000000000000000E+000,0.212800262317280,0.212800262317280,0.212800262317280,0.132355408019962,2.883687116522848E-002,0.395793165817765,0.360559981808849,1.07865249049585 
 12/02  12:00:00,1.12941215829608,7.39285527492254,0.000000000000000E+000,6.42235763260655,0.000000000000000E+000,0.176828601653063,0.176828601653063,0.176828601653063,0.132355408019962,2.883687116522848E-002,0.413608816278677,0.360670447489552,0.945655486467745 
 12/02  13:00:00,1.08832210735463,6.52686624542679,0.000000000000000E+000,5.65737727849687,0.000000000000000E+000,0.155766179712792,0.155766179712792,0.155766179712792,0.132355408019962,2.883687116522848E-002,0.399656799716067,0.354594835050983,0.845065285376179 
 12/02  14:00:00,1.04681638264876,5.90074978540702,0.000000000000000E+000,5.09272542468708,0.000000000000000E+000,0.140219459420688,0.140219459420688,0.140219459420688,0.132355408019962,2.883687116522848E-002,0.361436104744461,0.366856525608822,0.782756121953594 
 12/02  15:00:00,1.04170904771439,5.36889071301533,0.000000000000000E+000,4.61824636999383,0.000000000000000E+000,0.127155492486006,0.127155492486006,0.127155492486006,0.146287587029976,3.187233799785000E-002,0.331768008611008,0.387513607899952,0.723953291653737 
 12/02  16:00:00,1.13555020546085,5.24168260196714,0.000000000000000E+000,4.48295683237501,0.000000000000000E+000,0.123430527119087,0.123430527119087,0.123430527119087,0.202016219477126,4.401416890280695E-002,0.339922860635529,0.409054415636696,0.730551036634670 
 12/02  17:00:00,1.45898578006192,5.46201036839597,0.000000000000000E+000,4.62121522717061,0.000000000000000E+000,0.127237234876123,0.127237234876123,0.127237234876123,0.362235901924209,7.892197373327849E-002,0.389638974367272,0.483839681471435,0.807469370133360 
 12/02  18:00:00,2.01980250137091,6.89982015498657,0.000000000000000E+000,5.90027823166195,0.000000000000000E+000,0.162454040829449,0.162454040829449,0.162454040829449,0.633912849265593,0.138113458586428,0.480422251988538,0.587787887011303,0.959056437484311 
 12/02  19:00:00,2.27170879409462,6.08204431093044,0.000000000000000E+000,4.93168691460774,0.000000000000000E+000,0.135785540262239,0.135785540262239,0.135785540262239,0.835928985149814,0.182127627489235,0.432594366092666,0.638160237411070,1.10640237814951 
 12/02  20:00:00,2.11047978048964,6.08245948604439,0.000000000000000E+000,4.89893416567706,0.000000000000000E+000,0.134883749498626,0.134883749498626,0.134883749498626,0.780200436295569,0.169985796584278,0.349590930400065,0.658706854021501,1.13815509821626 
 12/02  21:00:00,2.01430093206830,6.18065878002151,0.000000000000000E+000,5.07595976217959,0.000000000000000E+000,0.139757845660356,0.139757845660356,0.139757845660356,0.710539708431312,0.154808498846700,0.310730546875078,0.681352318565255,1.05776902786575 
 12/02  22:00:00,1.85444582019904,6.38296408753535,0.000000000000000E+000,5.38736759359485,0.000000000000000E+000,0.148331926165216,0.148331926165216,0.148331926165216,0.599082443537010,0.130524800611257,0.293949375651685,0.665445260544277,0.949762145753656 
 12/02  23:00:00,1.52933138125998,6.60596937741808,0.000000000000000E+000,5.78296316031088,0.000000000000000E+000,0.159223971561036,0.159223971561036,0.159223971561036,0.445828808798481,9.713473830347846E-002,0.234174255411816,0.575857593495570,0.783342462608888 
 12/02  24:00:00,1.22085110930521,6.81014379535207,0.000000000000000E+000,6.17806946133509,0.000000000000000E+000,0.170102545865231,0.170102545865231,0.170102545865231,0.313473400778520,6.829786713824999E-002,0.151455748256992,0.500409533576620,0.597607269394430 
 12/03  01:00:00,0.899943967266048,6.99946989709710,0.000000000000000E+000,6.56828626433389,0.000000000000000E+000,0.180846496227866,0.180846496227866,0.180846496227866,0.160219766039990,3.490778661770695E-002,9.294299910333617E-002,0.413914905587548,0.402674120370094 
 12/03  02:00:00,0.781057808640728,7.16787215781186,0.000000000000000E+000,6.82374225380727,0.000000000000000E+000,0.187880038734614,0.187880038734614,0.187880038734614,9.752508588428629E-002,2.124823140282152E-002,7.618584051012475E-002,0.381106598419282,0.317880152801960 
 12/03  03:00:00,0.725639865059880,7.33550357082138,0.000000000000000E+000,7.01547544393500,0.000000000000000E+000,0.193159083260044,0.193159083260044,0.193159083260044,6.269468015570399E-002,1.365957342765000E-002,6.232654333565033E-002,0.376687971191233,0.294082720625233 
 12/03  04:00:00,0.715819499178547,7.48068953186011,0.000000000000000E+000,7.15465449370677,0.000000000000000E+000,0.196991139672722,0.196991139672722,0.196991139672722,6.269468015570399E-002,1.365957342765000E-002,5.397647371529803E-002,0.371385618517571,0.300454845821984 
 12/03  05:00:00,0.715252102531810,7.60704747034297,0.000000000000000E+000,7.21332172371854,0.000000000000000E+000,0.198606441223849,0.198606441223849,0.198606441223849,6.269468015570399E-002,1.365957342765000E-002,6.582291696649339E-002,0.357356477068514,0.369111849482263 
 12/03  06:00:00,0.777847442808437,7.84826452988318,0.000000000000000E+000,7.15635720847319,0.000000000000000E+000,0.197038021003284,0.197038021003284,0.197038021003284,6.966075294212971E-002,1.517730320140785E-002,8.007824464053613E-002,0.398781107331481,0.664440190441452 
 12/03  07:00:00,0.987569089553467,8.19363034040133,0.000000000000000E+000,6.94291084178245,0.000000000000000E+000,0.191161141404082,0.191161141404082,0.191161141404082,0.146287587029976,3.187233799785000E-002,0.140383655227083,0.460752354204875,1.21898392984609 
 12/03  08:00:00,1.31588002853695,8.70573749924582,0.000000000000000E+000,7.29346359153276,0.000000000000000E+000,0.200813010093123,0.200813010093123,0.200813010093123,0.299541221768505,6.526240030562848E-002,0.228567473812190,0.489583896867899,1.37855248819712 
 12/03  09:00:00,1.27632851143248,8.19915610863811,0.000000000000000E+000,6.82278023029176,0.000000000000000E+000,0.187853551067197,0.187853551067197,0.187853551067197,0.292575174059952,6.374467599570000E-002,0.301128191032485,0.413914905587548,1.34786636595324 
 12/03  10:00:00,1.12703796271072,8.06158479098706,0.000000000000000E+000,6.80843160972143,0.000000000000000E+000,0.187458486410844,0.187458486410844,0.187458486410844,0.160219766039990,3.490778661770695E-002,0.375064854196324,0.352275055756258,1.22888928080616 
 12/03  11:00:00,1.14658577902202,8.80524783323335,0.000000000000000E+000,7.69716872575797,0.000000000000000E+000,0.211928338520611,0.211928338520611,0.211928338520611,0.132355408019962,2.883687116522848E-002,0.395793165817765,0.360559981808849,1.08324456025065 
 12/03  12:00:00,1.12692216727389,7.30647381327357,0.000000000000000E+000,6.33192196384582,0.000000000000000E+000,0.174338610630868,0.174338610630868,0.174338610630868,0.132355408019962,2.883687116522848E-002,0.413608816278677,0.360670447489552,0.949709693579472 
 12/03  13:00:00,1.09418233953368,6.74338577001827,0.000000000000000E+000,5.87021901627071,0.000000000000000E+000,0.161626411891840,0.161626411891840,0.161626411891840,0.132355408019962,2.883687116522848E-002,0.399656799716067,0.354594835050983,0.848743072193817 
 12/03  14:00:00,1.05938630575323,6.36071275121935,0.000000000000000E+000,5.54926096722128,0.000000000000000E+000,0.152789382525154,0.152789382525154,0.152789382525154,0.132355408019962,2.883687116522848E-002,0.361436104744461,0.366856525608822,0.786183545231733 
 12/03  15:00:00,1.05624259379642,5.89953073010506,0.000000000000000E+000,5.14610006411437,0.000000000000000E+000,0.141689038568032,0.141689038568032,0.141689038568032,0.146287587029976,3.187233799785000E-002,0.331768008611008,0.387513607899952,0.726739614622921 
 12/03  16:00:00,1.13468045871794,5.21319475615252,0.000000000000000E+000,4.45136791191462,0.000000000000000E+000,0.122560780376181,0.122560780376181,0.122560780376181,0.202016219477126,4.401416890280695E-002,0.339922860635529,0.409054415636696,0.733652111280414 
 12/03  17:00:00,1.46063624065314,5.52530658278920,0.000000000000000E+000,4.68115942214949,0.000000000000000E+000,0.128887695467342,0.128887695467342,0.128887695467342,0.362235901924209,7.892197373327849E-002,0.389638974367272,0.483839681471435,0.810821389547693 
 12/03  18:00:00,2.01796210414830,6.83642260934496,0.000000000000000E+000,5.83343559964880,0.000000000000000E+000,0.160613643606833,0.160613643606833,0.160613643606833,0.633912849265593,0.138113458586428,0.480422251988538,0.587787887011303,0.962501523855834 
 12/03  19:00:00,2.26840025448182,5.96606659995371,0.000000000000000E+000,4.81152182572252,0.000000000000000E+000,0.132477000649433,0.132477000649433,0.132477000649433,0.835928985149814,0.182127627489235,0.432594366092666,0.638160237411070,1.11058975605799 
 12/03  20:00:00,2.10965992636715,6.05678931310905,0.000000000000000E+000,4.86915732905672,0.000000000000000E+000,0.134063895376131,0.134063895376131,0.134063895376131,0.780200436295569,0.169985796584278,0.349590930400065,0.658706854021501,1.14226176190126 
 12/03  21:00:00,2.01457176940392,6.19438117411881,0.000000000000000E+000,5.08579648663110,0.000000000000000E+000,0.140028682995974,0.140028682995974,0.140028682995974,0.710539708431312,0.154808498846700,0.310730546875078,0.681352318565255,1.06165469751155 
 12/03  22:00:00,1.85368095829197,6.35858851223546,0.000000000000000E+000,5.35958805645618,0.000000000000000E+000,0.147567064258140,0.147567064258140,0.147567064258140,0.599082443537010,0.130524800611257,0.293949375651685,0.665445260544277,0.953166107592454 
 12/03  23:00:00,1.52751761824785,6.54294653618074,0.000000000000000E+000,5.71708787421017,0.000000000000000E+000,0.157410208548908,0.157410208548908,0.157410208548908,0.445828808798481,9.713473830347846E-002,0.234174255411816,0.575857593495570,0.786194907472242 
 12/03  24:00:00,1.21797004241316,6.70810825307873,0.000000000000000E+000,6.07343004343951,0.000000000000000E+000,0.167221478973172,0.167221478973172,0.167221478973172,0.313473400778520,6.829786713824999E-002,0.151455748256992,0.500409533576620,0.600211145016673 
 12/04  01:00:00,0.890615434303138,6.88611886167549,0.000000000000000E+000,6.46823119828401,0.000000000000000E+000,0.178091651600703,0.178091651600703,0.178091651600703,0.160219766039990,3.490778661770695E-002,8.636931076758889E-002,0.413914905587548,0.389378150998363 
 12/04  02:00:00,0.770332338135450,6.91506462862239,0.000000000000000E+000,6.57755138603934,0.000000000000000E+000,0.181101595462296,0.181101595462296,0.181101595462296,9.752508588428629E-002,2.124823140282152E-002,7.223881327716383E-002,0.381106598419282,0.311263491380438 
 12/04  03:00:00,0.714620360121928,7.02555290307830,0.000000000000000E+000,6.71008999904062,0.000000000000000E+000,0.184750818838314,0.184750818838314,0.184750818838314,6.269468015570399E-002,1.365957342765000E-002,5.971530281942931E-002,0.376687971191233,0.289517497776535 
 12/04  04:00:00,0.702644144274057,7.04682046062411,0.000000000000000E+000,6.72572094164948,0.000000000000000E+000,0.185181190032532,0.185181190032532,0.185181190032532,6.269468015570399E-002,1.365957342765000E-002,5.261106845099969E-002,0.371385618517571,0.295519326643289 
 12/04  05:00:00,0.700221409466229,7.14687877599242,0.000000000000000E+000,6.76442739773264,0.000000000000000E+000,0.186246905910668,0.186246905910668,0.186246905910668,6.269468015570399E-002,1.365957342765000E-002,6.315175921409334E-002,0.357356477068514,0.357837481117614 
 12/04  06:00:00,0.759800649483069,7.30714758973659,0.000000000000000E+000,6.64969418008181,0.000000000000000E+000,0.183087923555442,0.183087923555442,0.183087923555442,6.966075294212971E-002,1.517730320140785E-002,7.598154876300982E-002,0.398781107331481,0.629986278686261 
 12/04  07:00:00,0.960674278129244,7.52208999516768,0.000000000000000E+000,6.35201546417967,0.000000000000000E+000,0.174891850697772,0.174891850697772,0.174891850697772,0.146287587029976,3.187233799785000E-002,0.129758134509170,0.460752354204875,1.13833896221522 
 12/04  08:00:00,1.27654245441773,7.94678816578656,0.000000000000000E+000,6.63331005677455,0.000000000000000E+000,0.182636814822564,0.182636814822564,0.182636814822564,0.299541221768505,6.526240030562848E-002,0.207406094963531,0.489583896867899,1.27975668949608 
 12/04  09:00:00,1.22764436141260,7.50548356897602,0.000000000000000E+000,6.23270086605748,0.000000000000000E+000,0.171606727889346,0.171606727889346,0.171606727889346,0.292575174059952,6.374467599570000E-002,0.268690864190452,0.413914905587548,1.24427319052546 
 12/04  10:00:00,1.06144644229178,7.21914820539400,0.000000000000000E+000,6.06168358844380,0.000000000000000E+000,0.166898060482629,0.166898060482629,0.166898060482629,0.160219766039990,3.490778661770695E-002,0.330033759705594,0.352275055756258,1.13320071649073 
 12/04  11:00:00,1.07643007509349,8.02438901029032,0.000000000000000E+000,6.99839870756146,0.000000000000000E+000,0.192688904614371,0.192688904614371,0.192688904614371,0.132355408019962,2.883687116522848E-002,0.344876895795482,0.360559981808849,1.00115575550413 
 12/04  12:00:00,1.06330972271910,6.83473456312322,0.000000000000000E+000,5.92791484540972,0.000000000000000E+000,0.163214967586102,0.163214967586102,0.163214967586102,0.132355408019962,2.883687116522848E-002,0.361120014768658,0.360670447489552,0.881977561865243 
 12/04  13:00:00,1.03744154356528,6.36029063544308,0.000000000000000E+000,5.54587516480192,0.000000000000000E+000,0.152696160262935,0.152696160262935,0.152696160262935,0.132355408019962,2.883687116522848E-002,0.351846255376571,0.354594835050983,0.789991789087423 
 12/04  14:00:00,1.01224419088138,6.18055533960929,0.000000000000000E+000,5.42017911174365,0.000000000000000E+000,0.149235335038448,0.149235335038448,0.149235335038448,0.132355408019962,2.883687116522848E-002,0.317848037359318,0.366856525608822,0.735107989099271 
 12/04  15:00:00,1.02235114539904,6.04376178252495,0.000000000000000E+000,5.33620288403731,0.000000000000000E+000,0.146923193646318,0.146923193646318,0.146923193646318,0.146287587029976,3.187233799785000E-002,0.292642405135342,0.387513607899952,0.680867847119881 
 12/04  16:00:00,1.12160084771914,6.03820490605973,0.000000000000000E+000,5.32229165733222,0.000000000000000E+000,0.146540171879818,0.146540171879818,0.146540171879818,0.202016219477126,4.401416890280695E-002,0.302863858133087,0.409054415636696,0.687738515770017 
 12/04  17:00:00,1.43947524817695,6.00405694497363,0.000000000000000E+000,5.21712727430218,0.000000000000000E+000,0.143644650973212,0.143644650973212,0.143644650973212,0.362235901924209,7.892197373327849E-002,0.353721026385214,0.483839681471435,0.753603899579443 
 12/04  18:00:00,1.98640501098572,6.90550892684231,0.000000000000000E+000,5.97126388147434,0.000000000000000E+000,0.164408508940977,0.164408508940977,0.164408508940977,0.633912849265593,0.138113458586428,0.445070293491817,0.587787887011303,0.893759559527639 
 12/04  19:00:00,2.23425545054726,5.88324436793259,0.000000000000000E+000,4.81753415060752,0.000000000000000E+000,0.132642539702677,0.132642539702677,0.132642539702677,0.835928985149814,0.182127627489235,0.398284023104866,0.638160237411070,1.02175519915187 
 12/04  20:00:00,2.07127063469059,5.80652706020740,0.000000000000000E+000,4.71863006286136,0.000000000000000E+000,0.129919385288925,0.129919385288925,0.129919385288925,0.780200436295569,0.169985796584278,0.315346148810717,0.658706854021501,1.04252677519497 
 12/04  21:00:00,1.97102580302665,5.78446586849341,0.000000000000000E+000,4.77015786105290,0.000000000000000E+000,0.131338114830583,0.131338114830583,0.131338114830583,0.710539708431312,0.154808498846700,0.275875148663200,0.681352318565255,0.967378017464367 
 12/04  22:00:00,1.80633309877826,5.85316811061088,0.000000000000000E+000,4.93315969332988,0.000000000000000E+000,0.135826090698213,0.135826090698213,0.135826090698213,0.599082443537010,0.130524800611257,0.258342489697899,0.665445260544277,0.874174069094182 
 12/04  23:00:00,1.49200168170857,6.21883470439362,0.000000000000000E+000,5.45476167381896,0.000000000000000E+000,0.150187506568465,0.150187506568465,0.150187506568465,0.445828808798481,9.713473830347846E-002,0.205881020852975,0.575857593495570,0.724409276076346 
 12/04  24:00:00,1.20667321880970,6.82401073649164,0.000000000000000E+000,6.22735407372366,0.000000000000000E+000,0.171459513133364,0.171459513133364,0.171459513133364,0.313473400778520,6.829786713824999E-002,0.135920890493347,0.500409533576620,0.562189598145396 
 12/05  01:00:00,0.900064887108597,7.23054985812248,0.000000000000000E+000,6.81143226859598,0.000000000000000E+000,0.187541104406163,0.187541104406163,0.187541104406163,0.160219766039990,3.490778661770695E-002,8.636931076758889E-002,0.413914905587548,0.390608077133378 
 12/05  02:00:00,0.799826486732275,7.98749767111764,0.000000000000000E+000,7.64876932582543,0.000000000000000E+000,0.210595744059121,0.210595744059121,0.210595744059121,9.752508588428629E-002,2.124823140282152E-002,7.223881327716383E-002,0.381106598419282,0.312478594089600 
 12/05  03:00:00,0.754576544271469,8.47766052729972,0.000000000000000E+000,8.16128568708944,0.000000000000000E+000,0.224707002987853,0.224707002987853,0.224707002987853,6.269468015570399E-002,1.365957342765000E-002,5.971530281942931E-002,0.376687971191233,0.290429433949167 
 12/05  04:00:00,0.762776202684488,9.23168663011439,0.000000000000000E+000,8.90969785876764,0.000000000000000E+000,0.245313248442963,0.245313248442963,0.245313248442963,6.269468015570399E-002,1.365957342765000E-002,5.261106845099969E-002,0.371385618517571,0.296408579015399 
 12/05  05:00:00,0.775000450030189,9.86356218288313,0.000000000000000E+000,9.48037797040756,0.000000000000000E+000,0.261025946474628,0.261025946474628,0.261025946474628,6.269468015570399E-002,1.365957342765000E-002,6.315175921409334E-002,0.357356477068514,0.358570315333395 
 12/05  06:00:00,0.851934279284367,10.6546272318529,0.000000000000000E+000,9.99595782206350,0.000000000000000E+000,0.275221553356740,0.275221553356740,0.275221553356740,6.966075294212971E-002,1.517730320140785E-002,7.598154876300982E-002,0.398781107331481,0.631202278820897 
 12/05  07:00:00,1.09836016960081,12.5250965747590,0.000000000000000E+000,11.3527225202110,0.000000000000000E+000,0.312577742169335,0.312577742169335,0.312577742169335,0.146287587029976,3.187233799785000E-002,0.129758134509170,0.460752354204875,1.14063848577518 
 12/05  08:00:00,1.39359428783695,12.2000009521504,0.000000000000000E+000,10.8845947965900,0.000000000000000E+000,0.299688648241791,0.299688648241791,0.299688648241791,0.299541221768505,6.526240030562848E-002,0.207406094963531,0.489583896867899,1.28168473604455 
 12/05  09:00:00,1.37046679616418,12.6941483185565,0.000000000000000E+000,11.4199655130626,0.000000000000000E+000,0.314429162640932,0.314429162640932,0.314429162640932,0.292575174059952,6.374467599570000E-002,0.268690864190452,0.413914905587548,1.24567329310078 
 12/05  10:00:00,1.21917322724467,12.9491146575616,0.000000000000000E+000,11.7902694152785,0.000000000000000E+000,0.324624845435527,0.324624845435527,0.324624845435527,0.160219766039990,3.490778661770695E-002,0.330033759705594,0.352275055756258,1.13458134182366 
 12/05  11:00:00,1.21272630653343,12.9747036577817,0.000000000000000E+000,11.9486337606057,0.000000000000000E+000,0.328985136054309,0.328985136054309,0.328985136054309,0.132355408019962,2.883687116522848E-002,0.344876895795482,0.360559981808849,1.00123534995126 
 12/05  12:00:00,1.16968147125177,10.6978812202827,0.000000000000000E+000,9.79130235566578,0.000000000000000E+000,0.269586716118771,0.269586716118771,0.269586716118771,0.132355408019962,2.883687116522848E-002,0.361120014768658,0.360670447489552,0.881736708768650 
 12/05  13:00:00,1.13575436454165,9.93100596683070,0.000000000000000E+000,9.11656503215436,0.000000000000000E+000,0.251008981239308,0.251008981239308,0.251008981239308,0.132355408019962,2.883687116522848E-002,0.351846255376571,0.354594835050983,0.790017253122608 
 12/05  14:00:00,1.10046151040738,9.38458012070931,0.000000000000000E+000,8.62420363090758,0.000000000000000E+000,0.237452654564446,0.237452654564446,0.237452654564446,0.132355408019962,2.883687116522848E-002,0.317848037359318,0.366856525608822,0.735108251035378 
 12/05  15:00:00,1.12013687178525,9.59500394603902,0.000000000000000E+000,8.88774884631664,0.000000000000000E+000,0.244708920032526,0.244708920032526,0.244708920032526,0.146287587029976,3.187233799785000E-002,0.292642405135342,0.387513607899952,0.680564048354606 
 12/05  16:00:00,1.22586055053748,9.82482449030028,0.000000000000000E+000,9.10897035019678,0.000000000000000E+000,0.250799874698162,0.250799874698162,0.250799874698162,0.202016219477126,4.401416890280695E-002,0.302863858133087,0.409054415636696,0.687679407146008 
 12/05  17:00:00,1.54843412074141,9.96139662926998,0.000000000000000E+000,9.17447829281854,0.000000000000000E+000,0.252603523537673,0.252603523537673,0.252603523537673,0.362235901924209,7.892197373327849E-002,0.353721026385214,0.483839681471435,0.753592565359428 
 12/05  18:00:00,2.13069361546874,12.1464323229136,0.000000000000000E+000,11.2117793390235,0.000000000000000E+000,0.308697113423999,0.308697113423999,0.308697113423999,0.633912849265593,0.138113458586428,0.445070293491817,0.587787887011303,0.894167498049762 
 12/05  19:00:00,2.38629166959321,11.4049773000969,0.000000000000000E+000,10.3394404638074,0.000000000000000E+000,0.284678758748622,0.284678758748622,0.284678758748622,0.835928985149814,0.182127627489235,0.398284023104866,0.638160237411070,1.02158181811626 
 12/05  20:00:00,2.22397560612551,11.3530146751261,0.000000000000000E+000,10.2648252465805,0.000000000000000E+000,0.282624356723843,0.282624356723843,0.282624356723843,0.780200436295569,0.169985796584278,0.315346148810717,0.658706854021501,1.04281920639454 
 12/05  21:00:00,2.13075897081817,11.5850568175964,0.000000000000000E+000,10.5716148638007,0.000000000000000E+000,0.291071282622098,0.291071282622098,0.291071282622098,0.710539708431312,0.154808498846700,0.275875148663200,0.681352318565255,0.966511963819553 
 12/05  22:00:00,1.97944085373589,12.1393790360238,0.000000000000000E+000,11.2203773771342,0.000000000000000E+000,0.308933845655843,0.308933845655843,0.308933845655843,0.599082443537010,0.130524800611257,0.258342489697899,0.665445260544277,0.873167310702848 
 12/05  23:00:00,1.67821606053309,12.9804243984034,0.000000000000000E+000,12.2180076983005,0.000000000000000E+000,0.336401885392982,0.336401885392982,0.336401885392982,0.445828808798481,9.713473830347846E-002,0.205881020852975,0.575857593495570,0.722752945604522 
 12/05  24:00:00,1.37472366507575,12.9251725113394,0.000000000000000E+000,12.3308919411850,0.000000000000000E+000,0.339509959399414,0.339509959399414,0.339509959399414,0.313473400778520,6.829786713824999E-002,0.135920890493347,0.500409533576620,0.559813505531891 
 12/06  01:00:00,1.07883179161616,13.7206597071174,0.000000000000000E+000,13.3041884341069,0.000000000000000E+000,0.366308008913728,0.366308008913728,0.366308008913728,0.160219766039990,3.490778661770695E-002,8.636931076758889E-002,0.413914905587548,0.387961760617402 
 12/06  02:00:00,0.955755853262632,13.6478515366242,0.000000000000000E+000,13.3120734967681,0.000000000000000E+000,0.366525110589479,0.366525110589479,0.366525110589479,9.752508588428629E-002,2.124823140282152E-002,7.223881327716383E-002,0.381106598419282,0.309528288653502 
 12/06  03:00:00,0.913202654902509,14.2358987294559,0.000000000000000E+000,13.9225347317476,0.000000000000000E+000,0.383333113618893,0.383333113618893,0.383333113618893,6.269468015570399E-002,1.365957342765000E-002,5.971530281942931E-002,0.376687971191233,0.287418591447120 
 12/06  04:00:00,0.906177705270179,14.4373009387431,0.000000000000000E+000,14.1179940622597,0.000000000000000E+000,0.388714751028652,0.388714751028652,0.388714751028652,6.269468015570399E-002,1.365957342765000E-002,5.261106845099969E-002,0.371385618517571,0.293726684152076 
 12/06  05:00:00,0.901461320617660,14.4539734668460,0.000000000000000E+000,14.0733958976600,0.000000000000000E+000,0.387486817062097,0.387486817062097,0.387486817062097,6.269468015570399E-002,1.365957342765000E-002,6.315175921409334E-002,0.357356477068514,0.355963672043801 
 12/06  06:00:00,0.963195813953101,14.6939466880694,0.000000000000000E+000,14.0369407836165,0.000000000000000E+000,0.386483088025473,0.386483088025473,0.386483088025473,6.966075294212971E-002,1.517730320140785E-002,7.598154876300982E-002,0.398781107331481,0.629538773484352 
 12/06  07:00:00,1.16581296500824,14.9752678762731,0.000000000000000E+000,13.8025862378213,0.000000000000000E+000,0.380030537576770,0.380030537576770,0.380030537576770,0.146287587029976,3.187233799785000E-002,0.129758134509170,0.460752354204875,1.14094606967902 
 12/06  08:00:00,1.48549860250096,15.5393957577024,0.000000000000000E+000,14.2225297869367,0.000000000000000E+000,0.391592962905795,0.391592962905795,0.391592962905795,0.299541221768505,6.526240030562848E-002,0.207406094963531,0.489583896867899,1.28314455124977 
 12/06  09:00:00,1.41886256718881,14.4532646128441,0.000000000000000E+000,13.1776842673833,0.000000000000000E+000,0.362824933665556,0.362824933665556,0.362824933665556,0.292575174059952,6.374467599570000E-002,0.268690864190452,0.413914905587548,1.24707083306768 
 12/06  10:00:00,1.22985313373427,13.3380790741011,0.000000000000000E+000,12.1781601655178,0.000000000000000E+000,0.335304751925123,0.335304751925123,0.335304751925123,0.160219766039990,3.490778661770695E-002,0.330033759705594,0.352275055756258,1.13565500812379 
 12/06  11:00:00,1.23378891656314,13.7416700458634,0.000000000000000E+000,12.7136209460628,0.000000000000000E+000,0.350047746084012,0.350047746084012,0.350047746084012,0.132355408019962,2.883687116522848E-002,0.344876895795482,0.360559981808849,1.00321455257584 
 12/06  12:00:00,1.16790785127145,10.6348191094191,0.000000000000000E+000,9.72688505149962,0.000000000000000E+000,0.267813096138449,0.267813096138449,0.267813096138449,0.132355408019962,2.883687116522848E-002,0.361120014768658,0.360670447489552,0.883091902071173 
 12/06  13:00:00,1.12556179680350,9.56280210139167,0.000000000000000E+000,8.74637426778129,0.000000000000000E+000,0.240816413501158,0.240816413501158,0.240816413501158,0.132355408019962,2.883687116522848E-002,0.351846255376571,0.354594835050983,0.792004152056648 
 12/06  14:00:00,1.08186471378755,8.71139136825341,0.000000000000000E+000,7.94877399114991,0.000000000000000E+000,0.218855857944619,0.218855857944619,0.218855857944619,0.132355408019962,2.883687116522848E-002,0.317848037359318,0.366856525608822,0.737349138337167 
 12/06  15:00:00,1.08096753729311,8.17485341963067,0.000000000000000E+000,7.46513128338839,0.000000000000000E+000,0.205539585540389,0.205539585540389,0.205539585540389,0.146287587029976,3.187233799785000E-002,0.292642405135342,0.387513607899952,0.683031084874542 
 12/06  16:00:00,1.19579940153381,8.73539048460385,0.000000000000000E+000,8.01715913897979,0.000000000000000E+000,0.220738725694493,0.220738725694493,0.220738725694493,0.202016219477126,4.401416890280695E-002,0.302863858133087,0.409054415636696,0.690056612666601 
 12/06  17:00:00,1.52768981868730,9.21081519275548,0.000000000000000E+000,8.42105195010661,0.000000000000000E+000,0.231859221483560,0.231859221483560,0.231859221483560,0.362235901924209,7.892197373327849E-002,0.353721026385214,0.483839681471435,0.756437471556835 
 12/06  18:00:00,2.09692319012985,10.9224848466540,0.000000000000000E+000,9.98524841074592,0.000000000000000E+000,0.274926688085114,0.274926688085114,0.274926688085114,0.633912849265593,0.138113458586428,0.445070293491817,0.587787887011303,0.896750950067775 
 12/06  19:00:00,2.33887538365119,9.68638910103761,0.000000000000000E+000,8.61729629096027,0.000000000000000E+000,0.237262472806609,0.237262472806609,0.237262472806609,0.835928985149814,0.182127627489235,0.398284023104866,0.638160237411070,1.02513779190417 
 12/06  20:00:00,2.17913553992243,9.72763275186850,0.000000000000000E+000,8.63624854160306,0.000000000000000E+000,0.237784290520766,0.237784290520766,0.237784290520766,0.780200436295569,0.169985796584278,0.315346148810717,0.658706854021501,1.04601398811437 
 12/06  21:00:00,2.08278136254078,9.84572658839305,0.000000000000000E+000,8.82908364524232,0.000000000000000E+000,0.243093674344711,0.243093674344711,0.243093674344711,0.710539708431312,0.154808498846700,0.275875148663200,0.681352318565255,0.969712953174589 
 12/06  22:00:00,1.92152279831229,10.0386934017165,0.000000000000000E+000,9.11681233257611,0.000000000000000E+000,0.251015790232246,0.251015790232246,0.251015790232246,0.599082443537010,0.130524800611257,0.258342489697899,0.665445260544277,0.876046720953580 
 12/06  23:00:00,1.60185013184894,10.2093602373009,0.000000000000000E+000,9.44442186223792,0.000000000000000E+000,0.260035956708838,0.260035956708838,0.260035956708838,0.445828808798481,9.713473830347846E-002,0.205881020852975,0.575857593495570,0.725274620564654 
 12/06  24:00:00,1.30672671057642,10.4578382197880,0.000000000000000E+000,9.86126454131663,0.000000000000000E+000,0.271513004900078,0.271513004900078,0.271513004900078,0.313473400778520,6.829786713824999E-002,0.135920890493347,0.500409533576620,0.562106613848823 
 12/07  01:00:00,0.991915820093474,10.5658582443177,0.000000000000000E+000,10.1474284536183,0.000000000000000E+000,0.279392037391037,0.279392037391037,0.279392037391037,0.160219766039990,3.490778661770695E-002,8.636931076758889E-002,0.413914905587548,0.389920278306320 
 12/07  02:00:00,0.874416272957403,10.6952323244854,0.000000000000000E+000,10.3578462421115,0.000000000000000E+000,0.285185530284250,0.285185530284250,0.285185530284250,9.752508588428629E-002,2.124823140282152E-002,7.223881327716383E-002,0.381106598419282,0.311136331171321 
 12/07  03:00:00,0.818565144923489,10.8005632507782,0.000000000000000E+000,10.4853309713677,0.000000000000000E+000,0.288695603639873,0.288695603639873,0.288695603639873,6.269468015570399E-002,1.365957342765000E-002,5.971530281942931E-002,0.376687971191233,0.289286873149449 
 12/07  04:00:00,0.809380966955439,10.9234113059679,0.000000000000000E+000,10.6023678269361,0.000000000000000E+000,0.291918012713915,0.291918012713915,0.291918012713915,6.269468015570399E-002,1.365957342765000E-002,5.261106845099969E-002,0.371385618517571,0.295463286700407 
 12/07  05:00:00,0.811213854925606,11.1786423969615,0.000000000000000E+000,10.7956371262147,0.000000000000000E+000,0.297239351370046,0.297239351370046,0.297239351370046,6.269468015570399E-002,1.365957342765000E-002,6.315175921409334E-002,0.357356477068514,0.358391373604683 
 12/07  06:00:00,0.875418947443950,11.5090915344427,0.000000000000000E+000,10.8489133755992,0.000000000000000E+000,0.298706221516322,0.298706221516322,0.298706221516322,6.966075294212971E-002,1.517730320140785E-002,7.598154876300982E-002,0.398781107331481,0.632711027874959 
 12/07  07:00:00,1.08006643198126,11.8655146013587,0.000000000000000E+000,10.6882998853460,0.000000000000000E+000,0.294284004549785,0.294284004549785,0.294284004549785,0.146287587029976,3.187233799785000E-002,0.129758134509170,0.460752354204875,1.14547914723990 
 12/07  08:00:00,1.40873379255018,12.7562688371443,0.000000000000000E+000,11.4344567122525,0.000000000000000E+000,0.314828152955018,0.314828152955018,0.314828152955018,0.299541221768505,6.526240030562848E-002,0.207406094963531,0.489583896867899,1.28809070537585 
 12/07  09:00:00,1.34568571065752,11.8004115473462,0.000000000000000E+000,10.5199245006912,0.000000000000000E+000,0.289648077134260,0.289648077134260,0.289648077134260,0.292575174059952,6.374467599570000E-002,0.268690864190452,0.413914905587548,1.25197753426186 
 12/07  10:00:00,1.15093407317837,10.4759739265758,0.000000000000000E+000,9.31184540545567,0.000000000000000E+000,0.256385691369222,0.256385691369222,0.256385691369222,0.160219766039990,3.490778661770695E-002,0.330033759705594,0.352275055756258,1.13986462066067 
 12/07  11:00:00,1.14676894240788,10.5850680730047,0.000000000000000E+000,9.55308362358962,0.000000000000000E+000,0.263027771928754,0.263027771928754,0.263027771928754,0.132355408019962,2.883687116522848E-002,0.344876895795482,0.360559981808849,1.00714990219036 
 12/07  12:00:00,1.10377744119622,8.30943630384875,0.000000000000000E+000,7.39768929482606,0.000000000000000E+000,0.203682686063220,0.203682686063220,0.203682686063220,0.132355408019962,2.883687116522848E-002,0.361120014768658,0.360670447489552,0.886904853174418 
 12/07  13:00:00,1.05462604599158,6.98945112881860,0.000000000000000E+000,6.17001073613122,0.000000000000000E+000,0.169880662689235,0.169880662689235,0.169880662689235,0.132355408019962,2.883687116522848E-002,0.351846255376571,0.354594835050983,0.795016711133646 
 12/07  14:00:00,1.01880566557187,6.42406301349024,0.000000000000000E+000,5.65848975077882,0.000000000000000E+000,0.155796809728940,0.155796809728940,0.155796809728940,0.132355408019962,2.883687116522848E-002,0.317848037359318,0.366856525608822,0.740305023945087 
 12/07  15:00:00,1.02729372972013,6.22783322387315,0.000000000000000E+000,5.51571594834159,0.000000000000000E+000,0.151865777967412,0.151865777967412,0.151865777967412,0.146287587029976,3.187233799785000E-002,0.292642405135342,0.387513607899952,0.685426224163788 
 12/07  16:00:00,1.13373168979317,6.48363117525785,0.000000000000000E+000,5.76287991882289,0.000000000000000E+000,0.158671013953856,0.158671013953856,0.158671013953856,0.202016219477126,4.401416890280695E-002,0.302863858133087,0.409054415636696,0.692576523477492 
 12/07  17:00:00,1.45839803858235,6.69677835526943,0.000000000000000E+000,5.90439690293816,0.000000000000000E+000,0.162567441378609,0.162567441378609,0.162567441378609,0.362235901924209,7.892197373327849E-002,0.353721026385214,0.483839681471435,0.759055681239265 
 12/07  18:00:00,2.02199270313793,8.20453719814645,0.000000000000000E+000,7.26379735277915,0.000000000000000E+000,0.199996201093189,0.199996201093189,0.199996201093189,0.633912849265593,0.138113458586428,0.445070293491817,0.587787887011303,0.900254359526970 
 12/07  19:00:00,2.27072272189666,7.21480943655518,0.000000000000000E+000,6.14201365393269,0.000000000000000E+000,0.169109811052074,0.169109811052074,0.169109811052074,0.835928985149814,0.182127627489235,0.398284023104866,0.638160237411070,1.02884076444931 
 12/07  20:00:00,2.12187568272798,7.65252199209672,0.000000000000000E+000,6.55658904389218,0.000000000000000E+000,0.180524433326317,0.180524433326317,0.180524433326317,0.780200436295569,0.169985796584278,0.315346148810717,0.658706854021501,1.05056272605348 
 12/07  21:00:00,2.02495516999989,7.74929767596168,0.000000000000000E+000,6.72885503087936,0.000000000000000E+000,0.185267481803822,0.185267481803822,0.185267481803822,0.710539708431312,0.154808498846700,0.275875148663200,0.681352318565255,0.973512655106179 
 12/07  22:00:00,1.86231814182238,7.89152752823333,0.000000000000000E+000,6.96651835332575,0.000000000000000E+000,0.191811133742334,0.191811133742334,0.191811133742334,0.599082443537010,0.130524800611257,0.258342489697899,0.665445260544277,0.879174826720743 
 12/07  23:00:00,1.54341684012579,8.08994376913795,0.000000000000000E+000,7.32214360188736,0.000000000000000E+000,0.201602664985690,0.201602664985690,0.201602664985690,0.445828808798481,9.713473830347846E-002,0.205881020852975,0.575857593495570,0.728136412752253 
 12/07  24:00:00,1.24391139990145,8.17899186640801,0.000000000000000E+000,7.57983276960900,0.000000000000000E+000,0.208697694225110,0.208697694225110,0.208697694225110,0.313473400778520,6.829786713824999E-002,0.135920890493347,0.500409533576620,0.564692032176459 
 12/08  01:00:00,0.927383998281394,8.22409094861016,0.000000000000000E+000,7.80365355246307,0.000000000000000E+000,0.214860215578957,0.214860215578957,0.214860215578957,0.160219766039990,3.490778661770695E-002,8.636931076758889E-002,0.413914905587548,0.391927883753984 
 12/08  02:00:00,0.809287886581686,8.33162779754429,0.000000000000000E+000,7.99240430891055,0.000000000000000E+000,0.220057143908533,0.220057143908533,0.220057143908533,9.752508588428629E-002,2.124823140282152E-002,7.223881327716383E-002,0.381106598419282,0.312973737431142 
 12/08  03:00:00,0.754018484502330,8.45811604556398,0.000000000000000E+000,8.14101713672900,0.000000000000000E+000,0.224148943218716,0.224148943218716,0.224148943218716,6.269468015570399E-002,1.365957342765000E-002,5.971530281942931E-002,0.376687971191233,0.291153502573835 
 12/08  04:00:00,0.744287680648024,8.56104505182226,0.000000000000000E+000,8.23820071686591,0.000000000000000E+000,0.226824726406497,0.226824726406497,0.226824726406497,6.269468015570399E-002,1.365957342765000E-002,5.261106845099969E-002,0.371385618517571,0.297264142624974 
 12/08  05:00:00,0.764066285281745,9.46818168635432,0.000000000000000E+000,9.08325264242399,0.000000000000000E+000,0.250091781726183,0.250091781726183,0.250091781726183,6.269468015570399E-002,1.365957342765000E-002,6.315175921409334E-002,0.357356477068514,0.360315146788170 
 12/08  06:00:00,0.835068503221560,10.0459944220106,0.000000000000000E+000,9.38339828919265,0.000000000000000E+000,0.258355777293932,0.258355777293932,0.258355777293932,6.966075294212971E-002,1.517730320140785E-002,7.598154876300982E-002,0.398781107331481,0.635129001849412 
 12/08  07:00:00,1.06189407530424,11.2090502469001,0.000000000000000E+000,10.0282857670641,0.000000000000000E+000,0.276111647872772,0.276111647872772,0.276111647872772,0.146287587029976,3.187233799785000E-002,0.129758134509170,0.460752354204875,1.14902891106314 
 12/08  08:00:00,1.37227783279650,11.4361385705378,0.000000000000000E+000,10.1103880424260,0.000000000000000E+000,0.278372193201337,0.278372193201337,0.278372193201337,0.299541221768505,6.526240030562848E-002,0.207406094963531,0.489583896867899,1.29202910859594 
 12/08  09:00:00,1.35155750609264,12.0176975107937,0.000000000000000E+000,10.7331862121867,0.000000000000000E+000,0.295519872569387,0.295519872569387,0.295519872569387,0.292575174059952,6.374467599570000E-002,0.268690864190452,0.413914905587548,1.25600178621388 
 12/08  10:00:00,1.20830551124051,12.5631997967306,0.000000000000000E+000,11.3955574842001,0.000000000000000E+000,0.313757129431358,0.313757129431358,0.313757129431358,0.160219766039990,3.490778661770695E-002,0.330033759705594,0.352275055756258,1.14337841207105 
 12/08  11:00:00,1.23687515608217,13.8598718650805,0.000000000000000E+000,12.8257121674254,0.000000000000000E+000,0.353133985603049,0.353133985603049,0.353133985603049,0.132355408019962,2.883687116522848E-002,0.344876895795482,0.360559981808849,1.00932515043037 
 12/08  12:00:00,1.26565579883432,14.1908004972802,0.000000000000000E+000,13.2770588991316,0.000000000000000E+000,0.365561043701320,0.365561043701320,0.365561043701320,0.132355408019962,2.883687116522848E-002,0.361120014768658,0.360670447489552,0.888899442300368 
 12/08  13:00:00,1.22038270890517,13.0088128626988,0.000000000000000E+000,12.1902391339508,0.000000000000000E+000,0.335637325602826,0.335637325602826,0.335637325602826,0.132355408019962,2.883687116522848E-002,0.351846255376571,0.354594835050983,0.794150047194229 
 12/08  14:00:00,1.19467596584767,12.8090292023421,0.000000000000000E+000,12.0460421872403,0.000000000000000E+000,0.331667110004742,0.331667110004742,0.331667110004742,0.132355408019962,2.883687116522848E-002,0.317848037359318,0.366856525608822,0.737718776335457 
 12/08  15:00:00,1.17636557250435,11.6399608883928,0.000000000000000E+000,10.9299570742787,0.000000000000000E+000,0.300937620751635,0.300937620751635,0.300937620751635,0.146287587029976,3.187233799785000E-002,0.292642405135342,0.387513607899952,0.683312762746334 
 12/08  16:00:00,1.27206107342281,11.5054578461437,0.000000000000000E+000,10.7869584019555,0.000000000000000E+000,0.297000397583497,0.297000397583497,0.297000397583497,0.202016219477126,4.401416890280695E-002,0.302863858133087,0.409054415636696,0.690324711230747 
 12/08  17:00:00,1.60376014838386,11.9750297080060,0.000000000000000E+000,11.1839017265253,0.000000000000000E+000,0.307929551180119,0.307929551180119,0.307929551180119,0.362235901924209,7.892197373327849E-002,0.353721026385214,0.483839681471435,0.757802210388680 
 12/08  18:00:00,2.18233405950242,14.0271349435733,0.000000000000000E+000,13.0873435678331,0.000000000000000E+000,0.360337557457679,0.360337557457679,0.360337557457679,0.633912849265593,0.138113458586428,0.445070293491817,0.587787887011303,0.899305889899886 
 12/08  19:00:00,2.42747193408077,12.9072459152007,0.000000000000000E+000,11.8350943539137,0.000000000000000E+000,0.325859023236182,0.325859023236182,0.325859023236182,0.835928985149814,0.182127627489235,0.398284023104866,0.638160237411070,1.02819654311390 
 12/08  20:00:00,2.27477677928261,13.2046362877494,0.000000000000000E+000,12.1099074285398,0.000000000000000E+000,0.333425529880941,0.333425529880941,0.333425529880941,0.780200436295569,0.169985796584278,0.315346148810717,0.658706854021501,1.04935863705847 
 12/08  21:00:00,2.17166424186578,13.0765231692980,0.000000000000000E+000,12.0572810810901,0.000000000000000E+000,0.331976553669711,0.331976553669711,0.331976553669711,0.710539708431312,0.154808498846700,0.275875148663200,0.681352318565255,0.972312098231815 
 12/08  22:00:00,2.01529308196853,13.4465584492301,0.000000000000000E+000,12.5225187133395,0.000000000000000E+000,0.344786073888483,0.344786073888483,0.344786073888483,0.599082443537010,0.130524800611257,0.258342489697899,0.665445260544277,0.878205387703726 
 12/08  23:00:00,1.69436403660589,13.5707786905762,0.000000000000000E+000,12.8044969676427,0.000000000000000E+000,0.352549861465780,0.352549861465780,0.352549861465780,0.445828808798481,9.713473830347846E-002,0.205881020852975,0.575857593495570,0.726617968435154 
 12/08  24:00:00,1.41029859260364,14.2199221222856,0.000000000000000E+000,13.6229618054619,0.000000000000000E+000,0.375084886927303,0.375084886927303,0.375084886927303,0.313473400778520,6.829786713824999E-002,0.135920890493347,0.500409533576620,0.562493252201125 
 12/09  01:00:00,1.10976434734902,14.6221146864145,0.000000000000000E+000,14.1888946212678,0.000000000000000E+000,0.390666876310837,0.390666876310837,0.390666876310837,0.160219766039990,3.490778661770695E-002,9.294299910333617E-002,0.413914905587548,0.404710552753589 
 12/09  02:00:00,1.00182740970869,15.1864672522974,0.000000000000000E+000,14.8420227763678,0.000000000000000E+000,0.408649639802581,0.408649639802581,0.408649639802581,9.752508588428629E-002,2.124823140282152E-002,7.618584051012475E-002,0.381106598419282,0.318194724727065 
 12/09  03:00:00,0.944090737919214,15.2694373124434,0.000000000000000E+000,14.9495405077437,0.000000000000000E+000,0.411609956119379,0.411609956119379,0.411609956119379,6.269468015570399E-002,1.365957342765000E-002,6.232654333565033E-002,0.376687971191233,0.293951398438547 
 12/09  04:00:00,0.932950670753748,15.3665534314290,0.000000000000000E+000,15.0407884336154,0.000000000000000E+000,0.414122311247926,0.414122311247926,0.414122311247926,6.269468015570399E-002,1.365957342765000E-002,5.397647371529803E-002,0.371385618517571,0.300184805482183 
 12/09  05:00:00,0.933957290801640,15.5514872960674,0.000000000000000E+000,15.1566234410008,0.000000000000000E+000,0.417311629493681,0.417311629493681,0.417311629493681,6.269468015570399E-002,1.365957342765000E-002,6.582291696649339E-002,0.357356477068514,0.370249957924418 
 12/09  06:00:00,1.00222332423595,16.0038014872017,0.000000000000000E+000,15.3056166675628,0.000000000000000E+000,0.421413902430797,0.421413902430797,0.421413902430797,6.966075294212971E-002,1.517730320140785E-002,8.007824464053613E-002,0.398781107331481,0.670717688670358 
 12/09  07:00:00,1.21499163016396,16.4694910989409,0.000000000000000E+000,15.2028239772279,0.000000000000000E+000,0.418583682014575,0.418583682014575,0.418583682014575,0.146287587029976,3.187233799785000E-002,0.140383655227083,0.460752354204875,1.23493155294025 
 12/09  08:00:00,1.54954293900959,17.2110473098026,0.000000000000000E+000,15.7800249424805,0.000000000000000E+000,0.434475920565764,0.434475920565764,0.434475920565764,0.299541221768505,6.526240030562848E-002,0.228567473812190,0.489583896867899,1.39730094780607 
 12/09  09:00:00,1.49604585552102,16.1973350297738,0.000000000000000E+000,14.8028431196178,0.000000000000000E+000,0.407570895155730,0.407570895155730,0.407570895155730,0.292575174059952,6.374467599570000E-002,0.301128191032485,0.413914905587548,1.36598239776287 
 12/09  10:00:00,1.31642260831865,14.9561893675136,0.000000000000000E+000,13.6868206986368,0.000000000000000E+000,0.376843132018776,0.376843132018776,0.376843132018776,0.160219766039990,3.490778661770695E-002,0.375064854196324,0.352275055756258,1.24510476841741 
 12/09  11:00:00,1.32735399894552,15.3846995273344,0.000000000000000E+000,14.2626120200288,0.000000000000000E+000,0.392696558444109,0.392696558444109,0.392696558444109,0.132355408019962,2.883687116522848E-002,0.395793165817765,0.360559981808849,1.09725296008091 
 12/09  12:00:00,1.27243724640306,12.6033066667832,0.000000000000000E+000,11.6169825839494,0.000000000000000E+000,0.319853689760042,0.319853689760042,0.319853689760042,0.132355408019962,2.883687116522848E-002,0.413608816278677,0.360670447489552,0.961481926985501 
 12/09  13:00:00,1.20971931389205,10.9505317684318,0.000000000000000E+000,10.0664845648416,0.000000000000000E+000,0.277163386250205,0.277163386250205,0.277163386250205,0.132355408019962,2.883687116522848E-002,0.399656799716067,0.354594835050983,0.859623522036468 
 12/09  14:00:00,1.16176955483954,10.0893483717033,0.000000000000000E+000,9.26778746730996,0.000000000000000E+000,0.255172631611467,0.255172631611467,0.255172631611467,0.132355408019962,2.883687116522848E-002,0.361436104744461,0.366856525608822,0.796292665626962 
 12/09  15:00:00,1.16475675614369,9.84994589442597,0.000000000000000E+000,9.08729935134425,0.000000000000000E+000,0.250203200915303,0.250203200915303,0.250203200915303,0.146287587029976,3.187233799785000E-002,0.331768008611008,0.387513607899952,0.735955491713947 
 12/09  16:00:00,1.26798184343188,10.0640763750597,0.000000000000000E+000,9.29283110028666,0.000000000000000E+000,0.255862165090122,0.255862165090122,0.255862165090122,0.202016219477126,4.401416890280695E-002,0.339922860635529,0.409054415636696,0.743070541815625 
 12/09  17:00:00,1.60034545845570,10.6094592658019,0.000000000000000E+000,9.75535303625835,0.000000000000000E+000,0.268596913269904,0.268596913269904,0.268596913269904,0.362235901924209,7.892197373327849E-002,0.389638974367272,0.483839681471435,0.820780458451525 
 12/09  18:00:00,2.19068911455783,13.1219928183885,0.000000000000000E+000,12.1068247645841,0.000000000000000E+000,0.333340654016368,0.333340654016368,0.333340654016368,0.633912849265593,0.138113458586428,0.480422251988538,0.587787887011303,0.974682567964008 
 12/09  19:00:00,2.42369045573882,11.6201015764272,0.000000000000000E+000,10.4516117206180,0.000000000000000E+000,0.287767201906438,0.287767201906438,0.287767201906438,0.835928985149814,0.182127627489235,0.432594366092666,0.638160237411070,1.12453483763604 
 12/09  20:00:00,2.26062091030650,11.5539234141869,0.000000000000000E+000,10.3520114508743,0.000000000000000E+000,0.285024879315490,0.285024879315490,0.285024879315490,0.780200436295569,0.169985796584278,0.349590930400065,0.658706854021501,1.15654174116151 
 12/09  21:00:00,2.16544243288281,11.6871266200467,0.000000000000000E+000,10.5653701985306,0.000000000000000E+000,0.290899346474863,0.290899346474863,0.290899346474863,0.710539708431312,0.154808498846700,0.310730546875078,0.681352318565255,1.07482643154000 
 12/09  22:00:00,2.00432657376116,11.8412860960601,0.000000000000000E+000,10.8309880974151,0.000000000000000E+000,0.298212679727331,0.298212679727331,0.298212679727331,0.599082443537010,0.130524800611257,0.293949375651685,0.665445260544277,0.964463650458175 
 12/09  23:00:00,1.67958027878135,12.0741995127902,0.000000000000000E+000,11.2399545336878,0.000000000000000E+000,0.309472869082403,0.309472869082403,0.309472869082403,0.445828808798481,9.713473830347846E-002,0.234174255411816,0.575857593495570,0.794581224604140 
 12/09  24:00:00,1.37255869971582,12.3277865979686,0.000000000000000E+000,11.6880400887652,0.000000000000000E+000,0.321810136275839,0.321810136275839,0.321810136275839,0.313473400778520,6.829786713824999E-002,0.151455748256992,0.500409533576620,0.605279444580852 
 12/10  01:00:00,1.05358045535178,12.5829248916611,0.000000000000000E+000,12.1483138315947,0.000000000000000E+000,0.334482984313598,0.334482984313598,0.334482984313598,0.160219766039990,3.490778661770695E-002,9.294299910333617E-002,0.413914905587548,0.406101547673253 
 12/10  02:00:00,0.936443811486728,12.8130583031715,0.000000000000000E+000,12.4673116314366,0.000000000000000E+000,0.343266041580614,0.343266041580614,0.343266041580614,9.752508588428629E-002,2.124823140282152E-002,7.618584051012475E-002,0.381106598419282,0.319496920532288 
 12/10  03:00:00,0.881776033832304,13.0073814524615,0.000000000000000E+000,12.6862906054378,0.000000000000000E+000,0.349295252032467,0.349295252032467,0.349295252032467,6.269468015570399E-002,1.365957342765000E-002,6.232654333565033E-002,0.376687971191233,0.295145440762611 
 12/10  04:00:00,0.871873920261553,13.1496824472804,0.000000000000000E+000,12.8225006055639,0.000000000000000E+000,0.353045560755731,0.353045560755731,0.353045560755731,6.269468015570399E-002,1.365957342765000E-002,5.397647371529803E-002,0.371385618517571,0.301601649385168 
 12/10  05:00:00,0.872139024522231,13.3076620088963,0.000000000000000E+000,12.9114039993348,0.000000000000000E+000,0.355493363214269,0.355493363214269,0.355493363214269,6.269468015570399E-002,1.365957342765000E-002,6.582291696649339E-002,0.357356477068514,0.371644112419305 
 12/10  06:00:00,0.936782945607590,13.6293109409795,0.000000000000000E+000,12.9288432766319,0.000000000000000E+000,0.355973523802436,0.355973523802436,0.355973523802436,6.966075294212971E-002,1.517730320140785E-002,8.007824464053613E-002,0.398781107331481,0.673000533379049 
 12/10  07:00:00,1.14537028443377,13.9447738374959,0.000000000000000E+000,12.6741992131191,0.000000000000000E+000,0.348962336284382,0.348962336284382,0.348962336284382,0.146287587029976,3.187233799785000E-002,0.140383655227083,0.460752354204875,1.23883905560394 
 12/10  08:00:00,1.45978062114637,13.9555183683195,0.000000000000000E+000,12.5198865833007,0.000000000000000E+000,0.344713602702548,0.344713602702548,0.344713602702548,0.299541221768505,6.526240030562848E-002,0.228567473812190,0.489583896867899,1.40191036550286 
 12/10  09:00:00,1.42166759225017,13.5008120467302,0.000000000000000E+000,12.1014486486333,0.000000000000000E+000,0.333192631884887,0.333192631884887,0.333192631884887,0.292575174059952,6.374467599570000E-002,0.301128191032485,0.413914905587548,1.37085388570383 
 12/10  10:00:00,1.24401961553729,12.3309322680016,0.000000000000000E+000,11.0571674131050,0.000000000000000E+000,0.304440139237408,0.304440139237408,0.304440139237408,0.160219766039990,3.490778661770695E-002,0.375064854196324,0.352275055756258,1.24950095443712 
 12/10  11:00:00,1.24635406752316,12.4467025835220,0.000000000000000E+000,11.3207207029689,0.000000000000000E+000,0.311696627021752,0.311696627021752,0.311696627021752,0.132355408019962,2.883687116522848E-002,0.395793165817765,0.360559981808849,1.10114733332835 
 12/10  12:00:00,1.20231119029969,10.0599995282959,0.000000000000000E+000,9.07002690229052,0.000000000000000E+000,0.249727633656671,0.249727633656671,0.249727633656671,0.132355408019962,2.883687116522848E-002,0.413608816278677,0.360670447489552,0.965130470157092 
 12/10  13:00:00,1.14278018783460,8.52239587478897,0.000000000000000E+000,7.63527715192245,0.000000000000000E+000,0.210224260192759,0.210224260192759,0.210224260192759,0.132355408019962,2.883687116522848E-002,0.399656799716067,0.354594835050983,0.862695041312778 
 12/10  14:00:00,1.08893868298500,7.44695713799656,0.000000000000000E+000,6.62259375219976,0.000000000000000E+000,0.182341759756925,0.182341759756925,0.182341759756925,0.132355408019962,2.883687116522848E-002,0.361436104744461,0.366856525608822,0.799095147030440 
 12/10  15:00:00,1.08530274263600,6.96731241575211,0.000000000000000E+000,6.20155527305578,0.000000000000000E+000,0.170749187407610,0.170749187407610,0.170749187407610,0.146287587029976,3.187233799785000E-002,0.331768008611008,0.387513607899952,0.739066091328569 
 12/10  16:00:00,1.17651731562341,6.74487372384619,0.000000000000000E+000,5.97086902632293,0.000000000000000E+000,0.164397637281647,0.164397637281647,0.164397637281647,0.202016219477126,4.401416890280695E-002,0.339922860635529,0.409054415636696,0.745829964565789 
 12/10  17:00:00,1.50151545877229,7.02323715948421,0.000000000000000E+000,6.16587940550172,0.000000000000000E+000,0.169766913586496,0.169766913586496,0.169766913586496,0.362235901924209,7.892197373327849E-002,0.389638974367272,0.483839681471435,0.824031982890489 
 12/10  18:00:00,2.08567982311593,9.31240179467220,0.000000000000000E+000,8.29292125529947,0.000000000000000E+000,0.228331362574466,0.228331362574466,0.228331362574466,0.633912849265593,0.138113458586428,0.480422251988538,0.587787887011303,0.978995053532388 
 12/10  19:00:00,2.33956603444789,8.56919848548150,0.000000000000000E+000,7.39623994186886,0.000000000000000E+000,0.203642780615504,0.203642780615504,0.203642780615504,0.835928985149814,0.182127627489235,0.432594366092666,0.638160237411070,1.12900352543944 
 12/10  20:00:00,2.19026359890893,9.00361430169629,0.000000000000000E+000,7.79665665170878,0.000000000000000E+000,0.214667567917916,0.214667567917916,0.214667567917916,0.780200436295569,0.169985796584278,0.349590930400065,0.658706854021501,1.16158742783644 
 12/10  21:00:00,2.10273411823998,9.41374794495105,0.000000000000000E+000,8.28782448811195,0.000000000000000E+000,0.228191031832037,0.228191031832037,0.228191031832037,0.710539708431312,0.154808498846700,0.310730546875078,0.681352318565255,1.07899346686296 
 12/10  22:00:00,1.94678824161689,9.75529048726523,0.000000000000000E+000,8.74121447957465,0.000000000000000E+000,0.240674347583064,0.240674347583064,0.240674347583064,0.599082443537010,0.130524800611257,0.293949375651685,0.665445260544277,0.968241659503747 
 12/10  23:00:00,1.62221207015288,9.99370774465002,0.000000000000000E+000,9.15635974692983,0.000000000000000E+000,0.252104660453932,0.252104660453932,0.252104660453932,0.445828808798481,9.713473830347846E-002,0.234174255411816,0.575857593495570,0.797684243221884 
 12/10  24:00:00,1.31357628155010,10.1878387613697,0.000000000000000E+000,9.54581773358624,0.000000000000000E+000,0.262827718110116,0.262827718110116,0.262827718110116,0.313473400778520,6.829786713824999E-002,0.151455748256992,0.500409533576620,0.607553963160873 
 12/11  01:00:00,0.984547540958553,10.3006921794127,0.000000000000000E+000,9.87981493805041,0.000000000000000E+000,0.272023758256118,0.272023758256118,0.272023758256118,0.160219766039990,3.490778661770695E-002,8.636931076758889E-002,0.413914905587548,0.392367728969213 
 12/11  02:00:00,0.868758010867005,10.4912821968488,0.000000000000000E+000,10.1523399926481,0.000000000000000E+000,0.279527268193852,0.279527268193852,0.279527268193852,9.752508588428629E-002,2.124823140282152E-002,7.223881327716383E-002,0.381106598419282,0.312692452998098 
 12/11  03:00:00,0.817881460743778,10.7770753390888,0.000000000000000E+000,10.4604997830372,0.000000000000000E+000,0.288011919460162,0.288011919460162,0.288011919460162,6.269468015570399E-002,1.365957342765000E-002,5.971530281942931E-002,0.376687971191233,0.290630149790481 
 12/11  04:00:00,0.807757126974762,10.8657827334434,0.000000000000000E+000,10.5433904839241,0.000000000000000E+000,0.290294172733238,0.290294172733238,0.290294172733238,6.269468015570399E-002,1.365957342765000E-002,5.261106845099969E-002,0.371385618517571,0.296812057187942 
 12/11  05:00:00,0.801298757096093,10.8202119703625,0.000000000000000E+000,10.4355239792004,0.000000000000000E+000,0.287324253540530,0.287324253540530,0.287324253540530,6.269468015570399E-002,1.365957342765000E-002,6.315175921409334E-002,0.357356477068514,0.360074094020011 
 12/11  06:00:00,0.861276814948251,11.0003757250681,0.000000000000000E+000,10.3352756963663,0.000000000000000E+000,0.284564089020625,0.284564089020625,0.284564089020625,6.966075294212971E-002,1.517730320140785E-002,7.598154876300982E-002,0.398781107331481,0.637632897733316 
 12/11  07:00:00,1.06316984681586,11.2626906675446,0.000000000000000E+000,10.0746213758315,0.000000000000000E+000,0.277387419384385,0.277387419384385,0.277387419384385,0.146287587029976,3.187233799785000E-002,0.129758134509170,0.460752354204875,1.15633372294033 
 12/11  08:00:00,1.36241122855652,11.0865501602126,0.000000000000000E+000,9.75203616690239,0.000000000000000E+000,0.268505588961351,0.268505588961351,0.268505588961351,0.299541221768505,6.526240030562848E-002,0.207406094963531,0.489583896867899,1.30079257379430 
 12/11  09:00:00,1.30134229800046,10.2023570099462,0.000000000000000E+000,8.90938609190695,0.000000000000000E+000,0.245304664477203,0.245304664477203,0.245304664477203,0.292575174059952,6.374467599570000E-002,0.268690864190452,0.413914905587548,1.26446140564619 
 12/11  10:00:00,1.11137641703155,9.05098782019557,0.000000000000000E+000,7.87512412559718,0.000000000000000E+000,0.216828035222398,0.216828035222398,0.216828035222398,0.160219766039990,3.490778661770695E-002,0.330033759705594,0.352275055756258,1.15159979413893 
 12/11  11:00:00,1.09522981695718,8.72317823565101,0.000000000000000E+000,7.68119925295151,0.000000000000000E+000,0.211488646478056,0.211488646478056,0.211488646478056,0.132355408019962,2.883687116522848E-002,0.344876895795482,0.360559981808849,1.01714443547476 
 12/11  12:00:00,1.05199471989929,6.43761976633978,0.000000000000000E+000,5.51695760182236,0.000000000000000E+000,0.151899964766295,0.151899964766295,0.151899964766295,0.132355408019962,2.883687116522848E-002,0.361120014768658,0.360670447489552,0.895820008669150 
 12/11  13:00:00,1.00385484889326,5.15333514755490,0.000000000000000E+000,4.32601727493366,0.000000000000000E+000,0.119109465590917,0.119109465590917,0.119109465590917,0.132355408019962,2.883687116522848E-002,0.351846255376571,0.354594835050983,0.802894191067503 
 12/11  14:00:00,0.961532989216407,4.35133687462516,0.000000000000000E+000,3.57836466528516,0.000000000000000E+000,9.852413337347864E-002,9.852413337347864E-002,9.852413337347864E-002,0.132355408019962,2.883687116522848E-002,0.317848037359318,0.366856525608822,0.747703970573651 
 12/11  15:00:00,0.955863737396148,3.64080709484865,0.000000000000000E+000,2.92140172479165,0.000000000000000E+000,8.043578564342480E-002,8.043578564342480E-002,8.043578564342480E-002,0.146287587029976,3.187233799785000E-002,0.292642405135342,0.387513607899952,0.692714318689253 
 12/11  16:00:00,1.05289898306715,3.55525094642448,0.000000000000000E+000,2.82706214866013,0.000000000000000E+000,7.783830722783736E-002,7.783830722783736E-002,7.783830722783736E-002,0.202016219477126,4.401416890280695E-002,0.302863858133087,0.409054415636696,0.700014064806868 
 12/11  17:00:00,1.37992648001102,3.85516362753382,0.000000000000000E+000,3.05433527025129,0.000000000000000E+000,8.409588280728714E-002,8.409588280728714E-002,8.409588280728714E-002,0.362235901924209,7.892197373327849E-002,0.353721026385214,0.483839681471435,0.767502586190517 
 12/11  18:00:00,1.94159279205795,5.29487069234216,0.000000000000000E+000,4.34369858053161,0.000000000000000E+000,0.119596290013215,0.119596290013215,0.119596290013215,0.633912849265593,0.138113458586428,0.445070293491817,0.587787887011303,0.910686625970223 
 12/11  19:00:00,2.20438967876739,4.81741587772726,0.000000000000000E+000,3.73281897698146,0.000000000000000E+000,0.102776767922804,0.102776767922804,0.102776767922804,0.835928985149814,0.182127627489235,0.398284023104866,0.638160237411070,1.04064188257260 
 12/11  20:00:00,2.05185466484324,5.12081966759140,0.000000000000000E+000,4.01344831636864,0.000000000000000E+000,0.110503415441577,0.110503415441577,0.110503415441577,0.780200436295569,0.169985796584278,0.315346148810717,0.658706854021501,1.06200112907171 
 12/11  21:00:00,1.96479277845745,5.57493147867467,0.000000000000000E+000,4.54377642421515,0.000000000000000E+000,0.125105090261382,0.125105090261382,0.125105090261382,0.710539708431312,0.154808498846700,0.275875148663200,0.681352318565255,0.984225064483374 
 12/11  22:00:00,1.80345854165639,5.76365719857804,0.000000000000000E+000,4.82875670818275,0.000000000000000E+000,0.132951533576348,0.132951533576348,0.132951533576348,0.599082443537010,0.130524800611257,0.258342489697899,0.665445260544277,0.889066142208478 
 12/11  23:00:00,1.49018356036579,6.16443068932625,0.000000000000000E+000,5.38872809455836,0.000000000000000E+000,0.148369385225686,0.148369385225686,0.148369385225686,0.445828808798481,9.713473830347846E-002,0.205881020852975,0.575857593495570,0.736038840269559 
 12/11  24:00:00,1.19524316695026,6.41660093726775,0.000000000000000E+000,5.81221828621921,0.000000000000000E+000,0.160029461273925,0.160029461273925,0.160029461273925,0.313473400778520,6.829786713824999E-002,0.135920890493347,0.500409533576620,0.569915586425993 
 12/12  01:00:00,0.886616253238402,6.74650436542167,0.000000000000000E+000,6.32298223519108,0.000000000000000E+000,0.174092470535967,0.174092470535967,0.174092470535967,0.160219766039990,3.490778661770695E-002,8.636931076758889E-002,0.413914905587548,0.395012617837511 
 12/12  02:00:00,0.772037716757824,6.98126054724803,0.000000000000000E+000,6.63949018615143,0.000000000000000E+000,0.182806974084670,0.182806974084670,0.182806974084670,9.752508588428629E-002,2.124823140282152E-002,7.223881327716383E-002,0.381106598419282,0.315520609893978 
 12/12  03:00:00,0.719148041391601,7.19367059915701,0.000000000000000E+000,6.87453391868060,0.000000000000000E+000,0.189278500107986,0.189278500107986,0.189278500107986,6.269468015570399E-002,1.365957342765000E-002,5.971530281942931E-002,0.376687971191233,0.293191274215287 
 12/12  04:00:00,0.707846077646826,7.23939326645856,0.000000000000000E+000,6.91465347964728,0.000000000000000E+000,0.190383123405302,0.190383123405302,0.190383123405302,6.269468015570399E-002,1.365957342765000E-002,5.261106845099969E-002,0.371385618517571,0.299159594479931 
 12/12  05:00:00,0.707062300259788,7.40031611504871,0.000000000000000E+000,7.01288633927897,0.000000000000000E+000,0.193087796704227,0.193087796704227,0.193087796704227,6.269468015570399E-002,1.365957342765000E-002,6.315175921409334E-002,0.357356477068514,0.362815878627554 
 12/12  06:00:00,0.770360730473789,7.70187079908993,0.000000000000000E+000,7.03323290694882,0.000000000000000E+000,0.193648004546161,0.193648004546161,0.193648004546161,6.966075294212971E-002,1.517730320140785E-002,7.598154876300982E-002,0.398781107331481,0.641170761172590 
 12/12  07:00:00,0.981488840682392,8.30078578325381,0.000000000000000E+000,7.10799364549701,0.000000000000000E+000,0.195706413250919,0.195706413250919,0.195706413250919,0.146287587029976,3.187233799785000E-002,0.129758134509170,0.460752354204875,1.16105656898403 
 12/12  08:00:00,1.26998522978712,7.73448816998270,0.000000000000000E+000,6.39515377853999,0.000000000000000E+000,0.176079590191954,0.176079590191954,0.176079590191954,0.299541221768505,6.526240030562848E-002,0.207406094963531,0.489583896867899,1.30561297192679 
 12/12  09:00:00,1.22733819918244,7.51972355541542,0.000000000000000E+000,6.22158115285902,0.000000000000000E+000,0.171300565659189,0.171300565659189,0.171300565659189,0.292575174059952,6.374467599570000E-002,0.268690864190452,0.413914905587548,1.26963289016330 
 12/12  10:00:00,1.06173578669658,7.25283758334759,0.000000000000000E+000,6.07219248366357,0.000000000000000E+000,0.167187404887430,0.167187404887430,0.167187404887430,0.160219766039990,3.490778661770695E-002,0.330033759705594,0.352275055756258,1.15638119922458 
 12/12  11:00:00,1.06841189709508,7.75318756074884,0.000000000000000E+000,6.70718107542340,0.000000000000000E+000,0.184670726615960,0.184670726615960,0.184670726615960,0.132355408019962,2.883687116522848E-002,0.344876895795482,0.360559981808849,1.02117193810071 
 12/12  12:00:00,1.05309837301236,6.48120763854882,0.000000000000000E+000,5.55704192601073,0.000000000000000E+000,0.153003617879360,0.153003617879360,0.153003617879360,0.132355408019962,2.883687116522848E-002,0.361120014768658,0.360670447489552,0.899323556689811 
 12/12  13:00:00,1.02327528154822,5.86101706526334,0.000000000000000E+000,5.03136110915558,0.000000000000000E+000,0.138529898245872,0.138529898245872,0.138529898245872,0.132355408019962,2.883687116522848E-002,0.351846255376571,0.354594835050983,0.805232274554021 
 12/12  14:00:00,1.00445003386695,5.91124543432223,0.000000000000000E+000,5.13709784930424,0.000000000000000E+000,0.141441178024020,0.141441178024020,0.141441178024020,0.132355408019962,2.883687116522848E-002,0.317848037359318,0.366856525608822,0.748879346251662 
 12/12  15:00:00,1.00143622693387,5.29649588097281,0.000000000000000E+000,4.57657980844636,0.000000000000000E+000,0.126008275181145,0.126008275181145,0.126008275181145,0.146287587029976,3.187233799785000E-002,0.292642405135342,0.387513607899952,0.693225021158693 
 12/12  16:00:00,1.09525317297805,5.09399050985054,0.000000000000000E+000,4.36535263054059,0.000000000000000E+000,0.120192497138738,0.120192497138738,0.120192497138738,0.202016219477126,4.401416890280695E-002,0.302863858133087,0.409054415636696,0.700463146352477 
 12/12  17:00:00,1.41563574375614,5.15289658126813,0.000000000000000E+000,4.35128418249870,0.000000000000000E+000,0.119805146552398,0.119805146552398,0.119805146552398,0.362235901924209,7.892197373327849E-002,0.353721026385214,0.483839681471435,0.768286627677399 
 12/12  18:00:00,1.97369494916277,6.46204589634200,0.000000000000000E+000,5.50963854600014,0.000000000000000E+000,0.151698447118026,0.151698447118026,0.151698447118026,0.633912849265593,0.138113458586428,0.445070293491817,0.587787887011303,0.911921864501552 
 12/12  19:00:00,2.22559081055762,5.58917927821057,0.000000000000000E+000,4.50283722798829,0.000000000000000E+000,0.123977899713032,0.123977899713032,0.123977899713032,0.835928985149814,0.182127627489235,0.398284023104866,0.638160237411070,1.04238703204910 
 12/12  20:00:00,2.06574178476429,5.62710340497821,0.000000000000000E+000,4.51782402135130,0.000000000000000E+000,0.124390535362624,0.124390535362624,0.124390535362624,0.780200436295569,0.169985796584278,0.315346148810717,0.658706854021501,1.06390916147584 
 12/12  21:00:00,1.96229109818670,5.48634795338257,0.000000000000000E+000,4.45291620572698,0.000000000000000E+000,0.122603409990638,0.122603409990638,0.122603409990638,0.710539708431312,0.154808498846700,0.275875148663200,0.681352318565255,0.986501757679452 
 12/12  22:00:00,1.79512125378920,5.46287861585173,0.000000000000000E+000,4.52594910879825,0.000000000000000E+000,0.124614245709158,0.124614245709158,0.124614245709158,0.599082443537010,0.130524800611257,0.258342489697899,0.665445260544277,0.891095158866660 
 12/12  23:00:00,1.47394005830295,5.57604059999816,0.000000000000000E+000,4.79876935214733,0.000000000000000E+000,0.132125883162846,0.132125883162846,0.132125883162846,0.445828808798481,9.713473830347846E-002,0.205881020852975,0.575857593495570,0.737607493352523 
 12/12  24:00:00,1.17631785831561,5.73078736336133,0.000000000000000E+000,5.12485719631098,0.000000000000000E+000,0.141104152639272,0.141104152639272,0.141104152639272,0.313473400778520,6.829786713824999E-002,0.135920890493347,0.500409533576620,0.571463102427775 
 12/13  01:00:00,0.861852612911183,5.84832259521931,0.000000000000000E+000,5.42357482609628,0.000000000000000E+000,0.149328830208748,0.149328830208748,0.149328830208748,0.160219766039990,3.490778661770695E-002,8.636931076758889E-002,0.413914905587548,0.396238256729938 
 12/13  02:00:00,0.742969661589295,5.92633617593795,0.000000000000000E+000,5.58374782189916,0.000000000000000E+000,0.153738918916142,0.153738918916142,0.153738918916142,9.752508588428629E-002,2.124823140282152E-002,7.223881327716383E-002,0.381106598419282,0.316338602836183 
 12/13  03:00:00,0.695214166152866,6.32558638566220,0.000000000000000E+000,6.00526330928608,0.000000000000000E+000,0.165344624869252,0.165344624869252,0.165344624869252,6.269468015570399E-002,1.365957342765000E-002,5.971530281942931E-002,0.376687971191233,0.294377670114987 
 12/13  04:00:00,0.690945029027362,6.62693531494798,0.000000000000000E+000,6.30081285892442,0.000000000000000E+000,0.173482074785837,0.173482074785837,0.173482074785837,6.269468015570399E-002,1.365957342765000E-002,5.261106845099969E-002,0.371385618517571,0.300542263692207 
 12/13  05:00:00,0.691256551172912,6.82781698245260,0.000000000000000E+000,6.43882664340281,0.000000000000000E+000,0.177282047617350,0.177282047617350,0.177282047617350,6.269468015570399E-002,1.365957342765000E-002,6.315175921409334E-002,0.357356477068514,0.364376441907631 
 12/13  06:00:00,0.758209965702637,7.26270903723341,0.000000000000000E+000,6.59192105954124,0.000000000000000E+000,0.181497239775010,0.181497239775010,0.181497239775010,6.966075294212971E-002,1.517730320140785E-002,7.598154876300982E-002,0.398781107331481,0.643320846723652 
 12/13  07:00:00,0.981784340981842,8.31522596015744,0.000000000000000E+000,7.11872612081987,0.000000000000000E+000,0.196001913550371,0.196001913550371,0.196001913550371,0.146287587029976,3.187233799785000E-002,0.129758134509170,0.460752354204875,1.16476427056478 
 12/13  08:00:00,1.27782101992587,8.02327735005044,0.000000000000000E+000,6.67974714259238,0.000000000000000E+000,0.183915380330708,0.183915380330708,0.183915380330708,0.299541221768505,6.526240030562848E-002,0.207406094963531,0.489583896867899,1.30980878794212 
 12/13  09:00:00,1.22950658562099,7.60197281341025,0.000000000000000E+000,6.30033624713591,0.000000000000000E+000,0.173468952097735,0.173468952097735,0.173468952097735,0.292575174059952,6.374467599570000E-002,0.268690864190452,0.413914905587548,1.27312705388123 
 12/13  10:00:00,1.03490423311013,6.28122259305967,0.000000000000000E+000,5.09767913367566,0.000000000000000E+000,0.140355851300984,0.140355851300984,0.140355851300984,0.160219766039990,3.490778661770695E-002,0.330033759705594,0.352275055756258,1.15927955892455 
 12/13  11:00:00,1.00796699796523,5.56081067200706,0.000000000000000E+000,4.51184188453612,0.000000000000000E+000,0.124225827486103,0.124225827486103,0.124225827486103,0.132355408019962,2.883687116522848E-002,0.344876895795482,0.360559981808849,1.02413424024623 
 12/13  12:00:00,0.974071307085211,3.61434951590924,0.000000000000000E+000,2.68680444578951,0.000000000000000E+000,7.397655195221031E-002,7.397655195221031E-002,7.397655195221031E-002,0.132355408019962,2.883687116522848E-002,0.361120014768658,0.360670447489552,0.902702914271462 
 12/13  13:00:00,0.930122039256861,2.48194599970639,0.000000000000000E+000,1.64806547123768,0.000000000000000E+000,4.537665595451711E-002,4.537665595451711E-002,4.537665595451711E-002,0.132355408019962,2.883687116522848E-002,0.351846255376571,0.354594835050983,0.809456846914973 
 12/13  14:00:00,0.888344391415761,1.69941631172798,0.000000000000000E+000,0.920178459487023,0.000000000000000E+000,2.533553557283321E-002,2.533553557283321E-002,2.533553557283321E-002,0.132355408019962,2.883687116522848E-002,0.317848037359318,0.366856525608822,0.753969613474617 
 12/13  15:00:00,0.894183553662901,1.40665859020109,0.000000000000000E+000,0.681197396551845,0.000000000000000E+000,1.875560191017925E-002,1.875560191017925E-002,1.875560191017925E-002,0.146287587029976,3.187233799785000E-002,0.292642405135342,0.387513607899952,0.698770142281492 
 12/13  16:00:00,0.997979671055501,1.56658233016453,0.000000000000000E+000,0.832410495147938,0.000000000000000E+000,2.291899521618575E-002,2.291899521618575E-002,2.291899521618575E-002,0.202016219477126,4.401416890280695E-002,0.302863858133087,0.409054415636696,0.705997102059121 
 12/13  17:00:00,1.32849080155379,1.99357638061202,0.000000000000000E+000,1.18620806096520,0.000000000000000E+000,3.266020435005508E-002,3.266020435005508E-002,3.266020435005508E-002,0.362235901924209,7.892197373327849E-002,0.353721026385214,0.483839681471435,0.774042548554810 
 12/13  18:00:00,1.89983658088803,3.78561736707003,0.000000000000000E+000,2.82712649316055,0.000000000000000E+000,7.784007884329158E-002,7.784007884329158E-002,7.784007884329158E-002,0.633912849265593,0.138113458586428,0.445070293491817,0.587787887011303,0.918005388069159 
 12/13  19:00:00,2.16851093012271,3.52213914571990,0.000000000000000E+000,2.42971442798670,0.000000000000000E+000,6.689801927813011E-002,6.689801927813011E-002,6.689801927813011E-002,0.835928985149814,0.182127627489235,0.398284023104866,0.638160237411070,1.04846969956001 
 12/13  20:00:00,2.02539723317353,4.16760830262106,0.000000000000000E+000,3.05252295342024,0.000000000000000E+000,8.404598377186712E-002,8.404598377186712E-002,8.404598377186712E-002,0.780200436295569,0.169985796584278,0.315346148810717,0.658706854021501,1.06971512704975 
 12/13  21:00:00,1.93922011372697,4.65320876476120,0.000000000000000E+000,3.61498551040076,0.000000000000000E+000,9.953242553090477E-002,9.953242553090477E-002,9.953242553090477E-002,0.710539708431312,0.154808498846700,0.275875148663200,0.681352318565255,0.991293264384299 
 12/13  22:00:00,1.78592610541103,5.13311633605839,0.000000000000000E+000,4.19198429305336,0.000000000000000E+000,0.115419097330988,0.115419097330988,0.115419097330988,0.599082443537010,0.130524800611257,0.258342489697899,0.665445260544277,0.895297694818197 
 12/13  23:00:00,1.47976858615477,5.79096630981762,0.000000000000000E+000,5.01045959900817,0.000000000000000E+000,0.137954411014666,0.137954411014666,0.137954411014666,0.445828808798481,9.713473830347846E-002,0.205881020852975,0.575857593495570,0.740842956311124 
 12/13  24:00:00,1.19191029976893,6.29969040846063,0.000000000000000E+000,5.69116962791173,0.000000000000000E+000,0.156696594092593,0.156696594092593,0.156696594092593,0.313473400778520,6.829786713824999E-002,0.135920890493347,0.500409533576620,0.574053715926314 
 12/14  01:00:00,0.889632530480897,6.85852132931776,0.000000000000000E+000,6.43253244929279,0.000000000000000E+000,0.177108747778462,0.177108747778462,0.177108747778462,0.160219766039990,3.490778661770695E-002,8.636931076758889E-002,0.413914905587548,0.397479367631881 
 12/14  02:00:00,0.778651239574396,7.22283380272934,0.000000000000000E+000,6.87969119629550,0.000000000000000E+000,0.189420496901243,0.189420496901243,0.189420496901243,9.752508588428629E-002,2.124823140282152E-002,7.223881327716383E-002,0.381106598419282,0.316892855231204 
 12/14  03:00:00,0.728774266028646,7.54480810508104,0.000000000000000E+000,7.22415528475466,0.000000000000000E+000,0.198904724745031,0.198904724745031,0.198904724745031,6.269468015570399E-002,1.365957342765000E-002,5.971530281942931E-002,0.376687971191233,0.294707414065251 
 12/14  04:00:00,0.718925059884760,7.64326568249232,0.000000000000000E+000,7.31703853202075,0.000000000000000E+000,0.201462105643234,0.201462105643234,0.201462105643234,6.269468015570399E-002,1.365957342765000E-002,5.261106845099969E-002,0.371385618517571,0.300646958140194 
 12/14  05:00:00,0.716253665516621,7.73581078474795,0.000000000000000E+000,7.34671375328022,0.000000000000000E+000,0.202279161961060,0.202279161961060,0.202279161961060,6.269468015570399E-002,1.365957342765000E-002,6.315175921409334E-002,0.357356477068514,0.364483134325563 
 12/14  06:00:00,0.776446395868356,7.92582059640490,0.000000000000000E+000,7.25426230621409,0.000000000000000E+000,0.199733669940729,0.199733669940729,0.199733669940729,6.966075294212971E-002,1.517730320140785E-002,7.598154876300982E-002,0.398781107331481,0.644091159222268 
 12/14  07:00:00,0.992023558674818,8.68933649826897,0.000000000000000E+000,7.49061119646744,0.000000000000000E+000,0.206241131243346,0.206241131243346,0.206241131243346,0.146287587029976,3.187233799785000E-002,0.129758134509170,0.460752354204875,1.16698973302875 
 12/14  08:00:00,1.27991706122612,8.10199368669026,0.000000000000000E+000,6.75587468483998,0.000000000000000E+000,0.186011421630959,0.186011421630959,0.186011421630959,0.299541221768505,6.526240030562848E-002,0.207406094963531,0.489583896867899,1.31239758233434 
 12/14  09:00:00,1.23364553073776,7.75522008234266,0.000000000000000E+000,6.45066139540460,0.000000000000000E+000,0.177607897214507,0.177607897214507,0.177607897214507,0.292575174059952,6.374467599570000E-002,0.268690864190452,0.413914905587548,1.27604917454496 
 12/14  10:00:00,1.06250067529119,7.28634333521800,0.000000000000000E+000,6.09997299008490,0.000000000000000E+000,0.167952293482042,0.167952293482042,0.167952293482042,0.160219766039990,3.490778661770695E-002,0.330033759705594,0.352275055756258,1.16210644467366 
 12/14  11:00:00,1.04920409836513,7.06059670579126,0.000000000000000E+000,6.00956003660007,0.000000000000000E+000,0.165462927886007,0.165462927886007,0.165462927886007,0.132355408019962,2.883687116522848E-002,0.344876895795482,0.360559981808849,1.02620212196645 
 12/14  12:00:00,1.00556162050131,4.75912681553627,0.000000000000000E+000,3.83052244633028,0.000000000000000E+000,0.105466865368310,0.105466865368310,0.105466865368310,0.132355408019962,2.883687116522848E-002,0.361120014768658,0.360670447489552,0.903762213357720 
 12/14  13:00:00,0.945627583505987,3.04549312230258,0.000000000000000E+000,2.21122182448120,0.000000000000000E+000,6.088220020364286E-002,6.088220020364286E-002,6.088220020364286E-002,0.132355408019962,2.883687116522848E-002,0.351846255376571,0.354594835050983,0.809847616267627 
 12/14  14:00:00,0.896457259947059,1.99465468916927,0.000000000000000E+000,1.21483522116028,0.000000000000000E+000,3.344840410412910E-002,3.344840410412910E-002,3.344840410412910E-002,0.132355408019962,2.883687116522848E-002,0.317848037359318,0.366856525608822,0.754551229242645 
 12/14  15:00:00,0.895070803328281,1.43967613324228,0.000000000000000E+000,0.713422017496691,0.000000000000000E+000,1.964285157555869E-002,1.964285157555869E-002,1.964285157555869E-002,0.146287587029976,3.187233799785000E-002,0.292642405135342,0.387513607899952,0.699563064377829 
 12/14  16:00:00,0.989734009251380,1.26807384080664,0.000000000000000E+000,0.532930724745789,0.000000000000000E+000,1.467333341206417E-002,1.467333341206417E-002,1.467333341206417E-002,0.202016219477126,4.401416890280695E-002,0.302863858133087,0.409054415636696,0.706968383103379 
 12/14  17:00:00,1.32683061268096,1.93510843692317,0.000000000000000E+000,1.12591053794397,0.000000000000000E+000,3.100001547722532E-002,3.100001547722532E-002,3.100001547722532E-002,0.362235901924209,7.892197373327849E-002,0.353721026385214,0.483839681471435,0.775872127887189 
 12/14  18:00:00,1.88931144344955,3.40542909074659,0.000000000000000E+000,2.44485690481127,0.000000000000000E+000,6.731494140480504E-002,6.731494140480504E-002,6.731494140480504E-002,0.633912849265593,0.138113458586428,0.445070293491817,0.587787887011303,0.920086700094993 
 12/14  19:00:00,2.16165151034656,3.27567051411301,0.000000000000000E+000,2.18058251978396,0.000000000000000E+000,6.003859950197395E-002,6.003859950197395E-002,6.003859950197395E-002,0.835928985149814,0.182127627489235,0.398284023104866,0.638160237411070,1.05113297615587 
 12/14  20:00:00,2.00837800902002,3.55184261836804,0.000000000000000E+000,2.43439023551421,0.000000000000000E+000,6.702675961835840E-002,6.702675961835840E-002,6.702675961835840E-002,0.780200436295569,0.169985796584278,0.315346148810717,0.658706854021501,1.07208216070278 
 12/14  21:00:00,1.92297624605566,4.06576500409737,0.000000000000000E+000,3.02501348920824,0.000000000000000E+000,8.328855785959242E-002,8.328855785959242E-002,8.328855785959242E-002,0.710539708431312,0.154808498846700,0.275875148663200,0.681352318565255,0.993821524912975 
 12/14  22:00:00,1.77465928794959,4.72635142837670,0.000000000000000E+000,3.78277712610070,0.000000000000000E+000,0.104152279869550,0.104152279869550,0.104152279869550,0.599082443537010,0.130524800611257,0.258342489697899,0.665445260544277,0.897739954089186 
 12/14  23:00:00,1.45787524137391,4.99825329102154,0.000000000000000E+000,4.21530039601612,0.000000000000000E+000,0.116061066233805,0.116061066233805,0.116061066233805,0.445828808798481,9.713473830347846E-002,0.205881020852975,0.575857593495570,0.743289140507081 
 12/14  24:00:00,1.16405341463027,5.28929606154341,0.000000000000000E+000,4.67941656749926,0.000000000000000E+000,0.128839708953928,0.128839708953928,0.128839708953928,0.313473400778520,6.829786713824999E-002,0.135920890493347,0.500409533576620,0.575412429421614 
 12/15  01:00:00,0.861797834579666,5.84913715983110,0.000000000000000E+000,5.42158529480874,0.000000000000000E+000,0.149274051877231,0.149274051877231,0.149274051877231,0.160219766039990,3.490778661770695E-002,8.636931076758889E-002,0.413914905587548,0.399042352629246 
 12/15  02:00:00,0.749843953790272,6.17797788726266,0.000000000000000E+000,5.83341989176226,0.000000000000000E+000,0.160613211117120,0.160613211117120,0.160613211117120,9.752508588428629E-002,2.124823140282152E-002,7.223881327716383E-002,0.381106598419282,0.318308244297803 
 12/15  03:00:00,0.699020069960686,6.46517289530912,0.000000000000000E+000,6.14349250490616,0.000000000000000E+000,0.169150528677072,0.169150528677072,0.169150528677072,6.269468015570399E-002,1.365957342765000E-002,5.971530281942931E-002,0.376687971191233,0.295734984141848 
 12/15  04:00:00,0.688793136071085,6.54998854495364,0.000000000000000E+000,6.22265680259015,0.000000000000000E+000,0.171330181829559,0.171330181829559,0.171330181829559,6.269468015570399E-002,1.365957342765000E-002,5.261106845099969E-002,0.371385618517571,0.301751550032125 
 12/15  05:00:00,0.681171380054110,6.46270793336479,0.000000000000000E+000,6.07253648951664,0.000000000000000E+000,0.167196876498549,0.167196876498549,0.167196876498549,6.269468015570399E-002,1.365957342765000E-002,6.315175921409334E-002,0.357356477068514,0.365557546705981 
 12/15  06:00:00,0.738765604478158,6.55928405903063,0.000000000000000E+000,5.88570814741172,0.000000000000000E+000,0.162052878550530,0.162052878550530,0.162052878550530,6.966075294212971E-002,1.517730320140785E-002,7.598154876300982E-002,0.398781107331481,0.646108780650375 
 12/15  07:00:00,0.951553301993724,7.22293625608999,0.000000000000000E+000,6.02074456030349,0.000000000000000E+000,0.165770874562253,0.165770874562253,0.165770874562253,0.146287587029976,3.187233799785000E-002,0.129758134509170,0.460752354204875,1.17045612701372 
 12/15  08:00:00,1.25293070525132,7.12606581418106,0.000000000000000E+000,5.77573896216394,0.000000000000000E+000,0.159025065656155,0.159025065656155,0.159025065656155,0.299541221768505,6.526240030562848E-002,0.207406094963531,0.489583896867899,1.31660543250116 
 12/15  09:00:00,1.20083983958461,6.56759210622518,0.000000000000000E+000,5.25916930079549,0.000000000000000E+000,0.144802206061350,0.144802206061350,0.144802206061350,0.292575174059952,6.374467599570000E-002,0.268690864190452,0.413914905587548,1.27991329303659 
 12/15  10:00:00,1.02039901347539,5.76058287900576,0.000000000000000E+000,4.57085424696069,0.000000000000000E+000,0.125850631666239,0.125850631666239,0.125850631666239,0.160219766039990,3.490778661770695E-002,0.330033759705594,0.352275055756258,1.16546473158561 
 12/15  11:00:00,1.01825977998137,5.94010800319480,0.000000000000000E+000,4.88567239908060,0.000000000000000E+000,0.134518609502248,0.134518609502248,0.134518609502248,0.132355408019962,2.883687116522848E-002,0.344876895795482,0.360559981808849,1.02960105688947 
 12/15  12:00:00,0.993979300961541,4.34114917661498,0.000000000000000E+000,3.40985634591367,0.000000000000000E+000,9.388454582854212E-002,9.388454582854212E-002,9.388454582854212E-002,0.132355408019962,2.883687116522848E-002,0.361120014768658,0.360670447489552,0.906450674853035 
 12/15  13:00:00,0.936646023680820,2.72136963502535,0.000000000000000E+000,1.88501447591514,0.000000000000000E+000,5.190064037847325E-002,5.190064037847325E-002,5.190064037847325E-002,0.132355408019962,2.883687116522848E-002,0.351846255376571,0.354594835050983,0.811931477556476 
 12/15  14:00:00,0.902081170917384,2.20115496690681,0.000000000000000E+000,1.41909384905039,0.000000000000000E+000,3.907231507445650E-002,3.907231507445650E-002,3.907231507445650E-002,0.132355408019962,2.883687116522848E-002,0.317848037359318,0.366856525608822,0.756792879090072 
 12/15  15:00:00,0.913003228860190,2.09202360588123,0.000000000000000E+000,1.36472191417275,0.000000000000000E+000,3.757527710746875E-002,3.757527710746875E-002,3.757527710746875E-002,0.146287587029976,3.187233799785000E-002,0.292642405135342,0.387513607899952,0.700610640340722 
 12/15  16:00:00,1.00789924847823,1.92926582759829,0.000000000000000E+000,1.19268633953924,0.000000000000000E+000,3.283857263891404E-002,3.283857263891404E-002,3.283857263891404E-002,0.202016219477126,4.401416890280695E-002,0.302863858133087,0.409054415636696,0.708404755101570 
 12/15  17:00:00,1.33522268268310,2.24088366017266,0.000000000000000E+000,1.43070780675541,0.000000000000000E+000,3.939208547936345E-002,3.939208547936345E-002,3.939208547936345E-002,0.362235901924209,7.892197373327849E-002,0.353721026385214,0.483839681471435,0.776850082325235 
 12/15  18:00:00,1.89244790383356,3.52107002974691,0.000000000000000E+000,2.55877213175062,0.000000000000000E+000,7.045140178882467E-002,7.045140178882467E-002,7.045140178882467E-002,0.633912849265593,0.138113458586428,0.445070293491817,0.587787887011303,0.921812412155979 
 12/15  19:00:00,2.15930779956212,3.19253667462271,0.000000000000000E+000,2.09545970195721,0.000000000000000E+000,5.769488871753377E-002,5.769488871753377E-002,5.769488871753377E-002,0.835928985149814,0.182127627489235,0.398284023104866,0.638160237411070,1.05312195449232 
 12/15  20:00:00,2.00536900615163,3.44484559827208,0.000000000000000E+000,2.32510422432769,0.000000000000000E+000,6.401775674996636E-002,6.401775674996636E-002,6.401775674996636E-002,0.780200436295569,0.169985796584278,0.315346148810717,0.658706854021501,1.07437115179332 
 12/15  21:00:00,1.91235030210732,3.68177761651471,0.000000000000000E+000,2.63908264101805,0.000000000000000E+000,7.266261391125545E-002,7.266261391125545E-002,7.266261391125545E-002,0.710539708431312,0.154808498846700,0.275875148663200,0.681352318565255,0.995764985520521 
 12/15  22:00:00,1.75560480685833,4.03617372563626,0.000000000000000E+000,3.09072453433770,0.000000000000000E+000,8.509779877828760E-002,8.509779877828760E-002,8.509779877828760E-002,0.599082443537010,0.130524800611257,0.258342489697899,0.665445260544277,0.899614843111729 
 12/15  23:00:00,1.44003230223021,4.35189958456174,0.000000000000000E+000,3.56725061602360,0.000000000000000E+000,9.821812709010881E-002,9.821812709010881E-002,9.821812709010881E-002,0.445828808798481,9.713473830347846E-002,0.205881020852975,0.575857593495570,0.744985214039814 
 12/15  24:00:00,1.14918135590984,4.75058694800449,0.000000000000000E+000,4.13926820381380,0.000000000000000E+000,0.113967650233505,0.113967650233505,0.113967650233505,0.313473400778520,6.829786713824999E-002,0.135920890493347,0.500409533576620,0.576851679568113 
 12/16  01:00:00,0.843946038491935,4.97895701247453,0.000000000000000E+000,4.53445959879139,0.000000000000000E+000,0.124848567453751,0.124848567453751,0.124848567453751,0.160219766039990,3.490778661770695E-002,9.294299910333617E-002,0.413914905587548,0.415987901290058 
 12/16  02:00:00,0.724446028809265,5.12154401569385,0.000000000000000E+000,4.76762071635719,0.000000000000000E+000,0.131268258903150,0.131268258903150,0.131268258903150,9.752508588428629E-002,2.124823140282152E-002,7.618584051012475E-002,0.381106598419282,0.327673548134037 
 12/16  03:00:00,0.671761998417338,5.38730287388005,0.000000000000000E+000,5.05864874946629,0.000000000000000E+000,0.139281216617502,0.139281216617502,0.139281216617502,6.269468015570399E-002,1.365957342765000E-002,6.232654333565033E-002,0.376687971191233,0.302708718152600 
 12/16  04:00:00,0.669632224374376,5.81220668579896,0.000000000000000E+000,5.47714760797200,0.000000000000000E+000,0.150803864868551,0.150803864868551,0.150803864868551,6.269468015570399E-002,1.365957342765000E-002,5.397647371529803E-002,0.371385618517571,0.309478885495608 
 12/16  05:00:00,0.669490074532073,5.95652506527418,0.000000000000000E+000,5.55125966441265,0.000000000000000E+000,0.152844413224111,0.152844413224111,0.152844413224111,6.269468015570399E-002,1.365957342765000E-002,6.582291696649339E-002,0.357356477068514,0.380651503719370 
 12/16  06:00:00,0.735927420999402,6.34784159695258,0.000000000000000E+000,5.63383557165949,0.000000000000000E+000,0.155117999194247,0.155117999194247,0.155117999194247,6.966075294212971E-002,1.517730320140785E-002,8.007824464053613E-002,0.398781107331481,0.686538894324562 
 12/16  07:00:00,0.964525932463348,7.39952715372488,0.000000000000000E+000,6.10599082752239,0.000000000000000E+000,0.168117984313964,0.168117984313964,0.168117984313964,0.146287587029976,3.187233799785000E-002,0.140383655227083,0.460752354204875,1.26180075742969 
 12/16  08:00:00,1.27242903040715,7.17646747384816,0.000000000000000E+000,5.71533738980684,0.000000000000000E+000,0.157362011963329,0.157362011963329,0.157362011963329,0.299541221768505,6.526240030562848E-002,0.228567473812190,0.489583896867899,1.42740866452539 
 12/16  09:00:00,1.24283709360493,7.03053121087161,0.000000000000000E+000,5.60638276460554,0.000000000000000E+000,0.154362133239639,0.154362133239639,0.154362133239639,0.292575174059952,6.374467599570000E-002,0.301128191032485,0.413914905587548,1.39563893387298 
 12/16  10:00:00,1.08514902398189,6.58407024149434,0.000000000000000E+000,5.28703890032971,0.000000000000000E+000,0.145569547682012,0.145569547682012,0.145569547682012,0.160219766039990,3.490778661770695E-002,0.375064854196324,0.352275055756258,1.27276744070518 
 12/16  11:00:00,1.09077530066627,6.81661964644730,0.000000000000000E+000,5.67015019879656,0.000000000000000E+000,0.156117860164867,0.156117860164867,0.156117860164867,0.132355408019962,2.883687116522848E-002,0.395793165817765,0.360559981808849,1.12163490042600 
 12/16  12:00:00,1.06509839488384,5.09468348011255,0.000000000000000E+000,4.08650254202197,0.000000000000000E+000,0.112514838240822,0.112514838240822,0.112514838240822,0.132355408019962,2.883687116522848E-002,0.413608816278677,0.360670447489552,0.983338782242316 
 12/16  13:00:00,1.03466097999367,4.61176412581690,0.000000000000000E+000,3.70842248465022,0.000000000000000E+000,0.102105052351832,0.102105052351832,0.102105052351832,0.132355408019962,2.883687116522848E-002,0.399656799716067,0.354594835050983,0.878917959612930 
 12/16  14:00:00,1.01174338069559,4.65751468011837,0.000000000000000E+000,3.81888533498077,0.000000000000000E+000,0.105146457467516,0.105146457467516,0.105146457467516,0.132355408019962,2.883687116522848E-002,0.361436104744461,0.366856525608822,0.813361106371253 
 12/16  15:00:00,1.02063378652178,4.63121440363189,0.000000000000000E+000,3.85279969839071,0.000000000000000E+000,0.106080231293390,0.106080231293390,0.106080231293390,0.146287587029976,3.187233799785000E-002,0.331768008611008,0.387513607899952,0.751723653873420 
 12/16  16:00:00,1.12848624265316,5.01324994640364,0.000000000000000E+000,4.22639598740822,0.000000000000000E+000,0.116366564311398,0.116366564311398,0.116366564311398,0.202016219477126,4.401416890280695E-002,0.339922860635529,0.409054415636696,0.758679226037937 
 12/16  17:00:00,1.45998144283696,5.52849650618828,0.000000000000000E+000,4.65737737720170,0.000000000000000E+000,0.128232897651161,0.128232897651161,0.128232897651161,0.362235901924209,7.892197373327849E-002,0.389638974367272,0.483839681471435,0.837793357894556 
 12/16  18:00:00,2.00547520712108,6.41457601699638,0.000000000000000E+000,5.37991553739296,0.000000000000000E+000,0.148126746579617,0.148126746579617,0.148126746579617,0.633912849265593,0.138113458586428,0.480422251988538,0.587787887011303,0.994174993763109 
 12/16  19:00:00,2.26515822173424,5.88554688551207,0.000000000000000E+000,4.69377224467674,0.000000000000000E+000,0.129234967901855,0.129234967901855,0.129234967901855,0.835928985149814,0.182127627489235,0.432594366092666,0.638160237411070,1.14781962266215 
 12/16  20:00:00,2.10717564515729,6.00441857863513,0.000000000000000E+000,4.77892903883398,0.000000000000000E+000,0.131579614166279,0.131579614166279,0.131579614166279,0.780200436295569,0.169985796584278,0.349590930400065,0.658706854021501,1.18011931765008 
 12/16  21:00:00,2.01369935877376,6.19787624303011,0.000000000000000E+000,5.05411081464706,0.000000000000000E+000,0.139156272365814,0.139156272365814,0.139156272365814,0.710539708431312,0.154808498846700,0.310730546875078,0.681352318565255,1.09683543840691 
 12/16  22:00:00,1.85248090547194,6.34615478975199,0.000000000000000E+000,5.31600252608281,0.000000000000000E+000,0.146367011438113,0.146367011438113,0.146367011438113,0.599082443537010,0.130524800611257,0.293949375651685,0.665445260544277,0.984317915482352 
 12/16  23:00:00,1.52611501529679,6.51660559798089,0.000000000000000E+000,5.66614578857445,0.000000000000000E+000,0.156007605597848,0.156007605597848,0.156007605597848,0.445828808798481,9.713473830347846E-002,0.234174255411816,0.575857593495570,0.810796054908119 
 12/16  24:00:00,1.21760081855651,6.71212543705797,0.000000000000000E+000,6.06001995235869,0.000000000000000E+000,0.166852255116528,0.166852255116528,0.166852255116528,0.313473400778520,6.829786713824999E-002,0.151455748256992,0.500409533576620,0.617638420076730 
 12/17  01:00:00,0.895024024712069,6.83267890546028,0.000000000000000E+000,6.38959554168979,0.000000000000000E+000,0.175926553673887,0.175926553673887,0.175926553673887,0.160219766039990,3.490778661770695E-002,9.294299910333617E-002,0.413914905587548,0.414573851377380 
 12/17  02:00:00,0.777807426228504,7.05825233547549,0.000000000000000E+000,6.70568941564146,0.000000000000000E+000,0.184629656322390,0.184629656322390,0.184629656322390,9.752508588428629E-002,2.124823140282152E-002,7.618584051012475E-002,0.381106598419282,0.326313168631423 
 12/17  03:00:00,0.720294630190482,7.14877948855004,0.000000000000000E+000,6.82133824191776,0.000000000000000E+000,0.187813848390647,0.187813848390647,0.187813848390647,6.269468015570399E-002,1.365957342765000E-002,6.232654333565033E-002,0.376687971191233,0.301495840371157 
 12/17  04:00:00,0.717148482365421,7.53654765243141,0.000000000000000E+000,7.20292273331305,0.000000000000000E+000,0.198320122859597,0.198320122859597,0.198320122859597,6.269468015570399E-002,1.365957342765000E-002,5.397647371529803E-002,0.371385618517571,0.308044726787007 
 12/17  05:00:00,0.721927323253238,7.85986955103353,0.000000000000000E+000,7.45576358181623,0.000000000000000E+000,0.205281661945275,0.205281661945275,0.205281661945275,6.269468015570399E-002,1.365957342765000E-002,6.582291696649339E-002,0.357356477068514,0.379492072075148 
 12/17  06:00:00,0.781282345661835,7.99485985821288,0.000000000000000E+000,7.28111176939576,0.000000000000000E+000,0.200472923856682,0.200472923856682,0.200472923856682,6.966075294212971E-002,1.517730320140785E-002,8.007824464053613E-002,0.398781107331481,0.686280957848577 
 12/17  07:00:00,0.987512096942368,8.23521531878551,0.000000000000000E+000,6.94084088857655,0.000000000000000E+000,0.191104148792983,0.191104148792983,0.191104148792983,0.146287587029976,3.187233799785000E-002,0.140383655227083,0.460752354204875,1.26263886143618 
 12/17  08:00:00,1.30675214151346,8.42477150861406,0.000000000000000E+000,6.96194168644028,0.000000000000000E+000,0.191685123069636,0.191685123069636,0.191685123069636,0.299541221768505,6.526240030562848E-002,0.228567473812190,0.489583896867899,1.42910840265784 
 12/17  09:00:00,1.26837149536845,7.96011841785331,0.000000000000000E+000,6.53378397983286,0.000000000000000E+000,0.179896535003162,0.179896535003162,0.179896535003162,0.292575174059952,6.374467599570000E-002,0.301128191032485,0.413914905587548,1.39782492562733 
 12/17  10:00:00,1.12403880369751,7.99825954978296,0.000000000000000E+000,6.69950312417210,0.000000000000000E+000,0.184459327397636,0.184459327397636,0.184459327397636,0.160219766039990,3.490778661770695E-002,0.375064854196324,0.352275055756258,1.27449252515140 
 12/17  11:00:00,1.13370024465458,8.37700581444873,0.000000000000000E+000,7.22917028420916,0.000000000000000E+000,0.199042804153179,0.199042804153179,0.199042804153179,0.132355408019962,2.883687116522848E-002,0.395793165817765,0.360559981808849,1.12300098301486 
 12/17  12:00:00,1.12425351791896,7.24409597191303,0.000000000000000E+000,6.23499748221144,0.000000000000000E+000,0.171669961275942,0.171669961275942,0.171669961275942,0.132355408019962,2.883687116522848E-002,0.413608816278677,0.360670447489552,0.984256333853329 
 12/17  13:00:00,1.10263981136619,7.08053396209050,0.000000000000000E+000,6.17739165841296,0.000000000000000E+000,0.170083883724353,0.170083883724353,0.170083883724353,0.132355408019962,2.883687116522848E-002,0.399656799716067,0.354594835050983,0.878718622123796 
 12/17  14:00:00,1.05390264895998,6.18844196800139,0.000000000000000E+000,5.35009632569002,0.000000000000000E+000,0.147305725731907,0.147305725731907,0.147305725731907,0.132355408019962,2.883687116522848E-002,0.361436104744461,0.366856525608822,0.813077403545013 
 12/17  15:00:00,1.05249528184912,5.78792516728243,0.000000000000000E+000,5.00999890592220,0.000000000000000E+000,0.137941726620734,0.137941726620734,0.137941726620734,0.146287587029976,3.187233799785000E-002,0.331768008611008,0.387513607899952,0.751235209992457 
 12/17  16:00:00,1.15564448862902,5.99950704800410,0.000000000000000E+000,5.21277469934003,0.000000000000000E+000,0.143524810287256,0.143524810287256,0.143524810287256,0.202016219477126,4.401416890280695E-002,0.339922860635529,0.409054415636696,0.758557615706585 
 12/17  17:00:00,1.47885915809432,6.21461171709284,0.000000000000000E+000,5.34300989103683,0.000000000000000E+000,0.147110612908530,0.147110612908530,0.147110612908530,0.362235901924209,7.892197373327849E-002,0.389638974367272,0.483839681471435,0.838276054964005 
 12/17  18:00:00,2.02609255421037,7.16466100190922,0.000000000000000E+000,6.12873091683462,0.000000000000000E+000,0.168744093668904,0.168744093668904,0.168744093668904,0.633912849265593,0.138113458586428,0.480422251988538,0.587787887011303,0.995444599234289 
 12/17  19:00:00,2.27304052768890,6.17354315479171,0.000000000000000E+000,4.98005504812146,0.000000000000000E+000,0.137117273856516,0.137117273856516,0.137117273856516,0.835928985149814,0.182127627489235,0.432594366092666,0.638160237411070,1.14953308849707 
 12/17  20:00:00,2.11256827141740,6.20194895573617,0.000000000000000E+000,4.97478748083713,0.000000000000000E+000,0.136972240426382,0.136972240426382,0.136972240426382,0.780200436295569,0.169985796584278,0.349590930400065,0.658706854021501,1.18179125274796 
 12/17  21:00:00,2.01801877785851,6.35656050417053,0.000000000000000E+000,5.21099071907452,0.000000000000000E+000,0.143475691450565,0.143475691450565,0.143475691450565,0.710539708431312,0.154808498846700,0.310730546875078,0.681352318565255,1.09863979511984 
 12/17  22:00:00,1.85700963415750,6.51242976443895,0.000000000000000E+000,5.48048448752933,0.000000000000000E+000,0.150895740123677,0.150895740123677,0.150895740123677,0.599082443537010,0.130524800611257,0.293949375651685,0.665445260544277,0.986110928722804 
 12/17  23:00:00,1.53279482133830,6.76080834201382,0.000000000000000E+000,5.90875418401470,0.000000000000000E+000,0.162687411639354,0.162687411639354,0.162687411639354,0.445828808798481,9.713473830347846E-002,0.234174255411816,0.575857593495570,0.812390403500783 
 12/17  24:00:00,1.22961567005738,7.14955276770692,0.000000000000000E+000,6.49639547373864,0.000000000000000E+000,0.178867106617397,0.178867106617397,0.178867106617397,0.313473400778520,6.829786713824999E-002,0.151455748256992,0.500409533576620,0.618690229345704 
 12/18  01:00:00,0.908646208464230,7.55089683275099,0.000000000000000E+000,7.12310308536980,0.000000000000000E+000,0.196122425761793,0.196122425761793,0.196122425761793,0.160219766039990,3.490778661770695E-002,8.636931076758889E-002,0.413914905587548,0.399284234988080 
 12/18  02:00:00,0.796575176466709,7.87514753871893,0.000000000000000E+000,7.53068278832633,0.000000000000000E+000,0.207344433793557,0.207344433793557,0.207344433793557,9.752508588428629E-002,2.124823140282152E-002,7.223881327716383E-002,0.381106598419282,0.318214999189990 
 12/18  03:00:00,0.742956449554748,8.06065898996400,0.000000000000000E+000,7.73924760446094,0.000000000000000E+000,0.213086908271133,0.213086908271133,0.213086908271133,6.269468015570399E-002,1.365957342765000E-002,5.971530281942931E-002,0.376687971191233,0.295465979241961 
 12/18  04:00:00,0.740127004760580,8.41426455318926,0.000000000000000E+000,8.08708631403337,0.000000000000000E+000,0.222664050519056,0.222664050519056,0.222664050519056,6.269468015570399E-002,1.365957342765000E-002,5.261106845099969E-002,0.371385618517571,0.301598046824514 
 12/18  05:00:00,0.739341742060637,8.57604962225938,0.000000000000000E+000,8.18526522758067,0.000000000000000E+000,0.225367238505075,0.225367238505075,0.225367238505075,6.269468015570399E-002,1.365957342765000E-002,6.315175921409334E-002,0.357356477068514,0.366170497536547 
 12/18  06:00:00,0.809764871086309,9.14083618946244,0.000000000000000E+000,8.46437855224229,0.000000000000000E+000,0.233052145158681,0.233052145158681,0.233052145158681,6.966075294212971E-002,1.517730320140785E-002,7.598154876300982E-002,0.398781107331481,0.648990506251604 
 12/18  07:00:00,1.03008488623504,10.0820113024002,0.000000000000000E+000,8.87298630591451,0.000000000000000E+000,0.244302458803567,0.244302458803567,0.244302458803567,0.146287587029976,3.187233799785000E-002,0.129758134509170,0.460752354204875,1.17728942771295 
 12/18  08:00:00,1.32353985222137,9.69799735965621,0.000000000000000E+000,8.34024034788816,0.000000000000000E+000,0.229634212626207,0.229634212626207,0.229634212626207,0.299541221768505,6.526240030562848E-002,0.207406094963531,0.489583896867899,1.32403559225212 
 12/18  09:00:00,1.26138451108219,8.77385940332757,0.000000000000000E+000,7.45813219181626,0.000000000000000E+000,0.205346877558937,0.205346877558937,0.205346877558937,0.292575174059952,6.374467599570000E-002,0.268690864190452,0.413914905587548,1.28721769911823 
 12/18  10:00:00,1.06541161566271,7.40221980785805,0.000000000000000E+000,6.20569740309448,0.000000000000000E+000,0.170863233853559,0.170863233853559,0.170863233853559,0.160219766039990,3.490778661770695E-002,0.330033759705594,0.352275055756258,1.17225850430413 
 12/18  11:00:00,1.05858202771084,7.41060589408989,0.000000000000000E+000,6.35016339798182,0.000000000000000E+000,0.174840857231717,0.174840857231717,0.174840857231717,0.132355408019962,2.883687116522848E-002,0.344876895795482,0.360559981808849,1.03560794888331 
 12/18  12:00:00,1.02126781359897,5.33778659703672,0.000000000000000E+000,4.40096630087053,0.000000000000000E+000,0.121173058465968,0.121173058465968,0.121173058465968,0.132355408019962,2.883687116522848E-002,0.361120014768658,0.360670447489552,0.911978140317940 
 12/18  13:00:00,0.986355235835657,4.53217100098909,0.000000000000000E+000,3.69043698736984,0.000000000000000E+000,0.101609852533313,0.101609852533313,0.101609852533313,0.132355408019962,2.883687116522848E-002,0.351846255376571,0.354594835050983,0.817310332065526 
 12/18  14:00:00,0.962289278831596,4.39150941798322,0.000000000000000E+000,3.60583285955440,0.000000000000000E+000,9.928042298866679E-002,9.928042298866679E-002,9.928042298866679E-002,0.132355408019962,2.883687116522848E-002,0.317848037359318,0.366856525608822,0.760408319662483 
 12/18  15:00:00,0.972275027165494,4.24797117663919,0.000000000000000E+000,3.51745446244707,0.000000000000000E+000,9.684707541277224E-002,9.684707541277224E-002,9.684707541277224E-002,0.146287587029976,3.187233799785000E-002,0.292642405135342,0.387513607899952,0.703825662824369 
 12/18  16:00:00,1.07559527806176,4.39093984942443,0.000000000000000E+000,3.65138424377300,0.000000000000000E+000,0.100534602222448,0.100534602222448,0.100534602222448,0.202016219477126,4.401416890280695E-002,0.302863858133087,0.409054415636696,0.711380872693968 
 12/18  17:00:00,1.40805806273257,4.88946951907007,0.000000000000000E+000,4.07606525804776,0.000000000000000E+000,0.112227465528838,0.112227465528838,0.112227465528838,0.362235901924209,7.892197373327849E-002,0.353721026385214,0.483839681471435,0.780078489930290 
 12/18  18:00:00,1.97350383974203,6.46850754426009,0.000000000000000E+000,5.50269751363641,0.000000000000000E+000,0.151507337697294,0.151507337697294,0.151507337697294,0.633912849265593,0.138113458586428,0.445070293491817,0.587787887011303,0.925324544783363 
 12/18  19:00:00,2.23662326565313,6.00485428041916,0.000000000000000E+000,4.90353242959428,0.000000000000000E+000,0.135010354808549,0.135010354808549,0.135010354808549,0.835928985149814,0.182127627489235,0.398284023104866,0.638160237411070,1.05736683265171 
 12/18  20:00:00,2.07519311614812,5.98508769905980,0.000000000000000E+000,4.86109332102235,0.000000000000000E+000,0.133841866746458,0.133841866746458,0.133841866746458,0.780200436295569,0.169985796584278,0.315346148810717,0.658706854021501,1.07862415588640 
 12/18  21:00:00,1.97966295600291,6.13041524986430,0.000000000000000E+000,5.08385646423436,0.000000000000000E+000,0.139975267806847,0.139975267806847,0.139975267806847,0.710539708431312,0.154808498846700,0.275875148663200,0.681352318565255,0.999628795653774 
 12/18  22:00:00,1.82689475864125,6.62887280332236,0.000000000000000E+000,5.67995253071986,0.000000000000000E+000,0.156387750561212,0.156387750561212,0.156387750561212,0.599082443537010,0.130524800611257,0.258342489697899,0.665445260544277,0.903085924415653 
 12/18  23:00:00,1.51206168380758,6.97005272402027,0.000000000000000E+000,6.18333446343736,0.000000000000000E+000,0.170247508667477,0.170247508667477,0.170247508667477,0.445828808798481,9.713473830347846E-002,0.205881020852975,0.575857593495570,0.747054506084585 
 12/18  24:00:00,1.21435691091649,7.11883345480390,0.000000000000000E+000,6.50642328643772,0.000000000000000E+000,0.179143205240154,0.179143205240154,0.179143205240154,0.313473400778520,6.829786713824999E-002,0.135920890493347,0.500409533576620,0.577943103743624 
 12/19  01:00:00,0.901769322392784,7.30161529577740,0.000000000000000E+000,6.87333680697010,0.000000000000000E+000,0.189245539690348,0.189245539690348,0.189245539690348,0.160219766039990,3.490778661770695E-002,8.636931076758889E-002,0.413914905587548,0.399768976414211 
 12/19  02:00:00,0.786150452430506,7.49676100906512,0.000000000000000E+000,7.15206018227821,0.000000000000000E+000,0.196919709757353,0.196919709757353,0.196919709757353,9.752508588428629E-002,2.124823140282152E-002,7.223881327716383E-002,0.381106598419282,0.318451075584318 
 12/19  03:00:00,0.732034089335617,7.66431873733233,0.000000000000000E+000,7.34255101316486,0.000000000000000E+000,0.202164548052001,0.202164548052001,0.202164548052001,6.269468015570399E-002,1.365957342765000E-002,5.971530281942931E-002,0.376687971191233,0.295822317906334 
 12/19  04:00:00,0.721305897871665,7.73106664300014,0.000000000000000E+000,7.40350979783560,0.000000000000000E+000,0.203842943630141,0.203842943630141,0.203842943630141,6.269468015570399E-002,1.365957342765000E-002,5.261106845099969E-002,0.371385618517571,0.301976652833190 
 12/19  05:00:00,0.719108047097141,7.84184491718158,0.000000000000000E+000,7.45038396928963,0.000000000000000E+000,0.205133543541578,0.205133543541578,0.205133543541578,6.269468015570399E-002,1.365957342765000E-002,6.315175921409334E-002,0.357356477068514,0.366847050749789 
 12/19  06:00:00,0.781272169382038,8.10729228467892,0.000000000000000E+000,7.42953283976521,0.000000000000000E+000,0.204559443454412,0.204559443454412,0.204559443454412,6.966075294212971E-002,1.517730320140785E-002,7.598154876300982E-002,0.398781107331481,0.650292313945174 
 12/19  07:00:00,0.986992365120274,8.51958269863779,0.000000000000000E+000,7.30787987345700,0.000000000000000E+000,0.201209937688801,0.201209937688801,0.201209937688801,0.146287587029976,3.187233799785000E-002,0.129758134509170,0.460752354204875,1.17996725640803 
 12/19  08:00:00,1.30626525335388,9.07427306080795,0.000000000000000E+000,7.71283250294857,0.000000000000000E+000,0.212359613758719,0.212359613758719,0.212359613758719,0.299541221768505,6.526240030562848E-002,0.207406094963531,0.489583896867899,1.32771913834343 
 12/19  09:00:00,1.26343436734537,8.85194186737949,0.000000000000000E+000,7.53258230845194,0.000000000000000E+000,0.207396733822120,0.207396733822120,0.207396733822120,0.292575174059952,6.374467599570000E-002,0.268690864190452,0.413914905587548,1.29085004653444 
 12/19  10:00:00,1.10577374761263,8.87099479298352,0.000000000000000E+000,7.67163698398554,0.000000000000000E+000,0.211225365803479,0.211225365803479,0.211225365803479,0.160219766039990,3.490778661770695E-002,0.330033759705594,0.352275055756258,1.17509390853850 
 12/19  11:00:00,1.11516307514144,9.46736942102317,0.000000000000000E+000,8.40516874457003,0.000000000000000E+000,0.231421904662313,0.231421904662313,0.231421904662313,0.132355408019962,2.883687116522848E-002,0.344876895795482,0.360559981808849,1.03736612922841 
 12/19  12:00:00,1.08410933624092,7.62122423843951,0.000000000000000E+000,6.68335008274295,0.000000000000000E+000,0.184014581107916,0.184014581107916,0.184014581107916,0.132355408019962,2.883687116522848E-002,0.361120014768658,0.360670447489552,0.913031999848277 
 12/19  13:00:00,1.06263745729986,7.30272714841227,0.000000000000000E+000,6.46098260427170,0.000000000000000E+000,0.177892073997512,0.177892073997512,0.177892073997512,0.132355408019962,2.883687116522848E-002,0.351846255376571,0.354594835050983,0.817320862586831 
 12/19  14:00:00,1.04160157025178,7.27164419237003,0.000000000000000E+000,6.48642963745184,0.000000000000000E+000,0.178592714408849,0.178592714408849,0.178592714408849,0.132355408019962,2.883687116522848E-002,0.317848037359318,0.366856525608822,0.759946316151847 
 12/19  15:00:00,1.06704482450604,7.68934599536268,0.000000000000000E+000,6.95946285702108,0.000000000000000E+000,0.191616872753318,0.191616872753318,0.191616872753318,0.146287587029976,3.187233799785000E-002,0.292642405135342,0.387513607899952,0.703192086973836 
 12/19  16:00:00,1.16391618211618,7.59725626173837,0.000000000000000E+000,6.85917091951368,0.000000000000000E+000,0.188855506276859,0.188855506276859,0.188855506276859,0.202016219477126,4.401416890280695E-002,0.302863858133087,0.409054415636696,0.709910609267236 
 12/19  17:00:00,1.48279262586587,7.60215742781005,0.000000000000000E+000,6.79040042482341,0.000000000000000E+000,0.186962028662138,0.186962028662138,0.186962028662138,0.362235901924209,7.892197373327849E-002,0.353721026385214,0.483839681471435,0.778431231894648 
 12/19  18:00:00,2.03555877629272,8.72124554529447,0.000000000000000E+000,7.75651274302543,0.000000000000000E+000,0.213562274247983,0.213562274247983,0.213562274247983,0.633912849265593,0.138113458586428,0.445070293491817,0.587787887011303,0.924247316428734 
 12/19  19:00:00,2.27912863789314,7.54880997444720,0.000000000000000E+000,6.44731380478145,0.000000000000000E+000,0.177515727048556,0.177515727048556,0.177515727048556,0.835928985149814,0.182127627489235,0.398284023104866,0.638160237411070,1.05754115149257 
 12/19  20:00:00,2.13023565715140,7.98503515122826,0.000000000000000E+000,6.86022061166274,0.000000000000000E+000,0.188884407749730,0.188884407749730,0.188884407749730,0.780200436295569,0.169985796584278,0.315346148810717,0.658706854021501,1.07944431741445 
 12/19  21:00:00,2.03999813584762,8.32245551556814,0.000000000000000E+000,7.27521068616412,0.000000000000000E+000,0.200310447651559,0.200310447651559,0.200310447651559,0.710539708431312,0.154808498846700,0.275875148663200,0.681352318565255,1.00031483942789 
 12/19  22:00:00,1.88512795749164,8.74407148377170,0.000000000000000E+000,7.79496348263402,0.000000000000000E+000,0.214620949411601,0.214620949411601,0.214620949411601,0.599082443537010,0.130524800611257,0.258342489697899,0.665445260544277,0.903273652950872 
 12/19  23:00:00,1.57034480955595,9.08676478379787,0.000000000000000E+000,8.30015874414154,0.000000000000000E+000,0.228530634415841,0.228530634415841,0.228530634415841,0.445828808798481,9.713473830347846E-002,0.205881020852975,0.575857593495570,0.746942285157995 
 12/19  24:00:00,1.27412922459694,9.28921582109982,0.000000000000000E+000,8.67733439129038,0.000000000000000E+000,0.238915518920606,0.238915518920606,0.238915518920606,0.313473400778520,6.829786713824999E-002,0.135920890493347,0.500409533576620,0.577414365186889 
 12/20  01:00:00,0.965698323937813,9.62254496204837,0.000000000000000E+000,9.19521747095443,0.000000000000000E+000,0.253174541235377,0.253174541235377,0.253174541235377,0.160219766039990,3.490778661770695E-002,8.636931076758889E-002,0.413914905587548,0.398817978700853 
 12/20  02:00:00,0.859382181857804,10.1555077430426,0.000000000000000E+000,9.81181291480928,0.000000000000000E+000,0.270151439184652,0.270151439184652,0.270151439184652,9.752508588428629E-002,2.124823140282152E-002,7.223881327716383E-002,0.381106598419282,0.317445077030736 
 12/20  03:00:00,0.802465278625982,10.2214352375412,0.000000000000000E+000,9.90058903350731,0.000000000000000E+000,0.272595737342365,0.272595737342365,0.272595737342365,6.269468015570399E-002,1.365957342765000E-002,5.971530281942931E-002,0.376687971191233,0.294900797772724 
 12/20  04:00:00,0.793294248137466,10.3441863507694,0.000000000000000E+000,10.0181034012811,0.000000000000000E+000,0.275831293895940,0.275831293895940,0.275831293895940,6.269468015570399E-002,1.365957342765000E-002,5.261106845099969E-002,0.371385618517571,0.300502757156899 
 12/20  05:00:00,0.795432948094008,10.6125532783118,0.000000000000000E+000,10.2224796930171,0.000000000000000E+000,0.281458444538445,0.281458444538445,0.281458444538445,6.269468015570399E-002,1.365957342765000E-002,6.315175921409334E-002,0.357356477068514,0.365459688152503 
 12/20  06:00:00,0.860387683389018,10.9802792485145,0.000000000000000E+000,10.3029827256451,0.000000000000000E+000,0.283674957461390,0.283674957461390,0.283674957461390,6.966075294212971E-002,1.517730320140785E-002,7.598154876300982E-002,0.398781107331481,0.649829391900795 
 12/20  07:00:00,1.09951144274396,12.6067480968787,0.000000000000000E+000,11.3945363884938,0.000000000000000E+000,0.313729015312489,0.313729015312489,0.313729015312489,0.146287587029976,3.187233799785000E-002,0.129758134509170,0.460752354204875,1.18047613961221 
 12/20  08:00:00,1.41228011465197,12.9253553995017,0.000000000000000E+000,11.5632579842478,0.000000000000000E+000,0.318374475056804,0.318374475056804,0.318374475056804,0.299541221768505,6.526240030562848E-002,0.207406094963531,0.489583896867899,1.32837599573787 
 12/20  09:00:00,1.34512849580639,11.8187743259310,0.000000000000000E+000,10.4996866374799,0.000000000000000E+000,0.289090862283138,0.289090862283138,0.289090862283138,0.292575174059952,6.374467599570000E-002,0.268690864190452,0.413914905587548,1.29057817605797 
 12/20  10:00:00,1.17542010005292,11.4003239660481,0.000000000000000E+000,10.2011699837189,0.000000000000000E+000,0.280871718243773,0.280871718243773,0.280871718243773,0.160219766039990,3.490778661770695E-002,0.330033759705594,0.352275055756258,1.17489008186976 
 12/20  11:00:00,1.19523460666524,12.3755453371768,0.000000000000000E+000,11.3133408775225,0.000000000000000E+000,0.311493436186116,0.311493436186116,0.311493436186116,0.132355408019962,2.883687116522848E-002,0.344876895795482,0.360559981808849,1.03736991242953 
 12/20  12:00:00,1.17015256125926,10.7458035543056,0.000000000000000E+000,9.80841219240587,0.000000000000000E+000,0.270057806126262,0.270057806126262,0.270057806126262,0.132355408019962,2.883687116522848E-002,0.361120014768658,0.360670447489552,0.912549206051520 
 12/20  13:00:00,1.14197141628801,10.1833666277825,0.000000000000000E+000,9.34236634123134,0.000000000000000E+000,0.257226032985663,0.257226032985663,0.257226032985663,0.132355408019962,2.883687116522848E-002,0.351846255376571,0.354594835050983,0.816576604997367 
 12/20  14:00:00,1.12202997953525,10.1920334303977,0.000000000000000E+000,9.40756345523505,0.000000000000000E+000,0.259021123692316,0.259021123692316,0.259021123692316,0.132355408019962,2.883687116522848E-002,0.317848037359318,0.366856525608822,0.759201736396292 
 12/20  15:00:00,1.14297912780996,10.4461058470346,0.000000000000000E+000,9.71737219884465,0.000000000000000E+000,0.267551176057236,0.267551176057236,0.267551176057236,0.146287587029976,3.187233799785000E-002,0.292642405135342,0.387513607899952,0.702042596822184 
 12/20  16:00:00,1.24992130090368,10.7198578358174,0.000000000000000E+000,9.98284902319458,0.000000000000000E+000,0.274860625064367,0.274860625064367,0.274860625064367,0.202016219477126,4.401416890280695E-002,0.302863858133087,0.409054415636696,0.708834079665327 
 12/20  17:00:00,1.57405385450608,10.9157053452593,0.000000000000000E+000,10.1049787387344,0.000000000000000E+000,0.278223257302339,0.278223257302339,0.278223257302339,0.362235901924209,7.892197373327849E-002,0.353721026385214,0.483839681471435,0.777400835432882 
 12/20  18:00:00,2.12610669133126,12.0090386671272,0.000000000000000E+000,11.0451837375815,0.000000000000000E+000,0.304110189286518,0.304110189286518,0.304110189286518,0.633912849265593,0.138113458586428,0.445070293491817,0.587787887011303,0.923369443705317 
 12/20  19:00:00,2.38021324065173,11.2194953518349,0.000000000000000E+000,10.1186738901786,0.000000000000000E+000,0.278600329807147,0.278600329807147,0.278600329807147,0.835928985149814,0.182127627489235,0.398284023104866,0.638160237411070,1.05686644348314 
 12/20  20:00:00,2.21343157019436,11.0046406618302,0.000000000000000E+000,9.88186927108887,0.000000000000000E+000,0.272080320792697,0.272080320792697,0.272080320792697,0.780200436295569,0.169985796584278,0.315346148810717,0.658706854021501,1.07740116859026 
 12/20  21:00:00,2.10979198878397,10.8556213078752,0.000000000000000E+000,9.81010085621818,0.000000000000000E+000,0.270104300587904,0.270104300587904,0.270104300587904,0.710539708431312,0.154808498846700,0.275875148663200,0.681352318565255,0.998590461680861 
 12/20  22:00:00,1.94711698513201,10.9941743956987,0.000000000000000E+000,10.0463849217124,0.000000000000000E+000,0.276609977051967,0.276609977051967,0.276609977051967,0.599082443537010,0.130524800611257,0.258342489697899,0.665445260544277,0.901955125799510 
 12/20  23:00:00,1.63684005343354,11.5003306661093,0.000000000000000E+000,10.7152444998224,0.000000000000000E+000,0.295025878293433,0.295025878293433,0.295025878293433,0.445828808798481,9.713473830347846E-002,0.205881020852975,0.575857593495570,0.745422411788500 
 12/20  24:00:00,1.33099205997067,11.3527260454438,0.000000000000000E+000,10.7425741848540,0.000000000000000E+000,0.295778354294336,0.295778354294336,0.295778354294336,0.313473400778520,6.829786713824999E-002,0.135920890493347,0.500409533576620,0.575684795967241 
 12/21  01:00:00,1.02019206269567,11.5998540350338,0.000000000000000E+000,11.1744124415026,0.000000000000000E+000,0.307668279993238,0.307668279993238,0.307668279993238,0.160219766039990,3.490778661770695E-002,8.636931076758889E-002,0.413914905587548,0.396932081138089 
 12/21  02:00:00,0.899214617956102,11.6002533813133,0.000000000000000E+000,11.2585141136523,0.000000000000000E+000,0.309983875282949,0.309983875282949,0.309983875282949,9.752508588428629E-002,2.124823140282152E-002,7.223881327716383E-002,0.381106598419282,0.315489516458442 
 12/21  03:00:00,0.844380797121511,11.7415884957025,0.000000000000000E+000,11.4229471114307,0.000000000000000E+000,0.314511255837895,0.314511255837895,0.314511255837895,6.269468015570399E-002,1.365957342765000E-002,5.971530281942931E-002,0.376687971191233,0.292695978010676 
 12/21  04:00:00,0.832682455368023,11.7733771332093,0.000000000000000E+000,11.4486703512940,0.000000000000000E+000,0.315219501126496,0.315219501126496,0.315219501126496,6.269468015570399E-002,1.365957342765000E-002,5.261106845099969E-002,0.371385618517571,0.299126589583977 
 12/21  05:00:00,0.828953364533319,11.8290149510814,0.000000000000000E+000,11.4399303789053,0.000000000000000E+000,0.314978860977757,0.314978860977757,0.314978860977757,6.269468015570399E-002,1.365957342765000E-002,6.315175921409334E-002,0.357356477068514,0.364470675033957 
 12/21  06:00:00,0.890460374278588,12.0719820275010,0.000000000000000E+000,11.3952131344259,0.000000000000000E+000,0.313747648350960,0.313747648350960,0.313747648350960,6.966075294212971E-002,1.517730320140785E-002,7.598154876300982E-002,0.398781107331481,0.649301762106566 
 12/21  07:00:00,1.10316865765486,12.7407088936422,0.000000000000000E+000,11.5273652514578,0.000000000000000E+000,0.317386230223387,0.317386230223387,0.317386230223387,0.146287587029976,3.187233799785000E-002,0.129758134509170,0.460752354204875,1.18160807341164 
 12/21  08:00:00,1.39139223653936,12.1682977230494,0.000000000000000E+000,10.8046170055183,0.000000000000000E+000,0.297486596944195,0.297486596944195,0.297486596944195,0.299541221768505,6.526240030562848E-002,0.207406094963531,0.489583896867899,1.32995929801514 
 12/21  09:00:00,1.33478255667887,11.4454130231853,0.000000000000000E+000,10.1239254738391,0.000000000000000E+000,0.278744923155616,0.278744923155616,0.278744923155616,0.292575174059952,6.374467599570000E-002,0.268690864190452,0.413914905587548,1.29297803695304 
 12/21  10:00:00,1.13791381848756,10.0404758752041,0.000000000000000E+000,8.83895396532507,0.000000000000000E+000,0.243365436678413,0.243365436678413,0.243365436678413,0.160219766039990,3.490778661770695E-002,0.330033759705594,0.352275055756258,1.17725800941950 
 12/21  11:00:00,1.12989222941069,10.0046081486285,0.000000000000000E+000,8.94012686479852,0.000000000000000E+000,0.246151058931562,0.246151058931562,0.246151058931562,0.132355408019962,2.883687116522848E-002,0.344876895795482,0.360559981808849,1.03964673660527 
 12/21  12:00:00,1.08666600169548,7.71603998474155,0.000000000000000E+000,6.77620734532754,0.000000000000000E+000,0.186571246562483,0.186571246562483,0.186571246562483,0.132355408019962,2.883687116522848E-002,0.361120014768658,0.360670447489552,0.914990483565748 
 12/21  13:00:00,1.04286418094525,6.58677920036451,0.000000000000000E+000,5.74282360097423,0.000000000000000E+000,0.158118797642905,0.158118797642905,0.158118797642905,0.132355408019962,2.883687116522848E-002,0.351846255376571,0.354594835050983,0.819531917836537 
 12/21  14:00:00,1.00057843562022,5.78424065005143,0.000000000000000E+000,4.99648265290592,0.000000000000000E+000,0.137569579777288,0.137569579777288,0.137569579777288,0.132355408019962,2.883687116522848E-002,0.317848037359318,0.366856525608822,0.762489758379138 
 12/21  15:00:00,1.00265373795789,5.35319255727318,0.000000000000000E+000,4.62079941514360,0.000000000000000E+000,0.127225786205169,0.127225786205169,0.127225786205169,0.146287587029976,3.187233799785000E-002,0.292642405135342,0.387513607899952,0.705702090761807 
 12/21  16:00:00,1.10623526400898,5.50575180270845,0.000000000000000E+000,4.76421862560624,0.000000000000000E+000,0.131174588169659,0.131174588169659,0.131174588169659,0.202016219477126,4.401416890280695E-002,0.302863858133087,0.409054415636696,0.713358444144727 
 12/21  17:00:00,1.43199385232452,5.76129196441025,0.000000000000000E+000,4.94540539613190,0.000000000000000E+000,0.136163255120783,0.136163255120783,0.136163255120783,0.362235901924209,7.892197373327849E-002,0.353721026385214,0.483839681471435,0.782560797186334 
 12/21  18:00:00,2.00549493302522,7.63411057519369,0.000000000000000E+000,6.66460367701712,0.000000000000000E+000,0.183498430980478,0.183498430980478,0.183498430980478,0.633912849265593,0.138113458586428,0.445070293491817,0.587787887011303,0.929021412336224 
 12/21  19:00:00,2.26818230876649,7.15559405241697,0.000000000000000E+000,6.04974667051505,0.000000000000000E+000,0.166569397921909,0.166569397921909,0.166569397921909,0.835928985149814,0.182127627489235,0.398284023104866,0.638160237411070,1.06189236372874 
 12/21  20:00:00,2.11024153568269,7.26282288425319,0.000000000000000E+000,6.13404058523393,0.000000000000000E+000,0.168890286281026,0.168890286281026,0.168890286281026,0.780200436295569,0.169985796584278,0.315346148810717,0.658706854021501,1.08341207686817 
 12/21  21:00:00,2.01318771309656,7.35244005521345,0.000000000000000E+000,6.30146480128450,0.000000000000000E+000,0.173500024900497,0.173500024900497,0.173500024900497,0.710539708431312,0.154808498846700,0.275875148663200,0.681352318565255,1.00404526395279 
 12/21  22:00:00,1.85861285358542,7.78416464854090,0.000000000000000E+000,6.83194348270450,0.000000000000000E+000,0.188105845505381,0.188105845505381,0.188105845505381,0.599082443537010,0.130524800611257,0.258342489697899,0.665445260544277,0.906386817649585 
 12/21  23:00:00,1.54222818930904,8.06782402441803,0.000000000000000E+000,7.27897218858590,0.000000000000000E+000,0.200414014168935,0.200414014168935,0.200414014168935,0.445828808798481,9.713473830347846E-002,0.205881020852975,0.575857593495570,0.749188081333797 
 12/21  24:00:00,1.24044971576582,8.06703144004888,0.000000000000000E+000,7.45410552117567,0.000000000000000E+000,0.205236010089477,0.205236010089477,0.205236010089477,0.313473400778520,6.829786713824999E-002,0.135920890493347,0.500409533576620,0.578458854250655 
 12/22  01:00:00,0.902199372573621,8.31732849792845,0.000000000000000E+000,8.05092251883889,0.000000000000000E+000,0.221668342447265,0.221668342447265,0.221668342447265,0.160219766039990,3.490778661770695E-002,5.437655819150814E-002,0.413914905587548,0.237896466696479 
 12/22  02:00:00,0.802277146621451,8.68507855308017,0.000000000000000E+000,8.42089373305612,0.000000000000000E+000,0.231854865248451,0.231854865248451,0.231854865248451,9.752508588428629E-002,2.124823140282152E-002,5.343035197700961E-002,0.381106598419282,0.237935068821438 
 12/22  03:00:00,0.748775123938073,8.66956016404680,0.000000000000000E+000,8.40614440875529,0.000000000000000E+000,0.231448767902175,0.231448767902175,0.231448767902175,6.269468015570399E-002,1.365957342765000E-002,4.717211757171164E-002,0.376687971191233,0.237470349030365 
 12/22  04:00:00,0.736385685034618,8.45654227312099,0.000000000000000E+000,8.19389892768118,0.000000000000000E+000,0.225604952628641,0.225604952628641,0.225604952628641,6.269468015570399E-002,1.365957342765000E-002,4.592884661545178E-002,0.371385618517571,0.237063153108454 
 12/22  05:00:00,0.727431700446481,8.46929244476384,0.000000000000000E+000,8.20767363536202,0.000000000000000E+000,0.225984215577969,0.225984215577969,0.225984215577969,6.269468015570399E-002,1.365957342765000E-002,5.062474052704279E-002,0.357356477068514,0.237004912259678 
 12/22  06:00:00,0.779093090902785,8.34297618695094,0.000000000000000E+000,8.07855587210167,0.000000000000000E+000,0.222429179432056,0.222429179432056,0.222429179432056,6.966075294212971E-002,1.517730320140785E-002,5.593273430611247E-002,0.398781107331481,0.236953183880751 
 12/22  07:00:00,0.951354012048109,8.13390221521326,0.000000000000000E+000,7.86530050870676,0.000000000000000E+000,0.216557558780991,0.216557558780991,0.216557558780991,0.146287587029976,3.187233799785000E-002,7.877216034481591E-002,0.460752354204875,0.236866137733728 
 12/22  08:00:00,1.19840860561784,7.69325429578298,0.000000000000000E+000,7.42237425663838,0.000000000000000E+000,0.204362344146565,0.204362344146565,0.204362344146565,0.299541221768505,6.526240030562848E-002,0.107546716839640,0.489583896867899,0.237158619628668 
 12/22  09:00:00,1.09861820723189,7.43843499727349,0.000000000000000E+000,7.17246507442497,0.000000000000000E+000,0.197481523463721,0.197481523463721,0.197481523463721,0.292575174059952,6.374467599570000E-002,0.113789914435366,0.413914905587548,0.237460410455426 
 12/22  10:00:00,0.857320130493144,6.62465008877233,0.000000000000000E+000,6.36268495540917,0.000000000000000E+000,0.175185616838245,0.175185616838245,0.175185616838245,0.160219766039990,3.490778661770695E-002,0.117619891551346,0.352275055756258,0.237701232903690 
 12/22  11:00:00,0.832350495954692,7.01622109845358,0.000000000000000E+000,6.75326267540760,0.000000000000000E+000,0.185939504431410,0.185939504431410,0.185939504431410,0.132355408019962,2.883687116522848E-002,0.107546716839640,0.360559981808849,0.238123875821257 
 12/22  12:00:00,0.811332056959507,5.86224678095837,0.000000000000000E+000,5.59975232245919,0.000000000000000E+000,0.154179575387812,0.154179575387812,0.154179575387812,0.132355408019962,2.883687116522848E-002,0.118177741207352,0.360670447489552,0.237652302650890 
 12/22  13:00:00,0.801308532971366,5.25406147515293,0.000000000000000E+000,4.99112858488037,0.000000000000000E+000,0.137422164697612,0.137422164697612,0.137422164697612,0.132355408019962,2.883687116522848E-002,0.130987240347980,0.354594835050983,0.238509208718844 
 12/22  14:00:00,0.790567549068614,4.99935609814376,0.000000000000000E+000,4.73512500373350,0.000000000000000E+000,0.130373545193376,0.130373545193376,0.130373545193376,0.132355408019962,2.883687116522848E-002,0.115033185391626,0.366856525608822,0.238962855643912 
 12/22  15:00:00,0.816946808627260,4.73075395545155,0.000000000000000E+000,4.46485101622332,0.000000000000000E+000,0.122932014526821,0.122932014526821,0.122932014526821,0.146287587029976,3.187233799785000E-002,0.111229247483061,0.387513607899952,0.239211887860471 
 12/22  16:00:00,0.920251915976449,4.51969010473891,0.000000000000000E+000,4.25186674458317,0.000000000000000E+000,0.117067857922241,0.117067857922241,0.117067857922241,0.202016219477126,4.401416890280695E-002,0.130987240347980,0.409054415636696,0.239648627198286 
 12/22  17:00:00,1.24253343619176,4.40498534309034,0.000000000000000E+000,4.13165085752685,0.000000000000000E+000,0.113757919668923,0.113757919668923,0.113757919668923,0.362235901924209,7.892197373327849E-002,0.186665945704317,0.483839681471435,0.240008714471471 
 12/22  18:00:00,1.80561294825782,5.73402154144217,0.000000000000000E+000,5.45286604966877,0.000000000000000E+000,0.150135313808904,0.150135313808904,0.150135313808904,0.633912849265593,0.138113458586428,0.278551425895993,0.587787887011303,0.240670005933067 
 12/22  19:00:00,2.05341299442395,4.63984811664005,0.000000000000000E+000,4.35609697372207,0.000000000000000E+000,0.119937658503734,0.119937658503734,0.119937658503734,0.835928985149814,0.182127627489235,0.230146448180496,0.638160237411070,0.239796124744795 
 12/22  20:00:00,1.89400924251159,4.80680383089663,0.000000000000000E+000,4.52173809963631,0.000000000000000E+000,0.124498302794694,0.124498302794694,0.124498302794694,0.780200436295569,0.169985796584278,0.143505839125948,0.658706854021501,0.239695509109243 
 12/22  21:00:00,1.80470467604182,5.23263896845799,0.000000000000000E+000,4.94545938343187,0.000000000000000E+000,0.136164741568488,0.136164741568488,0.136164741568488,0.710539708431312,0.154808498846700,0.104727394940463,0.681352318565255,0.240249595049962 
 12/22  22:00:00,1.64785875408742,5.65670426767849,0.000000000000000E+000,5.37048532788369,0.000000000000000E+000,0.147867101935670,0.147867101935670,0.147867101935670,0.599082443537010,0.130524800611257,8.782713376961081E-002,0.665445260544277,0.240384591607981 
 12/22  23:00:00,1.37401716071721,6.31873650135116,0.000000000000000E+000,6.03884402361727,0.000000000000000E+000,0.166269212240024,0.166269212240024,0.166269212240024,0.445828808798481,9.713473830347846E-002,7.181479419005439E-002,0.575857593495570,0.240228723235584 
 12/22  24:00:00,1.14141555903501,6.84353824139780,0.000000000000000E+000,6.56935243424783,0.000000000000000E+000,0.180875851387729,0.180875851387729,0.180875851387729,0.313473400778520,6.829786713824999E-002,6.124689246428477E-002,0.500409533576620,0.239718742527422 
 12/23  01:00:00,0.884176394084674,7.66426788405110,0.000000000000000E+000,7.39633376804459,0.000000000000000E+000,0.203645363958320,0.203645363958320,0.203645363958320,0.160219766039990,3.490778661770695E-002,5.437655819150814E-002,0.413914905587548,0.239424603613405 
 12/23  02:00:00,0.784533919908945,8.04149723914392,0.000000000000000E+000,7.77646547632138,0.000000000000000E+000,0.214111638535947,0.214111638535947,0.214111638535947,9.752508588428629E-002,2.124823140282152E-002,5.343035197700961E-002,0.381106598419282,0.238782011619925 
 12/23  03:00:00,0.743212215477291,8.46843861758258,0.000000000000000E+000,8.20410137228613,0.000000000000000E+000,0.225885859441394,0.225885859441394,0.225885859441394,6.269468015570399E-002,1.365957342765000E-002,4.717211757171164E-002,0.376687971191233,0.238391839035322 
 12/23  04:00:00,0.748998963493322,8.91572581225392,0.000000000000000E+000,8.65200912266182,0.000000000000000E+000,0.238218231087343,0.238218231087343,0.238218231087343,6.269468015570399E-002,1.365957342765000E-002,4.592884661545178E-002,0.371385618517571,0.238136497260744 
 12/23  05:00:00,0.744072251801853,9.07442009361002,0.000000000000000E+000,8.81205307968766,0.000000000000000E+000,0.242624766933342,0.242624766933342,0.242624766933342,6.269468015570399E-002,1.365957342765000E-002,5.062474052704279E-002,0.357356477068514,0.237753116780202 
 12/23  06:00:00,0.807030032857410,9.35831080117973,0.000000000000000E+000,9.09321657018255,0.000000000000000E+000,0.250366121386680,0.250366121386680,0.250366121386680,6.966075294212971E-002,1.517730320140785E-002,5.593273430611247E-002,0.398781107331481,0.237627100028661 
 12/23  07:00:00,1.00437881112121,10.0602800014759,0.000000000000000E+000,9.79114406490196,0.000000000000000E+000,0.269582357854092,0.269582357854092,0.269582357854092,0.146287587029976,3.187233799785000E-002,7.877216034481591E-002,0.460752354204875,0.237400367801183 
 12/23  08:00:00,1.25107038015631,9.60593885976097,0.000000000000000E+000,9.33503287912388,0.000000000000000E+000,0.257024118685040,0.257024118685040,0.257024118685040,0.299541221768505,6.526240030562848E-002,0.107546716839640,0.489583896867899,0.237184561121155 
 12/23  09:00:00,1.13284884064885,8.68107789829207,0.000000000000000E+000,8.41571061128494,0.000000000000000E+000,0.231712156880680,0.231712156880680,0.231712156880680,0.292575174059952,6.374467599570000E-002,0.113789914435366,0.413914905587548,0.236857774614026 
 12/23  10:00:00,0.871646283019332,7.14415231921337,0.000000000000000E+000,6.88300618264457,0.000000000000000E+000,0.189511769364431,0.189511769364431,0.189511769364431,0.160219766039990,3.490778661770695E-002,0.117619891551346,0.352275055756258,0.236882236109346 
 12/23  11:00:00,0.825006015191179,6.74898724564073,0.000000000000000E+000,6.48651350899377,0.000000000000000E+000,0.178595023667897,0.178595023667897,0.178595023667897,0.132355408019962,2.883687116522848E-002,0.107546716839640,0.360559981808849,0.237639189422241 
 12/23  12:00:00,0.782619254354342,4.81945888956925,0.000000000000000E+000,4.55691261643357,0.000000000000000E+000,0.125466772782647,0.125466772782647,0.125466772782647,0.132355408019962,2.883687116522848E-002,0.118177741207352,0.360670447489552,0.237704117287424 
 12/23  13:00:00,0.754469935079735,3.55332381823056,0.000000000000000E+000,3.28996585522144,0.000000000000000E+000,9.058356680598270E-002,9.058356680598270E-002,9.058356680598270E-002,0.132355408019962,2.883687116522848E-002,0.130987240347980,0.354594835050983,0.238934281455388 
 12/23  14:00:00,0.728915719658295,2.76164706076548,0.000000000000000E+000,2.49595049533375,0.000000000000000E+000,6.872171578305726E-002,6.872171578305726E-002,6.872171578305726E-002,0.132355408019962,2.883687116522848E-002,0.115033185391626,0.366856525608822,0.240428326665394 
 12/23  15:00:00,0.755629994240692,2.50588459918192,0.000000000000000E+000,2.23784414515542,0.000000000000000E+000,6.161520014025206E-002,6.161520014025206E-002,6.161520014025206E-002,0.146287587029976,3.187233799785000E-002,0.111229247483061,0.387513607899952,0.241349402658737 
 12/23  16:00:00,0.859340062464136,2.30926237238803,0.000000000000000E+000,2.03956792151982,0.000000000000000E+000,5.615600440992898E-002,5.615600440992898E-002,5.615600440992898E-002,0.202016219477126,4.401416890280695E-002,0.130987240347980,0.409054415636696,0.241519717910738 
 12/23  17:00:00,1.19370575257677,2.63370250321298,0.000000000000000E+000,2.35824517758750,0.000000000000000E+000,6.493023605392589E-002,6.493023605392589E-002,6.493023605392589E-002,0.362235901924209,7.892197373327849E-002,0.186665945704317,0.483839681471435,0.242131554533464 
 12/23  18:00:00,1.76624962359415,4.30639974876135,0.000000000000000E+000,4.02320282643935,0.000000000000000E+000,0.110771989145237,0.110771989145237,0.110771989145237,0.633912849265593,0.138113458586428,0.278551425895993,0.587787887011303,0.242711436481668 
 12/23  19:00:00,2.02796240298533,3.71667780284506,0.000000000000000E+000,3.43173972239441,0.000000000000000E+000,9.448706706511874E-002,9.448706706511874E-002,9.448706706511874E-002,0.835928985149814,0.182127627489235,0.230146448180496,0.638160237411070,0.240983062277475 
 12/23  20:00:00,1.86895018407613,3.89842234783016,0.000000000000000E+000,3.61160120037682,0.000000000000000E+000,9.943924435923407E-002,9.943924435923407E-002,9.943924435923407E-002,0.780200436295569,0.169985796584278,0.143505839125948,0.658706854021501,0.241450925302293 
 12/23  21:00:00,1.77193832978800,4.04437227991015,0.000000000000000E+000,3.75539628284418,0.000000000000000E+000,0.103398395314671,0.103398395314671,0.103398395314671,0.710539708431312,0.154808498846700,0.104727394940463,0.681352318565255,0.242046007089831 
 12/23  22:00:00,1.61125191884903,4.32833361454904,0.000000000000000E+000,4.04093690923958,0.000000000000000E+000,0.111260266697275,0.111260266697275,0.111260266697275,0.599082443537010,0.130524800611257,8.782713376961081E-002,0.665445260544277,0.241562357122646 
 12/23  23:00:00,1.32737629128209,4.62529386731466,0.000000000000000E+000,4.34486272756123,0.000000000000000E+000,0.119628342804907,0.119628342804907,0.119628342804907,0.445828808798481,9.713473830347846E-002,7.181479419005439E-002,0.575857593495570,0.240767385255088 
 12/23  24:00:00,1.09116973963927,5.01928182975356,0.000000000000000E+000,4.74444052132135,0.000000000000000E+000,0.130630031991989,0.130630031991989,0.130630031991989,0.313473400778520,6.829786713824999E-002,6.124689246428477E-002,0.500409533576620,0.240374243809638 
 12/24  01:00:00,0.819433088696822,5.31345216937342,0.000000000000000E+000,5.04487785180283,0.000000000000000E+000,0.138902058570468,0.138902058570468,0.138902058570468,0.160219766039990,3.490778661770695E-002,5.437655819150814E-002,0.413914905587548,0.240064805177482 
 12/24  02:00:00,0.730708635436741,6.08804474387068,0.000000000000000E+000,5.82154854927636,0.000000000000000E+000,0.160286354063743,0.160286354063743,0.160286354063743,9.752508588428629E-002,2.124823140282152E-002,5.343035197700961E-002,0.381106598419282,0.240246443391717 
 12/24  03:00:00,0.685777691025275,6.38360187337997,0.000000000000000E+000,6.11809801626091,0.000000000000000E+000,0.168451334989379,0.168451334989379,0.168451334989379,6.269468015570399E-002,1.365957342765000E-002,4.717211757171164E-002,0.376687971191233,0.239558450857900 
 12/24  04:00:00,0.703424539152628,7.26178569606888,0.000000000000000E+000,6.99676076758875,0.000000000000000E+000,0.192643806746650,0.192643806746650,0.192643806746650,6.269468015570399E-002,1.365957342765000E-002,4.592884661545178E-002,0.371385618517571,0.239444736148783 
 12/24  05:00:00,0.708439877394610,7.78143865638678,0.000000000000000E+000,7.51789676332854,0.000000000000000E+000,0.206992392526098,0.206992392526098,0.206992392526098,6.269468015570399E-002,1.365957342765000E-002,5.062474052704279E-002,0.357356477068514,0.238927995916060 
 12/24  06:00:00,0.781835870460185,8.44423618111940,0.000000000000000E+000,8.17817273871904,0.000000000000000E+000,0.225171958989454,0.225171958989454,0.225171958989454,6.966075294212971E-002,1.517730320140785E-002,5.593273430611247E-002,0.398781107331481,0.238596311431838 
 12/24  07:00:00,0.987245437393276,9.43879048031401,0.000000000000000E+000,9.16886547136434,0.000000000000000E+000,0.252448984126159,0.252448984126159,0.252448984126159,0.146287587029976,3.187233799785000E-002,7.877216034481591E-002,0.460752354204875,0.238189440176907 
 12/24  08:00:00,1.24094339143821,9.23840607360078,0.000000000000000E+000,8.96722392355315,0.000000000000000E+000,0.246897129966935,0.246897129966935,0.246897129966935,0.299541221768505,6.526240030562848E-002,0.107546716839640,0.489583896867899,0.237460730531704 
 12/24  09:00:00,1.15243885329360,9.39309580335630,0.000000000000000E+000,9.12721353590090,0.000000000000000E+000,0.251302169525435,0.251302169525435,0.251302169525435,0.292575174059952,6.374467599570000E-002,0.113789914435366,0.413914905587548,0.237372755062297 
 12/24  10:00:00,0.935475877161145,9.46302198121283,0.000000000000000E+000,9.20127640188851,0.000000000000000E+000,0.253341363506244,0.253341363506244,0.253341363506244,0.160219766039990,3.490778661770695E-002,0.117619891551346,0.352275055756258,0.237481678864857 
 12/24  11:00:00,0.907085293995135,9.72957537963066,0.000000000000000E+000,9.46760637393473,0.000000000000000E+000,0.260674302471855,0.260674302471855,0.260674302471855,0.132355408019962,2.883687116522848E-002,0.107546716839640,0.360559981808849,0.237134458471195 
 12/24  12:00:00,0.875316395036781,8.18511609391558,0.000000000000000E+000,7.92364279140099,0.000000000000000E+000,0.218163913465086,0.218163913465086,0.218163913465086,0.132355408019962,2.883687116522848E-002,0.118177741207352,0.360670447489552,0.236631146666329 
 12/24  13:00:00,0.859437847278564,7.36421667836280,0.000000000000000E+000,7.10236648377803,0.000000000000000E+000,0.195551479004811,0.195551479004811,0.195551479004811,0.132355408019962,2.883687116522848E-002,0.130987240347980,0.354594835050983,0.237426513031034 
 12/24  14:00:00,0.837787702055514,6.71327920023351,0.000000000000000E+000,6.45014569107276,0.000000000000000E+000,0.177593698180277,0.177593698180277,0.177593698180277,0.132355408019962,2.883687116522848E-002,0.115033185391626,0.366856525608822,0.237865270394396 
 12/24  15:00:00,0.874207078210722,6.80946772942727,0.000000000000000E+000,6.54452549176979,0.000000000000000E+000,0.180192284110282,0.180192284110282,0.180192284110282,0.146287587029976,3.187233799785000E-002,0.111229247483061,0.387513607899952,0.238251186289712 
 12/24  16:00:00,0.993552789561426,7.18105442478000,0.000000000000000E+000,6.91413077056266,0.000000000000000E+000,0.190368731507218,0.190368731507218,0.190368731507218,0.202016219477126,4.401416890280695E-002,0.130987240347980,0.409054415636696,0.238748921259863 
 12/24  17:00:00,1.32214722006569,7.29516695556948,0.000000000000000E+000,7.02319774385320,0.000000000000000E+000,0.193371703542843,0.193371703542843,0.193371703542843,0.362235901924209,7.892197373327849E-002,0.186665945704317,0.483839681471435,0.238643440624267 
 12/24  18:00:00,1.88772365006963,8.71430993304773,0.000000000000000E+000,8.43510018809386,0.000000000000000E+000,0.232246015620710,0.232246015620710,0.232246015620710,0.633912849265593,0.138113458586428,0.278551425895993,0.587787887011303,0.238724259113529 
 12/24  19:00:00,2.14336625357727,7.90488955618931,0.000000000000000E+000,7.62317025881561,0.000000000000000E+000,0.209890917657055,0.209890917657055,0.209890917657055,0.835928985149814,0.182127627489235,0.230146448180496,0.638160237411070,0.237764279200528 
 12/24  20:00:00,1.98219749062842,8.00849561192120,0.000000000000000E+000,7.72470675461976,0.000000000000000E+000,0.212686550911523,0.212686550911523,0.212686550911523,0.780200436295569,0.169985796584278,0.143505839125948,0.658706854021501,0.238418635150367 
 12/24  21:00:00,1.89470288710722,8.49964918907763,0.000000000000000E+000,8.21416530743646,0.000000000000000E+000,0.226162952633890,0.226162952633890,0.226162952633890,0.710539708431312,0.154808498846700,0.104727394940463,0.681352318565255,0.238553891664996 
 12/24  22:00:00,1.74344797570266,9.12652032297756,0.000000000000000E+000,8.84225494714472,0.000000000000000E+000,0.243456323550904,0.243456323550904,0.243456323550904,0.599082443537010,0.130524800611257,8.782713376961081E-002,0.665445260544277,0.238431027646029 
 12/24  23:00:00,1.46507495049147,9.62382950706117,0.000000000000000E+000,9.34603350370163,0.000000000000000E+000,0.257327002014290,0.257327002014290,0.257327002014290,0.445828808798481,9.713473830347846E-002,7.181479419005439E-002,0.575857593495570,0.238132248861228 
 12/24  24:00:00,1.23149003175521,10.1130677105727,0.000000000000000E+000,9.84082815689506,0.000000000000000E+000,0.270950324107939,0.270950324107939,0.270950324107939,0.313473400778520,6.829786713824999E-002,6.124689246428477E-002,0.500409533576620,0.237772489055103 
 12/25  01:00:00,0.958288480308590,10.3540163215891,0.000000000000000E+000,10.0880607747559,0.000000000000000E+000,0.277757450182234,0.277757450182234,0.277757450182234,0.160219766039990,3.490778661770695E-002,5.437655819150814E-002,0.413914905587548,0.237446034440053 
 12/25  02:00:00,0.855611580729147,10.6210910612005,0.000000000000000E+000,10.3579831335840,0.000000000000000E+000,0.285189299356149,0.285189299356149,0.285189299356149,9.752508588428629E-002,2.124823140282152E-002,5.343035197700961E-002,0.381106598419282,0.236858176413898 
 12/25  03:00:00,0.806904182744610,10.7797233916304,0.000000000000000E+000,10.5173730279516,0.000000000000000E+000,0.289577826708712,0.289577826708712,0.289577826708712,6.269468015570399E-002,1.365957342765000E-002,4.717211757171164E-002,0.376687971191233,0.236404957417672 
 12/25  04:00:00,0.801978628371487,10.8381445232021,0.000000000000000E+000,10.5762134194916,0.000000000000000E+000,0.291197895965511,0.291197895965511,0.291197895965511,6.269468015570399E-002,1.365957342765000E-002,4.592884661545178E-002,0.371385618517571,0.236350911379158 
 12/25  05:00:00,0.791722196001944,10.8035084543284,0.000000000000000E+000,10.5426836449123,0.000000000000000E+000,0.290274711133433,0.290274711133433,0.290274711133433,6.269468015570399E-002,1.365957342765000E-002,5.062474052704279E-002,0.357356477068514,0.236210912273924 
 12/25  06:00:00,0.854316166577417,11.0742481672036,0.000000000000000E+000,10.8106336564126,0.000000000000000E+000,0.297652255106686,0.297652255106686,0.297652255106686,6.966075294212971E-002,1.517730320140785E-002,5.593273430611247E-002,0.398781107331481,0.236147379822495 
 12/25  07:00:00,1.02385769069681,10.7665739811202,0.000000000000000E+000,10.4986106723824,0.000000000000000E+000,0.289061237429697,0.289061237429697,0.289061237429697,0.146287587029976,3.187233799785000E-002,7.877216034481591E-002,0.460752354204875,0.236227739964927 
 12/25  08:00:00,1.28428254165061,10.8111675566667,0.000000000000000E+000,10.5412878450864,0.000000000000000E+000,0.290236280179330,0.290236280179330,0.290236280179330,0.299541221768505,6.526240030562848E-002,0.107546716839640,0.489583896867899,0.236158292064324 
 12/25  09:00:00,1.18041268277467,10.4081582323227,0.000000000000000E+000,10.1432139770143,0.000000000000000E+000,0.279275999006504,0.279275999006504,0.279275999006504,0.292575174059952,6.374467599570000E-002,0.113789914435366,0.413914905587548,0.236434742915303 
 12/25  10:00:00,0.933999557184620,9.40824247620587,0.000000000000000E+000,9.14765693772511,0.000000000000000E+000,0.251865043529719,0.251865043529719,0.251865043529719,0.160219766039990,3.490778661770695E-002,0.117619891551346,0.352275055756258,0.236321638021311 
 12/25  11:00:00,0.909154537975407,9.80432337606870,0.000000000000000E+000,9.54276064618585,0.000000000000000E+000,0.262743546452126,0.262743546452126,0.262743546452126,0.132355408019962,2.883687116522848E-002,0.107546716839640,0.360559981808849,0.236728182658117 
 12/25  12:00:00,0.876496697298064,8.22755946512386,0.000000000000000E+000,7.96651098786733,0.000000000000000E+000,0.219344215726369,0.219344215726369,0.219344215726369,0.132355408019962,2.883687116522848E-002,0.118177741207352,0.360670447489552,0.236206321408243 
 12/25  13:00:00,0.848923999245237,6.98201102334160,0.000000000000000E+000,6.72050692297354,0.000000000000000E+000,0.185037630971483,0.185037630971483,0.185037630971483,0.132355408019962,2.883687116522848E-002,0.130987240347980,0.354594835050983,0.237080418814324 
 12/25  14:00:00,0.826342367975682,6.29788613088451,0.000000000000000E+000,6.03445485826530,0.000000000000000E+000,0.166148364100445,0.166148364100445,0.166148364100445,0.132355408019962,2.883687116522848E-002,0.115033185391626,0.366856525608822,0.238163033852852 
 12/25  15:00:00,0.847893152276490,5.85400128724878,0.000000000000000E+000,5.58881221072983,0.000000000000000E+000,0.153878358176050,0.153878358176050,0.153878358176050,0.146287587029976,3.187233799785000E-002,0.111229247483061,0.387513607899952,0.238498025151197 
 12/25  16:00:00,0.951037374678360,5.63698759572139,0.000000000000000E+000,5.36998464982701,0.000000000000000E+000,0.147853316624153,0.147853316624153,0.147853316624153,0.202016219477126,4.401416890280695E-002,0.130987240347980,0.409054415636696,0.238828212936913 
 12/25  17:00:00,1.28216913595824,5.84407286098183,0.000000000000000E+000,5.57120665641479,0.000000000000000E+000,0.153393619435397,0.153393619435397,0.153393619435397,0.362235901924209,7.892197373327849E-002,0.186665945704317,0.483839681471435,0.239540433475027 
 12/25  18:00:00,1.87017096020808,8.07824113541243,0.000000000000000E+000,7.79759216817366,0.000000000000000E+000,0.214693325759159,0.214693325759159,0.214693325759159,0.633912849265593,0.138113458586428,0.278551425895993,0.587787887011303,0.240163481398456 
 12/25  19:00:00,2.12279890452602,7.15824626628404,0.000000000000000E+000,6.87617079194815,0.000000000000000E+000,0.189323568605808,0.189323568605808,0.189323568605808,0.835928985149814,0.182127627489235,0.230146448180496,0.638160237411070,0.238120456162715 
 12/25  20:00:00,1.97615311844817,7.78961542052599,0.000000000000000E+000,7.50517711154580,0.000000000000000E+000,0.206642178731270,0.206642178731270,0.206642178731270,0.780200436295569,0.169985796584278,0.143505839125948,0.658706854021501,0.239068086829123 
 12/25  21:00:00,1.89515375540474,8.51654700788799,0.000000000000000E+000,8.23054069820948,0.000000000000000E+000,0.226613820931415,0.226613820931415,0.226613820931415,0.710539708431312,0.154808498846700,0.104727394940463,0.681352318565255,0.239076319702376 
 12/25  22:00:00,1.74690737036201,9.25237945322281,0.000000000000000E+000,8.96789904253986,0.000000000000000E+000,0.246915718210256,0.246915718210256,0.246915718210256,0.599082443537010,0.130524800611257,8.782713376961081E-002,0.665445260544277,0.238646062496106 
 12/25  23:00:00,1.46937848657342,9.78007610145062,0.000000000000000E+000,9.50233654260321,0.000000000000000E+000,0.261630538096237,0.261630538096237,0.261630538096237,0.445828808798481,9.713473830347846E-002,7.181479419005439E-002,0.575857593495570,0.238075804349107 
 12/25  24:00:00,1.23030355010203,10.0697498478472,0.000000000000000E+000,9.79773552691312,0.000000000000000E+000,0.269763842454758,0.269763842454758,0.269763842454758,0.313473400778520,6.829786713824999E-002,6.124689246428477E-002,0.500409533576620,0.237547256311482 
 12/26  01:00:00,1.00041977266684,10.8842754855473,0.000000000000000E+000,10.4562892612382,0.000000000000000E+000,0.287895989964402,0.287895989964402,0.287895989964402,0.160219766039990,3.490778661770695E-002,8.636931076758889E-002,0.413914905587548,0.399476711916055 
 12/26  02:00:00,0.891694370978026,11.3289931861098,0.000000000000000E+000,10.9853811751614,0.000000000000000E+000,0.302463628304873,0.302463628304873,0.302463628304873,9.752508588428629E-002,2.124823140282152E-002,7.223881327716383E-002,0.381106598419282,0.317362259745849 
 12/26  03:00:00,0.834976034349696,11.4015576238233,0.000000000000000E+000,11.0813691686897,0.000000000000000E+000,0.305106493066080,0.305106493066080,0.305106493066080,6.269468015570399E-002,1.365957342765000E-002,5.971530281942931E-002,0.376687971191233,0.294243048872542 
 12/26  04:00:00,0.832712725570950,11.7757672862658,0.000000000000000E+000,11.4497697552761,0.000000000000000E+000,0.315249771329424,0.315249771329424,0.315249771329424,6.269468015570399E-002,1.365957342765000E-002,5.261106845099969E-002,0.371385618517571,0.300417338658390 
 12/26  05:00:00,0.832013429878739,11.9423026733071,0.000000000000000E+000,11.5510709627458,0.000000000000000E+000,0.318038926323176,0.318038926323176,0.318038926323176,6.269468015570399E-002,1.365957342765000E-002,6.315175921409334E-002,0.357356477068514,0.366617813419163 
 12/26  06:00:00,0.896564280576609,12.2989476893551,0.000000000000000E+000,11.6169050374062,0.000000000000000E+000,0.319851554648981,0.319851554648981,0.319851554648981,6.966075294212971E-002,1.517730320140785E-002,7.598154876300982E-002,0.398781107331481,0.654575520980426 
 12/26  07:00:00,1.11498642297402,13.1812470318874,0.000000000000000E+000,11.9565826664479,0.000000000000000E+000,0.329203995542544,0.329203995542544,0.329203995542544,0.146287587029976,3.187233799785000E-002,0.129758134509170,0.460752354204875,1.19292879666674 
 12/26  08:00:00,1.39741993427498,12.4000789981567,0.000000000000000E+000,11.0235410381552,0.000000000000000E+000,0.303514294679819,0.303514294679819,0.303514294679819,0.299541221768505,6.526240030562848E-002,0.207406094963531,0.489583896867899,1.34281654048557 
 12/26  09:00:00,1.33461176924853,11.4517281831560,0.000000000000000E+000,10.1177225295950,0.000000000000000E+000,0.278574135725272,0.278574135725272,0.278574135725272,0.292575174059952,6.374467599570000E-002,0.268690864190452,0.413914905587548,1.30549614116791 
 12/26  10:00:00,1.15098997100904,10.5267246825333,0.000000000000000E+000,9.31387559659043,0.000000000000000E+000,0.256441589199891,0.256441589199891,0.256441589199891,0.160219766039990,3.490778661770695E-002,0.330033759705594,0.352275055756258,1.18858518548341 
 12/26  11:00:00,1.14778728653382,10.6638176694984,0.000000000000000E+000,9.59006955295134,0.000000000000000E+000,0.264046116054698,0.264046116054698,0.264046116054698,0.132355408019962,2.883687116522848E-002,0.344876895795482,0.360559981808849,1.04891356932236 
 12/26  12:00:00,1.13825170065965,9.59747800866496,0.000000000000000E+000,8.64978325091484,0.000000000000000E+000,0.238156945526653,0.238156945526653,0.238156945526653,0.132355408019962,2.883687116522848E-002,0.361120014768658,0.360670447489552,0.922852601901830 
 12/26  13:00:00,1.10477820530613,8.84121376275238,0.000000000000000E+000,7.99152094519472,0.000000000000000E+000,0.220032822003782,0.220032822003782,0.220032822003782,0.132355408019962,2.883687116522848E-002,0.351846255376571,0.354594835050983,0.825269136003922 
 12/26  14:00:00,1.08074102986049,8.70009495562148,0.000000000000000E+000,7.90796215427441,0.000000000000000E+000,0.217732174017559,0.217732174017559,0.217732174017559,0.132355408019962,2.883687116522848E-002,0.317848037359318,0.366856525608822,0.766864562580720 
 12/26  15:00:00,1.07767134724225,8.08119518659398,0.000000000000000E+000,7.34541472659961,0.000000000000000E+000,0.202243395489526,0.202243395489526,0.202243395489526,0.146287587029976,3.187233799785000E-002,0.292642405135342,0.387513607899952,0.709089408626612 
 12/26  16:00:00,1.17559947260714,8.02804057765982,0.000000000000000E+000,7.28350425222782,0.000000000000000E+000,0.200538796767827,0.200538796767827,0.200538796767827,0.202016219477126,4.401416890280695E-002,0.302863858133087,0.409054415636696,0.716361592474538 
 12/26  17:00:00,1.49706575059628,8.12878594947872,0.000000000000000E+000,7.30879569966310,0.000000000000000E+000,0.201235153392543,0.201235153392543,0.201235153392543,0.362235901924209,7.892197373327849E-002,0.353721026385214,0.483839681471435,0.786664478723607 
 12/26  18:00:00,2.05855558358650,9.56716403189285,0.000000000000000E+000,8.59174934767023,0.000000000000000E+000,0.236559081541764,0.236559081541764,0.236559081541764,0.633912849265593,0.138113458586428,0.445070293491817,0.587787887011303,0.934929198382324 
 12/26  19:00:00,2.30918668045177,8.65275295875941,0.000000000000000E+000,7.53901219091915,0.000000000000000E+000,0.207573769607186,0.207573769607186,0.207573769607186,0.835928985149814,0.182127627489235,0.398284023104866,0.638160237411070,1.06978574966709 
 12/26  20:00:00,2.15081679262745,8.74509868422318,0.000000000000000E+000,7.60772079702113,0.000000000000000E+000,0.209465543225781,0.209465543225781,0.209465543225781,0.780200436295569,0.169985796584278,0.315346148810717,0.658706854021501,1.09200766505100 
 12/26  21:00:00,2.06847965599793,9.36848093408575,0.000000000000000E+000,8.30965028821711,0.000000000000000E+000,0.228791967801868,0.228791967801868,0.228791967801868,0.710539708431312,0.154808498846700,0.275875148663200,0.681352318565255,1.01190065589251 
 12/26  22:00:00,1.90618384818010,9.51868031552602,0.000000000000000E+000,8.55970662378968,0.000000000000000E+000,0.235676840100057,0.235676840100057,0.235676840100057,0.599082443537010,0.130524800611257,0.258342489697899,0.665445260544277,0.913139343549515 
 12/26  23:00:00,1.59090323888506,9.84063232977281,0.000000000000000E+000,9.04683424958555,0.000000000000000E+000,0.249089063744958,0.249089063744958,0.249089063744958,0.445828808798481,9.713473830347846E-002,0.205881020852975,0.575857593495570,0.754134325688936 
 12/26  24:00:00,1.29518336425073,10.0586151736672,0.000000000000000E+000,9.44201393543299,0.000000000000000E+000,0.259969658574390,0.259969658574390,0.259969658574390,0.313473400778520,6.829786713824999E-002,0.135920890493347,0.500409533576620,0.582134173611641 
 12/27  01:00:00,0.985391560762124,10.3394282438509,0.000000000000000E+000,9.91046946439320,0.000000000000000E+000,0.272867778059688,0.272867778059688,0.272867778059688,0.160219766039990,3.490778661770695E-002,8.636931076758889E-002,0.413914905587548,0.400449267064555 
 12/27  02:00:00,0.872008215260181,10.6140874251859,0.000000000000000E+000,10.2703863652197,0.000000000000000E+000,0.282777472587028,0.282777472587028,0.282777472587028,9.752508588428629E-002,2.124823140282152E-002,7.223881327716383E-002,0.381106598419282,0.317451308763572 
 12/27  03:00:00,0.818536644584208,10.8045687004042,0.000000000000000E+000,10.4842958482609,0.000000000000000E+000,0.288667103300592,0.288667103300592,0.288667103300592,6.269468015570399E-002,1.365957342765000E-002,5.971530281942931E-002,0.376687971191233,0.294327445882199 
 12/27  04:00:00,0.816270535147956,11.1790167643821,0.000000000000000E+000,10.8525947158723,0.000000000000000E+000,0.298807580906432,0.298807580906432,0.298807580906432,6.269468015570399E-002,1.365957342765000E-002,5.261106845099969E-002,0.371385618517571,0.300841856178448 
 12/27  05:00:00,0.819218295224303,11.4780361985091,0.000000000000000E+000,11.0863558095413,0.000000000000000E+000,0.305243791668741,0.305243791668741,0.305243791668741,6.269468015570399E-002,1.365957342765000E-002,6.315175921409334E-002,0.357356477068514,0.367066491825631 
 12/27  06:00:00,0.884407888186086,11.8585037315384,0.000000000000000E+000,11.1753887966828,0.000000000000000E+000,0.307695162258458,0.307695162258458,0.307695162258458,6.966075294212971E-002,1.517730320140785E-002,7.598154876300982E-002,0.398781107331481,0.655647803887085 
 12/27  07:00:00,1.09486440159039,12.4527369473686,0.000000000000000E+000,11.2257573564669,0.000000000000000E+000,0.309081974158918,0.309081974158918,0.309081974158918,0.146287587029976,3.187233799785000E-002,0.129758134509170,0.460752354204875,1.19524402212889 
 12/27  08:00:00,1.39911665878537,12.4645103463099,0.000000000000000E+000,11.0851655237182,0.000000000000000E+000,0.305211019190203,0.305211019190203,0.305211019190203,0.299541221768505,6.526240030562848E-002,0.207406094963531,0.489583896867899,1.34562340307577 
 12/27  09:00:00,1.33075104758541,11.3141059908016,0.000000000000000E+000,9.97750236719665,0.000000000000000E+000,0.274713414062159,0.274713414062159,0.274713414062159,0.292575174059952,6.374467599570000E-002,0.268690864190452,0.413914905587548,1.30809411121180 
 12/27  10:00:00,1.12707457046037,9.66038330974477,0.000000000000000E+000,8.44527598196521,0.000000000000000E+000,0.232526188651225,0.232526188651225,0.232526188651225,0.160219766039990,3.490778661770695E-002,0.330033759705594,0.352275055756258,1.19084342732008 
 12/27  11:00:00,1.11488072795971,9.47119824497231,0.000000000000000E+000,8.39491398622970,0.000000000000000E+000,0.231139557480585,0.231139557480585,0.231139557480585,0.132355408019962,2.883687116522848E-002,0.344876895795482,0.360559981808849,1.05144971151789 
 12/27  12:00:00,1.06848340537731,7.06578866485860,0.000000000000000E+000,6.11582132658990,0.000000000000000E+000,0.168388650244312,0.168388650244312,0.168388650244312,0.132355408019962,2.883687116522848E-002,0.361120014768658,0.360670447489552,0.925125182420451 
 12/27  13:00:00,1.02874818429128,6.08295346078649,0.000000000000000E+000,5.23013516706142,0.000000000000000E+000,0.144002800988931,0.144002800988931,0.144002800988931,0.132355408019962,2.883687116522848E-002,0.351846255376571,0.354594835050983,0.828394612171321 
 12/27  14:00:00,0.995362990424416,5.60246603924936,0.000000000000000E+000,4.80705936986481,0.000000000000000E+000,0.132354134581487,0.132354134581487,0.132354134581487,0.132355408019962,2.883687116522848E-002,0.317848037359318,0.366856525608822,0.770138430618199 
 12/27  15:00:00,1.00820424217740,5.56161801206877,0.000000000000000E+000,4.82239193358071,0.000000000000000E+000,0.132776290424674,0.132776290424674,0.132776290424674,0.146287587029976,3.187233799785000E-002,0.292642405135342,0.387513607899952,0.712535027120282 
 12/27  16:00:00,1.09978929467668,5.27814666975576,0.000000000000000E+000,4.53010310383069,0.000000000000000E+000,0.124728618837359,0.124728618837359,0.124728618837359,0.202016219477126,4.401416890280695E-002,0.302863858133087,0.409054415636696,0.719868832967603 
 12/27  17:00:00,1.43167154772524,5.75731412430734,0.000000000000000E+000,4.93369939730680,0.000000000000000E+000,0.135840950521506,0.135840950521506,0.135840950521506,0.362235901924209,7.892197373327849E-002,0.353721026385214,0.483839681471435,0.790288955908506 
 12/27  18:00:00,2.01006196090976,7.80985562167694,0.000000000000000E+000,6.83047665298606,0.000000000000000E+000,0.188065458865021,0.188065458865021,0.188065458865021,0.633912849265593,0.138113458586428,0.445070293491817,0.587787887011303,0.938893482850546 
 12/27  19:00:00,2.26595519495539,7.08597364497535,0.000000000000000E+000,5.96885861705707,0.000000000000000E+000,0.164342284110808,0.164342284110808,0.164342284110808,0.835928985149814,0.182127627489235,0.398284023104866,0.638160237411070,1.07316000974507 
 12/27  20:00:00,2.11011115342160,7.26987314073603,0.000000000000000E+000,6.12930514367164,0.000000000000000E+000,0.168759904019935,0.168759904019935,0.168759904019935,0.780200436295569,0.169985796584278,0.315346148810717,0.658706854021501,1.09519777491332 
 12/27  21:00:00,2.01866021908360,7.56161743593144,0.000000000000000E+000,6.50022444913982,0.000000000000000E+000,0.178972530887531,0.178972530887531,0.178972530887531,0.710539708431312,0.154808498846700,0.275875148663200,0.681352318565255,1.01446299681546 
 12/27  22:00:00,1.85750030896408,7.75303191575274,0.000000000000000E+000,6.79153622181058,0.000000000000000E+000,0.186993300884038,0.186993300884038,0.186993300884038,0.599082443537010,0.130524800611257,0.258342489697899,0.665445260544277,0.915661345755313 
 12/27  23:00:00,1.54093282815652,8.02783124740728,0.000000000000000E+000,7.23192509039525,0.000000000000000E+000,0.199118653016413,0.199118653016413,0.199118653016413,0.445828808798481,9.713473830347846E-002,0.205881020852975,0.575857593495570,0.756242402513699 
 12/27  24:00:00,1.25252536388361,8.51090144686315,0.000000000000000E+000,7.89268915602308,0.000000000000000E+000,0.217311658207272,0.217311658207272,0.217311658207272,0.313473400778520,6.829786713824999E-002,0.135920890493347,0.500409533576620,0.583745226217496 
 12/28  01:00:00,0.954456410010287,9.21728423839649,0.000000000000000E+000,8.78691479230060,0.000000000000000E+000,0.241932627307851,0.241932627307851,0.241932627307851,0.160219766039990,3.490778661770695E-002,8.636931076758889E-002,0.413914905587548,0.401859933702779 
 12/28  02:00:00,0.841978031102030,9.52465339861532,0.000000000000000E+000,9.17969978717909,0.000000000000000E+000,0.252747288428876,0.252747288428876,0.252747288428876,9.752508588428629E-002,2.124823140282152E-002,7.223881327716383E-002,0.381106598419282,0.318703860233601 
 12/28  03:00:00,0.788697667709793,9.72188817105029,0.000000000000000E+000,9.40055385693665,0.000000000000000E+000,0.258828126426178,0.258828126426178,0.258828126426178,6.269468015570399E-002,1.365957342765000E-002,5.971530281942931E-002,0.376687971191233,0.295388907852482 
 12/28  04:00:00,0.785530798039122,10.0633714503555,0.000000000000000E+000,9.73613740410444,0.000000000000000E+000,0.268067843797596,0.268067843797596,0.268067843797596,6.269468015570399E-002,1.365957342765000E-002,5.261106845099969E-002,0.371385618517571,0.301653853919665 
 12/28  05:00:00,0.795960404257139,10.6342620994429,0.000000000000000E+000,10.2416367303034,0.000000000000000E+000,0.281985900701576,0.281985900701576,0.281985900701576,6.269468015570399E-002,1.365957342765000E-002,6.315175921409334E-002,0.357356477068514,0.368011471997300 
 12/28  06:00:00,0.863714082236493,11.1085703053802,0.000000000000000E+000,10.4237964561586,0.000000000000000E+000,0.287001356308865,0.287001356308865,0.287001356308865,6.966075294212971E-002,1.517730320140785E-002,7.598154876300982E-002,0.398781107331481,0.657306718253048 
 12/28  07:00:00,1.08777269769163,12.1980406688461,0.000000000000000E+000,10.9681889640426,0.000000000000000E+000,0.301990270260153,0.301990270260153,0.301990270260153,0.146287587029976,3.187233799785000E-002,0.129758134509170,0.460752354204875,1.19811613603073 
 12/28  08:00:00,1.37718680529687,11.6711932685038,0.000000000000000E+000,10.2886803362700,0.000000000000000E+000,0.283281165701701,0.283281165701701,0.283281165701701,0.299541221768505,6.526240030562848E-002,0.207406094963531,0.489583896867899,1.34879151271784 
 12/28  09:00:00,1.31907510677716,10.8930601444138,0.000000000000000E+000,9.55343597258214,0.000000000000000E+000,0.263037473253907,0.263037473253907,0.263037473253907,0.292575174059952,6.374467599570000E-002,0.268690864190452,0.413914905587548,1.31111465943853 
 12/28  10:00:00,1.12214007870377,9.48370522941511,0.000000000000000E+000,8.26605683698632,0.000000000000000E+000,0.227591696894619,0.227591696894619,0.227591696894619,0.160219766039990,3.490778661770695E-002,0.330033759705594,0.352275055756258,1.19338449196934 
 12/28  11:00:00,1.09753354048580,8.84287560374405,0.000000000000000E+000,7.76486974657724,0.000000000000000E+000,0.213792370006678,0.213792370006678,0.213792370006678,0.132355408019962,2.883687116522848E-002,0.344876895795482,0.360559981808849,1.05317130994208 
 12/28  12:00:00,1.04957506435822,6.38069231198149,0.000000000000000E+000,5.42907649499233,0.000000000000000E+000,0.149480309225224,0.149480309225224,0.149480309225224,0.132355408019962,2.883687116522848E-002,0.361120014768658,0.360670447489552,0.926773661140880 
 12/28  13:00:00,1.00028310887616,5.05049383279242,0.000000000000000E+000,4.19629283247325,0.000000000000000E+000,0.115537725573818,0.115537725573818,0.115537725573818,0.132355408019962,2.883687116522848E-002,0.351846255376571,0.354594835050983,0.829777318765429 
 12/28  14:00:00,0.952219530338859,4.03726377633513,0.000000000000000E+000,3.24010285045987,0.000000000000000E+000,8.921067449593167E-002,8.921067449593167E-002,8.921067449593167E-002,0.132355408019962,2.883687116522848E-002,0.317848037359318,0.366856525608822,0.771892687108903 
 12/28  15:00:00,0.954204893067734,3.60253556302809,0.000000000000000E+000,2.86115303518885,0.000000000000000E+000,7.877694131501152E-002,7.877694131501152E-002,7.877694131501152E-002,0.146287587029976,3.187233799785000E-002,0.292642405135342,0.387513607899952,0.714691476471465 
 12/28  16:00:00,1.04774218656454,3.38999718802839,0.000000000000000E+000,2.63976896719101,0.000000000000000E+000,7.268151072522706E-002,7.268151072522706E-002,7.268151072522706E-002,0.202016219477126,4.401416890280695E-002,0.302863858133087,0.409054415636696,0.722053487879909 
 12/28  17:00:00,1.37402146708687,3.66587749513926,0.000000000000000E+000,2.83986711029545,0.000000000000000E+000,7.819086988313086E-002,7.819086988313086E-002,7.819086988313086E-002,0.362235901924209,7.892197373327849E-002,0.353721026385214,0.483839681471435,0.792684613751800 
 12/28  18:00:00,1.94280548490366,5.37008415902992,0.000000000000000E+000,4.38774319255044,0.000000000000000E+000,0.120808982858923,0.120808982858923,0.120808982858923,0.633912849265593,0.138113458586428,0.445070293491817,0.587787887011303,0.941855480639165 
 12/28  19:00:00,2.20380707132772,4.83233854277319,0.000000000000000E+000,3.71165886316516,0.000000000000000E+000,0.102194160483137,0.102194160483137,0.102194160483137,0.835928985149814,0.182127627489235,0.398284023104866,0.638160237411070,1.07672466143484 
 12/28  20:00:00,2.05454719808274,5.25545259850524,0.000000000000000E+000,4.11124025296760,0.000000000000000E+000,0.113195948681076,0.113195948681076,0.113195948681076,0.780200436295569,0.169985796584278,0.315346148810717,0.658706854021501,1.09884212338658 
 12/28  21:00:00,1.96487550421833,5.61147921538295,0.000000000000000E+000,4.54678099710030,0.000000000000000E+000,0.125187816022270,0.125187816022270,0.125187816022270,0.710539708431312,0.154808498846700,0.275875148663200,0.681352318565255,1.01776822830648 
 12/28  22:00:00,1.80933205461695,6.00664325764676,0.000000000000000E+000,5.04208079964647,0.000000000000000E+000,0.138825046536904,0.138825046536904,0.138825046536904,0.599082443537010,0.130524800611257,0.258342489697899,0.665445260544277,0.918728109813453 
 12/28  23:00:00,1.49137165512601,6.23007905284392,0.000000000000000E+000,5.43187931206620,0.000000000000000E+000,0.149557479985904,0.149557479985904,0.149557479985904,0.445828808798481,9.713473830347846E-002,0.205881020852975,0.575857593495570,0.758535986279406 
 12/28  24:00:00,1.20245092929327,6.69415038008924,0.000000000000000E+000,6.07400188380970,0.000000000000000E+000,0.167237223616933,0.167237223616933,0.167237223616933,0.313473400778520,6.829786713824999E-002,0.135920890493347,0.500409533576620,0.585681431656987 
 12/29  01:00:00,0.897980077436696,7.16737758352909,0.000000000000000E+000,6.73571265545809,0.000000000000000E+000,0.185456294734258,0.185456294734258,0.185456294734258,0.160219766039990,3.490778661770695E-002,8.636931076758889E-002,0.413914905587548,0.403155415677891 
 12/29  02:00:00,0.792337293568128,7.72310397690713,0.000000000000000E+000,7.37676425181490,0.000000000000000E+000,0.203106550894975,0.203106550894975,0.203106550894975,9.752508588428629E-002,2.124823140282152E-002,7.223881327716383E-002,0.381106598419282,0.320089973889635 
 12/29  03:00:00,0.750180890662849,8.32431746176459,0.000000000000000E+000,8.00163696940634,0.000000000000000E+000,0.220311349379234,0.220311349379234,0.220311349379234,6.269468015570399E-002,1.365957342765000E-002,5.971530281942931E-002,0.376687971191233,0.296735086097115 
 12/29  04:00:00,0.750719037751053,8.80024334845016,0.000000000000000E+000,8.47178552719936,0.000000000000000E+000,0.233256083509527,0.233256083509527,0.233256083509527,6.269468015570399E-002,1.365957342765000E-002,5.261106845099969E-002,0.371385618517571,0.302877628919432 
 12/29  05:00:00,0.753309821812700,9.08644001207908,0.000000000000000E+000,8.69258136744656,0.000000000000000E+000,0.239335318257138,0.239335318257138,0.239335318257138,6.269468015570399E-002,1.365957342765000E-002,6.315175921409334E-002,0.357356477068514,0.369244747490370 
 12/29  06:00:00,0.819948748797752,9.52087815341804,0.000000000000000E+000,8.83425369765536,0.000000000000000E+000,0.243236022870123,0.243236022870123,0.243236022870123,6.966075294212971E-002,1.517730320140785E-002,7.598154876300982E-002,0.398781107331481,0.659157324794171 
 12/29  07:00:00,1.05207330381282,10.9045930893061,0.000000000000000E+000,9.67159852214788,0.000000000000000E+000,0.266290876381348,0.266290876381348,0.266290876381348,0.146287587029976,3.187233799785000E-002,0.129758134509170,0.460752354204875,1.20125899838542 
 12/29  08:00:00,1.34293012401296,10.4301826052537,0.000000000000000E+000,9.04448874930529,0.000000000000000E+000,0.249024484417792,0.249024484417792,0.249024484417792,0.299541221768505,6.526240030562848E-002,0.207406094963531,0.489583896867899,1.35197243643250 
 12/29  09:00:00,1.29378184227040,9.97774732532817,0.000000000000000E+000,8.63479278454606,0.000000000000000E+000,0.237744208747146,0.237744208747146,0.237744208747146,0.292575174059952,6.374467599570000E-002,0.268690864190452,0.413914905587548,1.31444502838900 
 12/29  10:00:00,1.09291371720976,8.42491509776594,0.000000000000000E+000,7.20456483818279,0.000000000000000E+000,0.198365335400614,0.198365335400614,0.198365335400614,0.160219766039990,3.490778661770695E-002,0.330033759705594,0.352275055756258,1.19608635912370 
 12/29  11:00:00,1.07034322806345,7.85787567191470,0.000000000000000E+000,6.77732639167794,0.000000000000000E+000,0.186602057584330,0.186602057584330,0.186602057584330,0.132355408019962,2.883687116522848E-002,0.344876895795482,0.360559981808849,1.05571473301204 
 12/29  12:00:00,1.03216313845044,5.75079413847899,0.000000000000000E+000,4.79668097635549,0.000000000000000E+000,0.132068383317444,0.132068383317444,0.132068383317444,0.132355408019962,2.883687116522848E-002,0.361120014768658,0.360670447489552,0.929271006275219 
 12/29  13:00:00,0.981033199438454,4.35346170825964,0.000000000000000E+000,3.49714234636119,0.000000000000000E+000,9.628781613610961E-002,9.628781613610961E-002,9.628781613610961E-002,0.132355408019962,2.883687116522848E-002,0.351846255376571,0.354594835050983,0.831895680344728 
 12/29  14:00:00,0.934439467268231,3.39369961482585,0.000000000000000E+000,2.59433670910954,0.000000000000000E+000,7.143061142530314E-002,7.143061142530314E-002,7.143061142530314E-002,0.132355408019962,2.883687116522848E-002,0.317848037359318,0.366856525608822,0.774094666949985 
 12/29  15:00:00,0.937988064905496,3.01538466908594,0.000000000000000E+000,2.27216308022245,0.000000000000000E+000,6.256011315277465E-002,6.256011315277465E-002,6.256011315277465E-002,0.146287587029976,3.187233799785000E-002,0.292642405135342,0.387513607899952,0.716530537495752 
 12/29  16:00:00,1.03768491217285,3.02707536055132,0.000000000000000E+000,2.27449201341256,0.000000000000000E+000,6.262423633352981E-002,6.262423633352981E-002,6.262423633352981E-002,0.202016219477126,4.401416890280695E-002,0.302863858133087,0.409054415636696,0.724408614181283 
 12/29  17:00:00,1.37026855551698,3.53203862838328,0.000000000000000E+000,2.70356257562153,0.000000000000000E+000,7.443795831324374E-002,7.443795831324374E-002,7.443795831324374E-002,0.362235901924209,7.892197373327849E-002,0.353721026385214,0.483839681471435,0.795150281669736 
 12/29  18:00:00,1.95309567902144,5.74672620799637,0.000000000000000E+000,4.76147971546289,0.000000000000000E+000,0.131099176976697,0.131099176976697,0.131099176976697,0.633912849265593,0.138113458586428,0.445070293491817,0.587787887011303,0.944761006693159 
 12/29  19:00:00,2.22046569511168,5.44023456742637,0.000000000000000E+000,4.31669469225330,0.000000000000000E+000,0.118852784267100,0.118852784267100,0.118852784267100,0.835928985149814,0.182127627489235,0.398284023104866,0.638160237411070,1.07958485699989 
 12/29  20:00:00,2.06945201588086,5.79896605606024,0.000000000000000E+000,4.65257841576181,0.000000000000000E+000,0.128100766479192,0.128100766479192,0.128100766479192,0.780200436295569,0.169985796584278,0.315346148810717,0.658706854021501,1.10101741814735 
 12/29  21:00:00,1.99309536137009,6.63895725657814,0.000000000000000E+000,5.57171708365727,0.000000000000000E+000,0.153407673174023,0.153407673174023,0.153407673174023,0.710539708431312,0.154808498846700,0.275875148663200,0.681352318565255,1.02031018294471 
 12/29  22:00:00,1.84195569433749,7.19311357789670,0.000000000000000E+000,6.22696084509150,0.000000000000000E+000,0.171448686257451,0.171448686257451,0.171448686257451,0.599082443537010,0.130524800611257,0.258342489697899,0.665445260544277,0.920318384618382 
 12/29  23:00:00,1.54463886032652,8.16626333811117,0.000000000000000E+000,7.36652698042448,0.000000000000000E+000,0.202824685186420,0.202824685186420,0.202824685186420,0.445828808798481,9.713473830347846E-002,0.205881020852975,0.575857593495570,0.760072603188349 
 12/29  24:00:00,1.25029403714500,8.43159553315306,0.000000000000000E+000,7.81164809040036,0.000000000000000E+000,0.215080331468663,0.215080331468663,0.215080331468663,0.313473400778520,6.829786713824999E-002,0.135920890493347,0.500409533576620,0.585480378130156 
 12/30  01:00:00,0.954678542464684,9.00399786428775,0.000000000000000E+000,8.55622833653403,0.000000000000000E+000,0.235581071426502,0.235581071426502,0.235581071426502,0.160219766039990,3.490778661770695E-002,9.294299910333617E-002,0.413914905587548,0.419260015360633 
 12/30  02:00:00,0.848368235535004,9.62289953402302,0.000000000000000E+000,9.26843519305594,0.000000000000000E+000,0.255190465628889,0.255190465628889,0.255190465628889,9.752508588428629E-002,2.124823140282152E-002,7.618584051012475E-002,0.381106598419282,0.328214589764476 
 12/30  03:00:00,0.800569798142873,10.0652716784236,0.000000000000000E+000,9.73690638410849,0.000000000000000E+000,0.268089016343037,0.268089016343037,0.268089016343037,6.269468015570399E-002,1.365957342765000E-002,6.232654333565033E-002,0.376687971191233,0.302419888053947 
 12/30  04:00:00,0.792644050324838,10.2795623607509,0.000000000000000E+000,9.94489734929410,0.000000000000000E+000,0.273815690819014,0.273815690819014,0.273815690819014,6.269468015570399E-002,1.365957342765000E-002,5.397647371529803E-002,0.371385618517571,0.309084819125407 
 12/30  05:00:00,0.786345795418305,10.2023929420051,0.000000000000000E+000,9.79542166044481,0.000000000000000E+000,0.269700134110344,0.269700134110344,0.269700134110344,6.269468015570399E-002,1.365957342765000E-002,6.582291696649339E-002,0.357356477068514,0.382357384418124 
 12/30  06:00:00,0.845739855623160,10.3484047858163,0.000000000000000E+000,9.62218768816108,0.000000000000000E+000,0.264930433818007,0.264930433818007,0.264930433818007,6.966075294212971E-002,1.517730320140785E-002,8.007824464053613E-002,0.398781107331481,0.698749966686690 
 12/30  07:00:00,1.06743761557481,11.1687713268712,0.000000000000000E+000,9.84370988052974,0.000000000000000E+000,0.271029667425429,0.271029667425429,0.271029667425429,0.146287587029976,3.187233799785000E-002,0.140383655227083,0.460752354204875,1.29332587756873 
 12/30  08:00:00,1.36113013045327,10.4357442797716,0.000000000000000E+000,8.93693266102569,0.000000000000000E+000,0.246063112009442,0.246063112009442,0.246063112009442,0.299541221768505,6.526240030562848E-002,0.228567473812190,0.489583896867899,1.46509019922995 
 12/30  09:00:00,1.33011987355434,10.2382733911994,0.000000000000000E+000,8.77646510854144,0.000000000000000E+000,0.241644913189056,0.241644913189056,0.241644913189056,0.292575174059952,6.374467599570000E-002,0.301128191032485,0.413914905587548,1.43329877026486 
 12/30  10:00:00,1.17623841924411,9.92600760164248,0.000000000000000E+000,8.59537628151666,0.000000000000000E+000,0.236658942944233,0.236658942944233,0.236658942944233,0.160219766039990,3.490778661770695E-002,0.375064854196324,0.352275055756258,1.30636741966637 
 12/30  11:00:00,1.16719572279032,9.62062646615993,0.000000000000000E+000,8.44571521897549,0.000000000000000E+000,0.232538282288915,0.232538282288915,0.232538282288915,0.132355408019962,2.883687116522848E-002,0.395793165817765,0.360559981808849,1.15007669995971 
 12/30  12:00:00,1.13915533435292,7.80842754734390,0.000000000000000E+000,6.77622663643014,0.000000000000000E+000,0.186571777709905,0.186571777709905,0.186571777709905,0.132355408019962,2.883687116522848E-002,0.413608816278677,0.360670447489552,1.00735875506549 
 12/30  13:00:00,1.10958304726903,7.35328878246432,0.000000000000000E+000,6.42956774123397,0.000000000000000E+000,0.177027119627192,0.177027119627192,0.177027119627192,0.132355408019962,2.883687116522848E-002,0.399656799716067,0.354594835050983,0.899297359676615 
 12/30  14:00:00,1.04685929719565,5.95081482015555,0.000000000000000E+000,5.09428406715313,0.000000000000000E+000,0.140262373967574,0.140262373967574,0.140262373967574,0.132355408019962,2.883687116522848E-002,0.361436104744461,0.366856525608822,0.831262514236091 
 12/30  15:00:00,1.03526841462303,5.17923433172709,0.000000000000000E+000,4.38432465876359,0.000000000000000E+000,0.120714859394642,0.120714859394642,0.120714859394642,0.146287587029976,3.187233799785000E-002,0.331768008611008,0.387513607899952,0.768218621595744 
 12/30  16:00:00,1.12603925080861,4.94117316158014,0.000000000000000E+000,4.13752203487542,0.000000000000000E+000,0.113919572466851,0.113919572466851,0.113919572466851,0.202016219477126,4.401416890280695E-002,0.339922860635529,0.409054415636696,0.775476393747246 
 12/30  17:00:00,1.45614127465497,5.40937115316621,0.000000000000000E+000,4.51790371059174,0.000000000000000E+000,0.124392729469176,0.124392729469176,0.124392729469176,0.362235901924209,7.892197373327849E-002,0.389638974367272,0.483839681471435,0.858141671482460 
 12/30  18:00:00,2.02217432471110,7.04723794863738,0.000000000000000E+000,5.98642208842281,0.000000000000000E+000,0.164825864169633,0.164825864169633,0.164825864169633,0.633912849265593,0.138113458586428,0.480422251988538,0.587787887011303,1.02033037437423 
 12/30  19:00:00,2.27397142615443,6.23603858052551,0.000000000000000E+000,5.01386497937358,0.000000000000000E+000,0.138048172322049,0.138048172322049,0.138048172322049,0.835928985149814,0.182127627489235,0.432594366092666,0.638160237411070,1.17821858297875 
 12/30  20:00:00,2.11640920471656,6.37107192748758,0.000000000000000E+000,5.11428893625574,0.000000000000000E+000,0.140813173725549,0.140813173725549,0.140813173725549,0.780200436295569,0.169985796584278,0.349590930400065,0.658706854021501,1.21141276908079 
 12/30  21:00:00,2.02111546000423,6.49575594194160,0.000000000000000E+000,5.32346121326176,0.000000000000000E+000,0.146572373596291,0.146572373596291,0.146572373596291,0.710539708431312,0.154808498846700,0.310730546875078,0.681352318565255,1.12536473870370 
 12/30  22:00:00,1.86180739771863,6.70987210608136,0.000000000000000E+000,5.65473770866083,0.000000000000000E+000,0.155693503684802,0.155693503684802,0.155693503684802,0.599082443537010,0.130524800611257,0.293949375651685,0.665445260544277,1.00930004923370 
 12/30  23:00:00,1.53812119042447,6.97172838956961,0.000000000000000E+000,6.10220618688571,0.000000000000000E+000,0.168013780725527,0.168013780725527,0.168013780725527,0.445828808798481,9.713473830347846E-002,0.234174255411816,0.575857593495570,0.829858448185561 
 12/30  24:00:00,1.22785627591231,7.09708890726506,0.000000000000000E+000,6.43249484730882,0.000000000000000E+000,0.177107712472329,0.177107712472329,0.177107712472329,0.313473400778520,6.829786713824999E-002,0.151455748256992,0.500409533576620,0.630126995333668 
 12/31  01:00:00,0.905712869673841,7.22629119962439,0.000000000000000E+000,6.77781093434819,0.000000000000000E+000,0.186615398635658,0.186615398635658,0.186615398635658,0.160219766039990,3.490778661770695E-002,9.294299910333617E-002,0.413914905587548,0.419970752883106 
 12/31  02:00:00,0.787732574651097,7.42123121975164,0.000000000000000E+000,7.06616759694639,0.000000000000000E+000,0.194554804744982,0.194554804744982,0.194554804744982,9.752508588428629E-002,2.124823140282152E-002,7.618584051012475E-002,0.381106598419282,0.328813871602662 
 12/31  03:00:00,0.730254691148188,7.51228879368928,0.000000000000000E+000,7.18308443520862,0.000000000000000E+000,0.197773909348351,0.197773909348351,0.197773909348351,6.269468015570399E-002,1.365957342765000E-002,6.232654333565033E-002,0.376687971191233,0.303258952219529 
 12/31  04:00:00,0.719114353094820,7.60993465857897,0.000000000000000E+000,7.27432252251931,0.000000000000000E+000,0.200285993588995,0.200285993588995,0.200285993588995,6.269468015570399E-002,1.365957342765000E-002,5.397647371529803E-002,0.371385618517571,0.310031943728307 
 12/31  05:00:00,0.718242005429917,7.73045712519703,0.000000000000000E+000,7.32191403016046,0.000000000000000E+000,0.201596344121955,0.201596344121955,0.201596344121955,6.269468015570399E-002,1.365957342765000E-002,6.582291696649339E-002,0.357356477068514,0.383929197894421 
 12/31  06:00:00,0.780528521650932,7.98232662436013,0.000000000000000E+000,7.25373312507683,0.000000000000000E+000,0.199719099845777,0.199719099845777,0.199719099845777,6.966075294212971E-002,1.517730320140785E-002,8.007824464053613E-002,0.398781107331481,0.701126368314788 
 12/31  07:00:00,0.989913715770189,8.35670148797001,0.000000000000000E+000,7.02806690781367,0.000000000000000E+000,0.193505767620804,0.193505767620804,0.193505767620804,0.146287587029976,3.187233799785000E-002,0.140383655227083,0.460752354204875,1.29689901138354 
 12/31  08:00:00,1.32301659814787,9.05564186609900,0.000000000000000E+000,7.55266149211486,0.000000000000000E+000,0.207949579704047,0.207949579704047,0.207949579704047,0.299541221768505,6.526240030562848E-002,0.228567473812190,0.489583896867899,1.46925895446820 
 12/31  09:00:00,1.28745060357959,8.69243463183442,0.000000000000000E+000,7.22673102062650,0.000000000000000E+000,0.198975643214306,0.198975643214306,0.198975643214306,0.292575174059952,6.374467599570000E-002,0.301128191032485,0.413914905587548,1.43719409881481 
 12/31  10:00:00,1.15044865063818,8.99285266553810,0.000000000000000E+000,7.65870022514853,0.000000000000000E+000,0.210869174338298,0.210869174338298,0.210869174338298,0.160219766039990,3.490778661770695E-002,0.375064854196324,0.352275055756258,1.30988853993012 
 12/31  11:00:00,1.20536361572672,11.0104173808416,0.000000000000000E+000,9.83196074842614,0.000000000000000E+000,0.270706175225310,0.270706175225310,0.270706175225310,0.132355408019962,2.883687116522848E-002,0.395793165817765,0.360559981808849,1.15362208519074 
 12/31  12:00:00,1.20537571943002,10.2152814976979,0.000000000000000E+000,9.18132960935553,0.000000000000000E+000,0.252792162787000,0.252792162787000,0.252792162787000,0.132355408019962,2.883687116522848E-002,0.413608816278677,0.360670447489552,1.00910973249409 
 12/31  13:00:00,1.20003231204020,10.6393272904962,0.000000000000000E+000,9.71465578997891,0.000000000000000E+000,0.267476384398359,0.267476384398359,0.267476384398359,0.132355408019962,2.883687116522848E-002,0.399656799716067,0.354594835050983,0.900247818963598 
 12/31  14:00:00,1.17787843243286,10.7097634132714,0.000000000000000E+000,9.85285669252038,0.000000000000000E+000,0.271281509204789,0.271281509204789,0.271281509204789,0.132355408019962,2.883687116522848E-002,0.361436104744461,0.366856525608822,0.831638481984662 
 12/31  15:00:00,1.19777383902745,11.0802971574285,0.000000000000000E+000,10.2864691252530,0.000000000000000E+000,0.283220283799062,0.283220283799062,0.283220283799062,0.146287587029976,3.187233799785000E-002,0.331768008611008,0.387513607899952,0.767136980807685 
 12/31  16:00:00,1.30518966427590,11.4461142147232,0.000000000000000E+000,10.6442071217920,0.000000000000000E+000,0.293069985934146,0.293069985934146,0.293069985934146,0.202016219477126,4.401416890280695E-002,0.339922860635529,0.409054415636696,0.773732359973709 
 12/31  17:00:00,1.64327307564279,12.2031969223031,0.000000000000000E+000,11.3144702113862,0.000000000000000E+000,0.311524530456997,0.311524530456997,0.311524530456997,0.362235901924209,7.892197373327849E-002,0.389638974367272,0.483839681471435,0.855400939824860 
 12/31  18:00:00,2.19402428266710,13.2857982126949,0.000000000000000E+000,12.2279569918502,0.000000000000000E+000,0.336675822125637,0.336675822125637,0.336675822125637,0.633912849265593,0.138113458586428,0.480422251988538,0.587787887011303,1.01735573500438 
 12/31  19:00:00,2.44145394737632,12.3168030991402,0.000000000000000E+000,11.0967759928758,0.000000000000000E+000,0.305530693543943,0.305530693543943,0.305530693543943,0.835928985149814,0.182127627489235,0.432594366092666,0.638160237411070,1.17607208809127 
 12/31  20:00:00,2.24504615020747,11.0408942739005,0.000000000000000E+000,9.78634120034381,0.000000000000000E+000,0.269450119216457,0.269450119216457,0.269450119216457,0.780200436295569,0.169985796584278,0.349590930400065,0.658706854021501,1.20918285140568 
 12/31  21:00:00,2.18727339116580,12.5292162130622,0.000000000000000E+000,11.3582635440934,0.000000000000000E+000,0.312730304757858,0.312730304757858,0.312730304757858,0.710539708431312,0.154808498846700,0.310730546875078,0.681352318565255,1.12402267899263 
 12/31  22:00:00,2.02797596772957,12.7429447718159,0.000000000000000E+000,11.6899264390614,0.000000000000000E+000,0.321862073695739,0.321862073695739,0.321862073695739,0.599082443537010,0.130524800611257,0.293949375651685,0.665445260544277,1.00718398456766 
 12/31  23:00:00,1.69792113722639,12.7731545232514,0.000000000000000E+000,11.9060885816977,0.000000000000000E+000,0.327813727527447,0.327813727527447,0.327813727527447,0.445828808798481,9.713473830347846E-002,0.234174255411816,0.575857593495570,0.827402187055395 
 12/31  24:00:00,1.38987278121769,12.9786713487720,0.000000000000000E+000,12.3168819302184,0.000000000000000E+000,0.339124217777710,0.339124217777710,0.339124217777710,0.313473400778520,6.829786713824999E-002,0.151455748256992,0.500409533576620,0.627322353931026 
